1647530650420 0.3596320152282715 29946
1647530652047 0.4066312164068222 29947
1647530653797 0.37603917717933655 29948
1647530655410 0.38223422318696976 29949
1647530656894 0.39274393320083617 29950
1647530657872 0.3946354240179062 29951
1647530659164 0.39491515500204905 29952
1647530660187 0.40361228212714195 29953
1647530661252 0.40552206503020394 29954
1647530662193 0.4148967772722244 29955
1647530663287 0.4126111702485518 29956
1647530664375 0.4093845834334691 29957
1647530665360 0.4086019740654872 29958
1647530666494 0.4037426837853023 29959
1647530668013 0.39323212603727975 29960
1647530669059 0.3940365919843316 29961
1647530670216 0.3915946562500561 29962
1647530671717 0.38521385937929153 29963
1647530672698 0.384735192907484 29964
1647530673909 0.38165104016661644 29965
1647530675046 0.380561106971332 29966
1647530676220 0.3792388066649437 29967
1647530677334 0.37612778272317804 29968
1647530678704 0.3708821218460798 29969
1647530679870 0.37185877859592437 29970
1647530681004 0.37187784623641235 29971
1647530681894 0.3745506411349332 29972
1647530683028 0.37210952437349726 29973
1647530684273 0.36908849508597935 29974
1647530685417 0.3688244208693504 29975
1647530686517 0.36711301390201817 29976
1647530687531 0.36640665819868445 29977
1647530688542 0.3670896937449773 29978
1647530689841 0.36514681270893884 29979
1647530691114 0.3641035816499165 29980
1647530692290 0.3646707580321365 29981
1647530693285 0.3652215241580396 29982
1647530694264 0.3658514858076447 29983
1647530695595 0.3633516931380981 29984
1647530696549 0.36539068035781386 29985
1647530697717 0.3648439736627951 29986
1647530699023 0.3639835009262675 29987
1647530700178 0.36273873580056565 29988
1647530701034 0.36415039239959285 29989
1647530702354 0.36128342979484135 29990
1647530703303 0.36137203515871713 29991
1647530704695 0.35972464940649396 29992
1647530705638 0.3614126465593775 29993
1647530706823 0.3594445729134034 29994
1647530708051 0.35873586863279344 29995
1647530709117 0.3595812726838916 29996
1647530710277 0.35994820726605564 29997
1647530711326 0.36027732913224203 29998
1647530712225 0.36228430298743425 29999
1647530713189 0.3621628558093851 30000
1647530714166 0.3640495403004544 30001
1647530715614 0.36233255188716085 30002
1647530716712 0.3626353147214857 30003
1647530717760 0.36178317388235515 30004
1647530718876 0.362503033131361 30005
1647530719967 0.3618529934863575 30006
1647530720896 0.36247718790846484 30007
1647530722006 0.3626947220828798 30008
1647530723264 0.3619857474695891 30009
1647530724793 0.3608532339334488 30010
1647530725843 0.360000634961056 30011
1647530727045 0.35861648530212803 30012
1647530728355 0.35805005295311704 30013
1647530729518 0.3573386969341748 30014
1647530730531 0.3577716684767178 30015
1647530731694 0.35732939524549834 30016
1647530732838 0.3573732167068455 30017
1647530733859 0.35758842487041265 30018
1647530734817 0.35666353416603963 30019
1647530736021 0.3552383528153102 30020
1647530737239 0.355003761421693 30021
1647530738243 0.3544768410456645 30022
1647530739301 0.3534412336273071 30023
1647530740364 0.3535544711954986 30024
1647530741371 0.35313391108065845 30025
1647530742464 0.35262251396973926 30026
1647530743562 0.35228448324814077 30027
1647530744997 0.3507662239563034 30028
1647530746117 0.34950372275142444 30029
1647530747086 0.34986432071994333 30030
1647530748030 0.3493475648899411 30031
1647530749330 0.34808862654642125 30032
1647530750508 0.34777897799556906 30033
1647530751644 0.3472685921058226 30034
1647530752738 0.34652481476465863 30035
1647530754186 0.34540705661197285 30036
1647530755332 0.3447596884292105 30037
1647530756449 0.3447257132940395 30038
1647530757536 0.34392400054221456 30039
1647530758729 0.3430397566996123 30040
1647530759661 0.3431025842825572 30041
1647530760556 0.342925374348139 30042
1647530761560 0.34272185211278955 30043
1647530762604 0.3424903822667671 30044
1647530763578 0.34269131302833555 30045
1647530764800 0.3418065604597035 30046
1647530765742 0.3418471033082289 30047
1647530766837 0.3409630965839312 30048
1647530767868 0.34031313170607275 30049
1647530768992 0.3395279319513412 30050
1647530770130 0.33898684579246446 30051
1647530771172 0.33844435827754366 30052
1647530772191 0.33821375971591033 30053
1647530773149 0.33834550522883006 30054
1647530774604 0.33738140585747634 30055
1647530775641 0.3368071528436901 30056
1647530776793 0.336300851910242 30057
1647530778069 0.33546113203057143 30058
1647530778988 0.33503101138692154 30059
1647530779915 0.3347077919089276 30060
1647530780990 0.33450181782245636 30061
1647530781789 0.33463086811905235 30062
1647530783057 0.33366258758104456 30063
1647530784094 0.33284146370006207 30064
1647530785258 0.3319283988326788 30065
1647530786546 0.33104312075071096 30066
1647530787833 0.33010139523959553 30067
1647530789016 0.3294799163089535 30068
1647530789870 0.32906383516327026 30069
1647530790798 0.32913720965385435 30070
1647530792242 0.3280845635703632 30071
1647530793231 0.3282339461441115 30072
1647530794348 0.32797069114167243 30073
1647530795717 0.3274527616048044 30074
1647530796772 0.32691788822412493 30075
1647530797733 0.3266700197949664 30076
1647530798610 0.32679604050336464 30077
1647530799599 0.32634182610458 30078
1647530800791 0.3255464205546166 30079
1647530801848 0.3255492378164221 30080
1647530803103 0.3247740041902837 30081
1647530804136 0.32464182518259455 30082
1647530805383 0.32393733185270557 30083
1647530806171 0.32382604694194933 30084
1647530807325 0.3234780254108565 30085
1647530808237 0.3232670155822808 30086
1647530809217 0.3233204353863085 30087
1647530810179 0.32321877725474485 30088
1647530811404 0.32225604562295806 30089
1647530812376 0.322106716756163 30090
1647530813815 0.3215912620294584 30091
1647530814809 0.3214624829235531 30092
1647530815932 0.3209614519130539 30093
1647530817268 0.3199254054351141 30094
1647530818132 0.3198359423875809 30095
1647530819283 0.31965304348642465 30096
1647530820192 0.3196580543329841 30097
1647530821064 0.3194131784968906 30098
1647530821984 0.31925704939798877 30099
1647530823010 0.3191950382724885 30100
1647530824212 0.3187690008527193 30101
1647530825349 0.31817285934830924 30102
1647530826370 0.3178551483757888 30103
1647530827720 0.31716939713220177 30104
1647530828752 0.3166721731424332 30105
1647530829956 0.3161346223783789 30106
1647530831081 0.31568216900398705 30107
1647530832248 0.31527139164187423 30108
1647530833258 0.31512867441264597 30109
1647530834140 0.3153561086365671 30110
1647530835096 0.31504900250808304 30111
1647530836111 0.3150966517225711 30112
1647530837191 0.3147101938014939 30113
1647530838185 0.31486104596296005 30114
1647530839263 0.31473709870787225 30115
1647530840233 0.31481247966052495 30116
1647530841130 0.31482578259567884 30117
1647530842165 0.31475115408098076 30118
1647530843355 0.31440395065422716 30119
1647530844796 0.31372220771653314 30120
1647530845848 0.3134758099913597 30121
1647530846792 0.31354371184683116 30122
1647530847963 0.3132119227326318 30123
1647530848844 0.3132987130620626 30124
1647530849786 0.31306223488516277 30125
1647530851003 0.3128305517178214 30126
1647530851966 0.3127682520138038 30127
1647530852900 0.312770417479218 30128
1647530853801 0.3128123584648837 30129
1647530854783 0.31265614516026263 30130
1647530855663 0.31256014621385964 30131
1647530856654 0.3122499158038175 30132
1647530857831 0.312023474497998 30133
1647530858924 0.3117761630860586 30134
1647530859997 0.3114527507832176 30135
1647530861042 0.3111956884099551 30136
1647530862057 0.3108146234105031 30137
1647530863351 0.31059504744302424 30138
1647530864344 0.3104472522883071 30139
1647530865404 0.3103219733788417 30140
1647530866338 0.3100048245824113 30141
1647530867578 0.3097080996798985 30142
1647530868734 0.3096157377115404 30143
1647530869650 0.30951422692543296 30144
1647530870590 0.3097316101193428 30145
1647530871507 0.3095009881465589 30146
1647530872555 0.30927389579834325 30147
1647530873458 0.3093901568739285 30148
1647530874672 0.30919110731166954 30149
1647530875820 0.30889741291360157 30150
1647530876818 0.30884454327011573 30151
1647530877863 0.3086762267754274 30152
1647530879304 0.3082764001849752 30153
1647530880300 0.3080143604124562 30154
1647530881339 0.3079626866039776 30155
1647530882459 0.3078488291581095 30156
1647530883272 0.3077600639805479 30157
1647530884234 0.307586036307711 30158
1647530885241 0.30783252703530767 30159
1647530886613 0.30740180223487146 30160
1647530887558 0.30705794340206516 30161
1647530888872 0.30664998505796703 30162
1647530889771 0.30685968252770396 30163
1647530890813 0.3066715318454455 30164
1647530891970 0.30666202733462505 30165
1647530893425 0.3061578443012626 30166
1647530894463 0.3062529509534707 30167
1647530895371 0.30620668788394584 30168
1647530896215 0.3062559905728059 30169
1647530897064 0.30628326223956215 30170
1647530898129 0.30608578428494193 30171
1647530899180 0.3060450427201351 30172
1647530900388 0.3057595252860011 30173
1647530901575 0.3056566999598882 30174
1647530902596 0.30538621026536694 30175
1647530903535 0.3053580544469677 30176
1647530904661 0.30500993440891133 30177
1647530905588 0.30504191484574084 30178
1647530906477 0.3052187088208321 30179
1647530907332 0.3052210844577627 30180
1647530908427 0.30496299374154057 30181
1647530909292 0.3051337527449121 30182
1647530910718 0.3047266022122207 30183
1647530911597 0.30474532941145877 30184
1647530912602 0.30452134081472954 30185
1647530913482 0.3046467677067919 30186
1647530914636 0.3044571459662816 30187
1647530915728 0.30435922539528504 30188
1647530916746 0.30417408262852763 30189
1647530917835 0.30395483891574704 30190
1647530918919 0.30406109086139416 30191
1647530919734 0.3043024306475875 30192
1647530920973 0.30391550412581814 30193
1647530921893 0.30402886723897543 30194
1647530923024 0.30395001554489137 30195
1647530924081 0.3038233406990173 30196
1647530925238 0.3037073743485269 30197
1647530926186 0.30376723396919464 30198
1647530927624 0.3033391060674284 30199
1647530928447 0.30332516975262586 30200
1647530929572 0.30310590664157644 30201
1647530930629 0.3029034218319659 30202
1647530931597 0.30294866507598595 30203
1647530932463 0.3030771877199526 30204
1647530933650 0.3028354042997727 30205
1647530935081 0.30240248132254427 30206
1647530936093 0.3022348562838467 30207
1647530937164 0.3021281840343439 30208
1647530938130 0.3022871454895446 30209
1647530939198 0.3022893153833893 30210
1647530940246 0.30228727602196814 30211
1647530941659 0.3018648683578334 30212
1647530942694 0.3018667479949211 30213
1647530943638 0.3017904843761132 30214
1647530944788 0.30161535684709195 30215
1647530945738 0.3016047974794113 30216
1647530946661 0.30178200924659476 30217
1647530947763 0.30170037742062805 30218
1647530948696 0.30162033406052274 30219
1647530949703 0.3019455490329049 30220
1647530950522 0.30196694057920703 30221
1647530951792 0.30173819471782726 30222
1647530953195 0.30145391430571783 30223
1647530954244 0.3012846324285726 30224
1647530955338 0.3014070133545569 30225
1647530956337 0.3015779500223988 30226
1647530957592 0.3013017934793276 30227
1647530958610 0.30106780807036815 30228
1647530959554 0.3010138432744523 30229
1647530960546 0.3009577857820611 30230
1647530961533 0.3009710865212487 30231
1647530962658 0.30063127484886487 30232
1647530963699 0.3006616160273552 30233
1647530964856 0.3006507476927087 30234
1647530966077 0.300570967690698 30235
1647530967516 0.30040482055280626 30236
1647530968638 0.3005006281684523 30237
1647530969653 0.30060070071610984 30238
1647530970621 0.30077944584444266 30239
1647530972060 0.3002693237389548 30240
1647530973287 0.30007961155796375 30241
1647530974454 0.3001226718076552 30242
1647530975347 0.30037077236295545 30243
1647530976484 0.3002247784947073 30244
1647530977597 0.30007173970341683 30245
1647530978759 0.30004369435318284 30246
1647530979653 0.3003717149231608 30247
1647530980643 0.30029646501486057 30248
1647530981629 0.3004995895745723 30249
1647530982659 0.30032894274250405 30250
1647530983733 0.3003110922142571 30251
1647530984769 0.30036697136268553 30252
1647530985661 0.3006447914068575 30253
1647530986609 0.3007395892949552 30254
1647530987600 0.3007102335172315 30255
1647530988542 0.30094441191751475 30256
1647530989635 0.3009412621553892 30257
1647530990453 0.3008193589342288 30258
1647530991434 0.30071472044393516 30259
1647530992506 0.3004148031511004 30260
1647530993454 0.30040692410702946 30261
1647530994392 0.30044959165884494 30262
1647530995441 0.300471878510976 30263
1647530996799 0.30022795820684645 30264
1647530997718 0.30011631539091466 30265
1647530998848 0.2999870335201608 30266
1647530999746 0.3000382468196916 30267
1647531000818 0.2999212173485534 30268
1647531002017 0.29975350467879097 30269
1647531003410 0.29944433968800765 30270
1647531004404 0.29944058315702743 30271
1647531005450 0.29938124639725466 30272
1647531006577 0.29939303297276904 30273
1647531007655 0.2993250728831103 30274
1647531008782 0.29902660485469934 30275
1647531009885 0.29880274728705875 30276
1647531010761 0.2988101015069399 30277
1647531012040 0.29850861676283424 30278
1647531013179 0.2982296929387989 30279
1647531014268 0.29814825929812533 30280
1647531015333 0.29805199385044123 30281
1647531016717 0.2978160157136464 30282
1647531018025 0.29764067553556883 30283
1647531019089 0.2975194882326773 30284
1647531020108 0.2973181928343633 30285
1647531021563 0.2970545450962883 30286
1647531022955 0.29683798272707307 30287
1647531023917 0.29700148096932616 30288
1647531025347 0.2967405411479778 30289
1647531026494 0.2966645256764647 30290
1647531027316 0.29682512904350467 30291
1647531028337 0.2966640013610939 30292
1647531029423 0.29669383853331377 30293
1647531030589 0.2965748082088536 30294
1647531031516 0.2964585338320051 30295
1647531032522 0.2964732175708836 30296
1647531033610 0.2964080181819471 30297
1647531034803 0.2963444228381678 30298
1647531035794 0.296266609497663 30299
1647531036728 0.2961994942644952 30300
1647531038124 0.29595316226562757 30301
1647531039487 0.29563706249249083 30302
1647531040548 0.2954519615825994 30303
1647531041593 0.2953592992924714 30304
1647531042638 0.2954112217658096 30305
1647531043777 0.29532687370136507 30306
1647531044982 0.2952007445511897 30307
1647531045854 0.2952413190330684 30308
1647531046885 0.2952515961868422 30309
1647531047816 0.295333388651887 30310
1647531048787 0.2954670275495352 30311
1647531049701 0.29545880671418007 30312
1647531050855 0.2955859715685896 30313
1647531052049 0.2959536360046728 30314
1647531052988 0.29643471716223535 30315
1647531054097 0.29671245331391494 30316
1647531055192 0.2971784675954491 30317
1647531056611 0.29722169257360875 30318
1647531057554 0.2977782691863769 30319
1647531058543 0.2980845956802368 30320
1647531059557 0.2983354499682467 30321
1647531060821 0.29835505708459203 30322
1647531061913 0.29847878674981454 30323
1647531062806 0.2988016604590856 30324
1647531063873 0.2989531023721946 30325
1647531064781 0.29913558906770443 30326
1647531065649 0.299343981667963 30327
1647531067043 0.29941035663178944 30328
1647531068161 0.2994255007555087 30329
1647531069262 0.29945640378184135 30330
1647531070465 0.2994647765715505 30331
1647531071528 0.29960081974665326 30332
1647531072456 0.29987762676379115 30333
1647531073854 0.29980805140840977 30334
1647531075219 0.2998386221054273 30335
1647531076473 0.2997660360220448 30336
1647531077613 0.2997100820042649 30337
1647531078452 0.29999810821227446 30338
1647531079547 0.3001037954830276 30339
1647531080737 0.30009279726426813 30340
1647531081790 0.30022679991794354 30341
1647531082774 0.30041488877471806 30342
1647531083979 0.30041296772621384 30343
1647531084999 0.30070893193844866 30344
1647531086073 0.30086856201291085 30345
1647531086943 0.301126105009469 30346
1647531087951 0.30124587821426674 30347
1647531088953 0.3012653778563658 30348
1647531089875 0.3015010245513208 30349
1647531091259 0.30146781772743036 30350
1647531092235 0.3016268218973 30351
1647531093364 0.30172306723910997 30352
1647531094508 0.30181702883804545 30353
1647531095441 0.3018981844259649 30354
1647531096442 0.30213567083928644 30355
1647531097421 0.3023082948949215 30356
1647531098484 0.3024182127951418 30357
1647531099626 0.302369604459975 30358
1647531100647 0.3025239939994858 30359
1647531102033 0.30252684153706194 30360
1647531103174 0.3026555528720984 30361
1647531104410 0.3025039324728991 30362
1647531105483 0.3025184324697444 30363
1647531106349 0.30279277876766314 30364
1647531107345 0.30286910721943494 30365
1647531108687 0.3029360368741663 30366
1647531109737 0.3030567376463899 30367
1647531111170 0.30298765835046204 30368
1647531112097 0.30307113073485076 30369
1647531113162 0.30319903903147755 30370
1647531114187 0.3033534128551192 30371
1647531115317 0.3034428901429478 30372
1647531116358 0.30347257305946307 30373
1647531117572 0.3035288096377344 30374
1647531118720 0.3035216077469116 30375
1647531120139 0.30346620176203565 30376
1647531121242 0.3035416030842397 30377
1647531122130 0.3036823850512229 30378
1647531123200 0.30379626886223865 30379
1647531124417 0.3038674384355545 30380
1647531125501 0.303947289773357 30381
1647531126682 0.3039246227089273 30382
1647531127741 0.30396355181660284 30383
1647531128678 0.3040446483260678 30384
1647531129586 0.3042973753064871 30385
1647531130598 0.3043914120686568 30386
1647531131697 0.3043828055397418 30387
1647531132782 0.3044614188759914 30388
1647531134033 0.30455894013111656 30389
1647531135181 0.30474979170922484 30390
1647531136222 0.3048245998709191 30391
1647531137199 0.304928250794176 30392
1647531138242 0.30497789845269707 30393
1647531139122 0.3050876411470379 30394
1647531140102 0.3053533927268452 30395
1647531141182 0.30530982036680443 30396
1647531142366 0.3052151223924835 30397
1647531143698 0.30521205103818416 30398
1647531144874 0.30521720283488346 30399
1647531145804 0.30538433145035754 30400
1647531146869 0.30539959607024986 30401
1647531147694 0.305689011902204 30402
1647531148779 0.3058204128036853 30403
1647531149897 0.3059107524572115 30404
1647531151086 0.30585229983148365 30405
1647531152260 0.30581087846947336 30406
1647531153624 0.30575098261817707 30407
1647531154731 0.3057856560718936 30408
1647531155834 0.3058891594088797 30409
1647531156914 0.30591275413190167 30410
1647531158306 0.3058317464500538 30411
1647531159411 0.3059536134724443 30412
1647531160392 0.30610839624562836 30413
1647531161616 0.3060601156975415 30414
1647531162513 0.3062327507645526 30415
1647531163906 0.3062163370240266 30416
1647531165133 0.30620973004754315 30417
1647531166497 0.3061829537279258 30418
1647531167569 0.306193600066855 30419
1647531168693 0.30620839624028456 30420
1647531169605 0.30636940073190616 30421
1647531170697 0.3063687416929869 30422
1647531171761 0.30639633389821114 30423
1647531172815 0.30647466647475646 30424
1647531173772 0.30658483688409127 30425
1647531175111 0.30654946697600916 30426
1647531176483 0.3064582274600678 30427
1647531177760 0.306389663684689 30428
1647531178879 0.3063699475928279 30429
1647531180077 0.3063400204341436 30430
1647531181205 0.3063021400031239 30431
1647531182637 0.3061893757057875 30432
1647531183580 0.3063640653415293 30433
1647531184665 0.30633962724228336 30434
1647531185557 0.3064344984232163 30435
1647531186700 0.30645946769874594 30436
1647531187767 0.3064709928765045 30437
1647531188898 0.30643510827549086 30438
1647531190066 0.30638832755778966 30439
1647531191417 0.3062710956190572 30440
1647531192819 0.30624615848665276 30441
1647531193979 0.30620018028517365 30442
1647531195075 0.306308477668159 30443
1647531196260 0.30619824299950876 30444
1647531197526 0.30619782653450967 30445
1647531198550 0.30615208584986286 30446
1647531199727 0.3064260936650147 30447
1647531200826 0.3068254339114335 30448
1647531202123 0.30695889467403054 30449
1647531203130 0.30726067857577066 30450
1647531204122 0.3075448874487236 30451
1647531205076 0.30783409100665143 30452
1647531206219 0.3080188259189054 30453
1647531207452 0.30812843501099435 30454
1647531208696 0.3081792707828914 30455
1647531209734 0.3085192817822828 30456
1647531210875 0.30866403519758023 30457
1647531212004 0.3088607421221092 30458
1647531213107 0.3090029929108657 30459
1647531214355 0.30907521233396623 30460
1647531215324 0.3091899121050225 30461
1647531216360 0.3094654463418909 30462
1647531217815 0.3094635343171915 30463
1647531218782 0.3096503572025281 30464
1647531219921 0.309690615735375 30465
1647531220981 0.30984406648007096 30466
1647531222214 0.309836495567784 30467
1647531223434 0.30982110978426486 30468
1647531224507 0.3098661620027691 30469
1647531225577 0.30994890005815595 30470
1647531226719 0.310063675867514 30471
1647531227970 0.3101262375288263 30472
1647531229177 0.3102464401868708 30473
1647531229984 0.3105479538271693 30474
1647531230938 0.3107860632943657 30475
1647531231913 0.3109990277252179 30476
1647531233067 0.3110987800348522 30477
1647531234190 0.3111768453530478 30478
1647531235324 0.3112768779477377 30479
1647531236375 0.31129033339914874 30480
1647531237843 0.31130646099683956 30481
1647531239283 0.3112359339131989 30482
1647531240297 0.3114035759661277 30483
1647531241477 0.3114920794023875 30484
1647531242370 0.3117273276326833 30485
1647531243455 0.3117923145208253 30486
1647531244549 0.3117608884108902 30487
1647531245680 0.31180792385592204 30488
1647531246638 0.31203775981660276 30489
1647531247723 0.31219047228677554 30490
1647531249135 0.3121341907115646 30491
1647531250337 0.3121009619678396 30492
1647531251369 0.312181485096251 30493
1647531252552 0.31218476484924934 30494
1647531253694 0.3123167995702137 30495
1647531254861 0.3123995078399696 30496
1647531256155 0.3123709021433108 30497
1647531257087 0.31249447980690176 30498
1647531258486 0.31241581632019383 30499
1647531259615 0.31251732237167185 30500
1647531260780 0.31265432899482815 30501
1647531261912 0.31268454007336227 30502
1647531262966 0.312800727891452 30503
1647531264071 0.31284394612359234 30504
1647531265232 0.3128900798037648 30505
1647531266469 0.31282905543657974 30506
1647531267562 0.31287686041559615 30507
1647531268696 0.31301177212336556 30508
1647531270079 0.3129339690802368 30509
1647531271517 0.31284372144568284 30510
1647531272622 0.3130074381670345 30511
1647531273549 0.3131493246166374 30512
1647531274513 0.31320671745064393 30513
1647531275952 0.3131277042920644 30514
1647531277103 0.31315691233204124 30515
1647531278186 0.31320203423186904 30516
1647531279180 0.31333277137442067 30517
1647531280319 0.31338361917261887 30518
1647531281441 0.3133917407551294 30519
1647531282848 0.31327019779578497 30520
1647531283885 0.3134395722299814 30521
1647531285334 0.31336128386302464 30522
1647531286469 0.31342314126994786 30523
1647531287519 0.3135282162042891 30524
1647531288713 0.3136339464578135 30525
1647531290088 0.3136127084852701 30526
1647531291056 0.31366701731362295 30527
1647531291955 0.3138270764571725 30528
1647531292935 0.3138462628097567 30529
1647531294083 0.3139057386634696 30530
1647531295220 0.3139755990826636 30531
1647531296456 0.3140801865563076 30532
1647531297594 0.314102271939216 30533
1647531298662 0.31410084459899035 30534
1647531299585 0.31423869804810667 30535
1647531300739 0.31426774043520495 30536
1647531301761 0.31433460347958514 30537
1647531302843 0.31434377857042606 30538
1647531303875 0.31443611705544017 30539
1647531304960 0.3144754580089024 30540
1647531306140 0.31451823367368453 30541
1647531307217 0.31452897096199406 30542
1647531308322 0.31458680670596284 30543
1647531309347 0.31467687407001627 30544
1647531310447 0.3146208921571573 30545
1647531311464 0.3146304719757518 30546
1647531312683 0.3146756462678561 30547
1647531313886 0.314795814244506 30548
1647531314938 0.31479427070412414 30549
1647531316287 0.3146912192017579 30550
1647531317294 0.3147752327297387 30551
1647531318712 0.3147018954427867 30552
1647531320061 0.3147002983054048 30553
1647531321036 0.3147887114331444 30554
1647531322124 0.3148461333552345 30555
1647531323064 0.31505481286642006 30556
1647531324128 0.31514443515562546 30557
1647531325295 0.3151781538085097 30558
1647531326340 0.3152129582648169 30559
1647531327353 0.3152638278841003 30560
1647531328705 0.3152004585347392 30561
1647531330172 0.3151010039173417 30562
1647531331200 0.3151677304390565 30563
1647531332250 0.31519579401116377 30564
1647531333217 0.3152743399623902 30565
1647531334349 0.31527513169628024 30566
1647531335457 0.3153440167474593 30567
1647531336570 0.31538851662011247 30568
1647531337619 0.3154894006080352 30569
1647531338687 0.3155308744907379 30570
1647531339784 0.31560680408256886 30571
1647531340938 0.3156457425019387 30572
1647531342054 0.3156492927936232 30573
1647531343280 0.31555572701751333 30574
1647531344579 0.3155117668802776 30575
1647531345483 0.3156400252540969 30576
1647531346886 0.3154977778137862 30577
1647531347878 0.3155215335259505 30578
1647531349037 0.3154797696211737 30579
1647531349920 0.31555503548130276 30580
1647531351251 0.3154901942039061 30581
1647531352381 0.3155516404980206 30582
1647531353410 0.31559716036607477 30583
1647531354525 0.3156767900980694 30584
1647531355637 0.31570621461141857 30585
1647531356739 0.31572371695696283 30586
1647531358165 0.31562610506732885 30587
1647531359210 0.3157285483638013 30588
1647531360353 0.3157875354847182 30589
1647531361747 0.3157115995652916 30590
1647531362945 0.31573565071304516 30591
1647531364078 0.31569173017738406 30592
1647531365222 0.3156787768972141 30593
1647531366661 0.3156084426332879 30594
1647531367809 0.31567700658853237 30595
1647531369074 0.3156125101213631 30596
1647531370488 0.31547086107676015 30597
1647531371612 0.3155825424477298 30598
1647531372567 0.31578863594419 30599
1647531373732 0.3157936623760762 30600
1647531375124 0.3156600985903202 30601
1647531376090 0.3158754791888654 30602
1647531377135 0.31598801102409974 30603
1647531378265 0.31604329011599464 30604
1647531379444 0.31603008072936173 30605
1647531380548 0.3159965617348315 30606
1647531381724 0.3159523488126493 30607
1647531383090 0.31585887831890025 30608
1647531384185 0.3159782810877246 30609
1647531385235 0.315992555560026 30610
1647531386162 0.3161404329958979 30611
1647531387117 0.3162863626964446 30612
1647531388185 0.3163793211702458 30613
1647531389114 0.3165426913799192 30614
1647531390212 0.31661355190757495 30615
1647531391279 0.3166573592385308 30616
1647531392650 0.31658469790238 30617
1647531393889 0.3165642583928172 30618
1647531394947 0.3165819693787869 30619
1647531396183 0.3165805505602448 30620
1647531397282 0.316669058275117 30621
1647531398197 0.31681938038002616 30622
1647531399336 0.31679077338767964 30623
1647531400345 0.3169121433471896 30624
1647531401804 0.3169425265534836 30625
1647531402955 0.31713940041268274 30626
1647531403993 0.31741217737935506 30627
1647531405424 0.31746579087059806 30628
1647531406456 0.3176863354941209 30629
1647531407753 0.3177064014394788 30630
1647531408798 0.31791422650782775 30631
1647531409853 0.31812423452452976 30632
1647531411019 0.31800019286226394 30633
1647531412090 0.3180349508113889 30634
1647531413284 0.31803228600301603 30635
1647531414697 0.3179723136073084 30636
1647531415661 0.31809766095325437 30637
1647531416682 0.31823719493926517 30638
1647531417626 0.31833132766509264 30639
1647531418812 0.3183960796688958 30640
1647531419880 0.31843765795059586 30641
1647531420817 0.3185563040429585 30642
1647531421884 0.31852530113776295 30643
1647531422993 0.31855708028113894 30644
1647531423813 0.3186793478471892 30645
1647531424719 0.3188099671107386 30646
1647531425691 0.31887341390477963 30647
1647531426733 0.31898219898279495 30648
1647531427768 0.31897463162683626 30649
1647531428701 0.31899023656304 30650
1647531429750 0.31897621363316986 30651
1647531430866 0.31895211115584854 30652
1647531431944 0.31903343500390563 30653
1647531432836 0.31910581392865256 30654
1647531433817 0.3191821708645619 30655
1647531434736 0.3192463922098216 30656
1647531435679 0.3193560960503776 30657
1647531436676 0.31935419683536675 30658
1647531437672 0.319424648829201 30659
1647531438619 0.3194681392683016 30660
1647531439704 0.3193804675390601 30661
1647531440898 0.31932155627918374 30662
1647531442278 0.3191681400273504 30663
1647531443281 0.31919286647741585 30664
1647531444270 0.31921705940945283 30665
1647531445437 0.3192246227051117 30666
1647531446448 0.3192252911978151 30667
1647531447351 0.3193018570191962 30668
1647531448272 0.31936947900534335 30669
1647531449165 0.3195555942428523 30670
1647531450087 0.31958640268272603 30671
1647531450954 0.319663753474267 30672
1647531452103 0.3196001602029735 30673
1647531452908 0.3196816575012089 30674
1647531453859 0.3197357890336481 30675
1647531454909 0.3197073398512137 30676
1647531456281 0.319610943234032 30677
1647531457432 0.3195365453481999 30678
1647531458431 0.3195547277985866 30679
1647531459468 0.31952742589574284 30680
1647531460354 0.31961601656740124 30681
1647531461419 0.3196016315123119 30682
1647531462629 0.31950103027145393 30683
1647531464014 0.31940152289418955 30684
1647531465134 0.3193315118551254 30685
1647531466170 0.3193225980850688 30686
1647531467166 0.31937504650126247 30687
1647531468397 0.31930110199454653 30688
1647531469288 0.3192762531019667 30689
1647531470548 0.3192189345423807 30690
1647531471581 0.3192542156968615 30691
1647531472638 0.3193160022198755 30692
1647531473785 0.319308493625034 30693
1647531474847 0.3192853618050131 30694
1647531475754 0.3193223069111506 30695
1647531476599 0.3194078603851176 30696
1647531477770 0.3193577885865531 30697
1647531479136 0.31925472138254135 30698
1647531480054 0.31927802720025616 30699
1647531481043 0.3192349834157931 30700
1647531482152 0.3191849968184239 30701
1647531483101 0.3192444026391446 30702
1647531483996 0.3192625420861005 30703
1647531485033 0.3193013011152722 30704
1647531486115 0.3192255436589843 30705
1647531487173 0.3192709226567548 30706
1647531488012 0.31931474433326973 30707
1647531488953 0.31937689862432517 30708
1647531489838 0.3194393754707581 30709
1647531490809 0.31947456952793146 30710
1647531491809 0.3194956535536689 30711
1647531492788 0.3195435325511898 30712
1647531493609 0.31966628262307495 30713
1647531494821 0.31963558446601403 30714
1647531495766 0.3196655521919201 30715
1647531496722 0.3197322189807892 30716
1647531497690 0.3197712691722756 30717
1647531498673 0.319815126921196 30718
1647531499552 0.3198704637144271 30719
1647531500612 0.3197915862837145 30720
1647531501645 0.31976678929070834 30721
1647531502632 0.31979845512174115 30722
1647531503524 0.31992517630054895 30723
1647531504436 0.3200441601952784 30724
1647531505849 0.3199220824318054 30725
1647531506732 0.32000236589075204 30726
1647531507689 0.3200421753670553 30727
1647531508879 0.31995435224639046 30728
1647531509825 0.3200152249512624 30729
1647531510753 0.3200852360695031 30730
1647531512157 0.3199440986865956 30731
1647531513016 0.320042908930112 30732
1647531513892 0.3200998959240272 30733
1647531514820 0.3201018668739515 30734
1647531515742 0.3201842653411853 30735
1647531516658 0.3202005059808003 30736
1647531517583 0.3202612708802476 30737
1647531518527 0.3203099464896648 30738
1647531519423 0.3204397174250569 30739
1647531520349 0.320525394501926 30740
1647531521190 0.32063211802037517 30741
1647531522167 0.320624809062466 30742
1647531523034 0.3205819209678131 30743
1647531524090 0.3205393441814057 30744
1647531525120 0.3206061485223472 30745
1647531526193 0.3206104836176695 30746
1647531527054 0.3206632345952001 30747
1647531528110 0.32074068271430906 30748
1647531529218 0.3207873526163659 30749
1647531530352 0.32072646190290865 30750
1647531531357 0.3208074817993209 30751
1647531532812 0.32071846856503683 30752
1647531533996 0.32070623234947127 30753
1647531534860 0.32069808299962904 30754
1647531535797 0.32071920302179124 30755
1647531536883 0.32069436402855905 30756
1647531537758 0.32072245080042355 30757
1647531538717 0.3207783001815261 30758
1647531539733 0.3208264492140941 30759
1647531540652 0.32082638853898077 30760
1647531541714 0.32080497220158577 30761
1647531542812 0.3208423672355666 30762
1647531544205 0.320711646365653 30763
1647531545300 0.3206910439681657 30764
1647531546391 0.32066301921518836 30765
1647531547335 0.3206707059828866 30766
1647531548413 0.3206924379887082 30767
1647531549578 0.32065567540803774 30768
1647531550580 0.320686331977254 30769
1647531551497 0.3207321479103782 30770
1647531552699 0.32061296102498404 30771
1647531553853 0.3206036234637126 30772
1647531555046 0.3205462555234559 30773
1647531556012 0.3206420585746788 30774
1647531557097 0.3205378609069859 30775
1647531558182 0.32049413269248966 30776
1647531559086 0.3205245037455685 30777
1647531560222 0.3204769953137257 30778
1647531561289 0.3204804838454123 30779
1647531562376 0.3204970593045572 30780
1647531563259 0.3205001493425746 30781
1647531564297 0.32050266525437754 30782
1647531565259 0.3204781441351394 30783
1647531566219 0.3204372772975815 30784
1647531567172 0.32045437014173894 30785
1647531568263 0.3204336941561149 30786
1647531569328 0.3204511950000448 30787
1647531570417 0.3204363046627169 30788
1647531571599 0.320423857136784 30789
1647531572472 0.3204844138502369 30790
1647531573538 0.3205478433563636 30791
1647531574402 0.3205910201724333 30792
1647531575252 0.3206322067505065 30793
1647531576314 0.32061485904055015 30794
1647531577332 0.32059714746825835 30795
1647531578269 0.32064834347412813 30796
1647531579219 0.32060507382375536 30797
1647531580148 0.3206604474419586 30798
1647531581060 0.3207234427751646 30799
1647531582096 0.3207390522224861 30800
1647531583017 0.3207638577566804 30801
1647531583973 0.3208518914504535 30802
1647531584876 0.32094348881975476 30803
1647531585911 0.3209213137938896 30804
1647531587283 0.3208564814613309 30805
1647531588420 0.3207902054234249 30806
1647531589336 0.3208342956037643 30807
1647531590251 0.3208745349358297 30808
1647531591350 0.3208917244337499 30809
1647531592439 0.3209753827035772 30810
1647531593571 0.3209618105452 30811
1647531594700 0.32092668270776015 30812
1647531595609 0.32099763927165814 30813
1647531596718 0.32092753582568656 30814
1647531597793 0.32093182749104227 30815
1647531598778 0.32096578392930475 30816
1647531599685 0.3209790065030166 30817
1647531600859 0.3209568288215657 30818
1647531601805 0.3209707201447858 30819
1647531602868 0.3209681084326335 30820
1647531604148 0.3208693518520218 30821
1647531605261 0.32077842763919245 30822
1647531606530 0.320744667685928 30823
1647531607696 0.3206885549259945 30824
1647531608612 0.3207564148035916 30825
1647531609575 0.3207392813669566 30826
1647531610623 0.3207579312208288 30827
1647531611676 0.32071811389410076 30828
1647531612715 0.3207513071023501 30829
1647531613748 0.32074757386735603 30830
1647531614840 0.3207806282872271 30831
1647531615882 0.32077745745523406 30832
1647531616971 0.3207148470924244 30833
1647531617874 0.3206977512356401 30834
1647531618939 0.3207462829150511 30835
1647531619928 0.32080269321448074 30836
1647531621049 0.32081173233387184 30837
1647531622140 0.32085257902124026 30838
1647531623120 0.32089948287479564 30839
1647531624220 0.3208777296809511 30840
1647531625275 0.32083008378478034 30841
1647531626295 0.320826391943854 30842
1647531627355 0.32081796756565967 30843
1647531628207 0.32088593573405827 30844
1647531629159 0.32087676339679294 30845
1647531630242 0.320857195359356 30846
1647531631353 0.3208052480630494 30847
1647531632534 0.32074948986899415 30848
1647531633384 0.3207952416773918 30849
1647531634559 0.32071806669893843 30850
1647531635781 0.3206261819923424 30851
1647531636738 0.320678945232384 30852
1647531637766 0.3207024714134076 30853
1647531638691 0.320661758022471 30854
1647531639864 0.3206174604021586 30855
1647531640792 0.32067569071257285 30856
1647531641654 0.3207028227972618 30857
1647531642518 0.32074219156525874 30858
1647531643460 0.32081607429216935 30859
1647531644375 0.320890157616855 30860
1647531645478 0.3208657986765085 30861
1647531646420 0.3208868884955784 30862
1647531647343 0.32098579872602473 30863
1647531648246 0.3211033340215164 30864
1647531649577 0.3210513759080483 30865
1647531650451 0.3210402419234461 30866
1647531651528 0.32102850601561933 30867
1647531652958 0.3209394318569262 30868
1647531654068 0.32094409832835713 30869
1647531655189 0.32099038913443284 30870
1647531656185 0.3209763721886773 30871
1647531657026 0.3210132294359588 30872
1647531658185 0.32101295207595004 30873
1647531659334 0.32096783693306413 30874
1647531660441 0.32091711711499 30875
1647531661540 0.32094711961602806 30876
1647531662970 0.3208845634764868 30877
1647531663845 0.32092372490151005 30878
1647531665146 0.3208975642281375 30879
1647531666144 0.3209016092639556 30880
1647531667398 0.3208349632401752 30881
1647531668611 0.3207610454032617 30882
1647531669604 0.3207518966086129 30883
1647531670588 0.3207628410527754 30884
1647531671851 0.32065707126513443 30885
1647531672876 0.32071818329005897 30886
1647531673948 0.32067418875145054 30887
1647531674766 0.3207190232558822 30888
1647531675649 0.3208318154280216 30889
1647531676605 0.32081087860796187 30890
1647531677648 0.32076665587392467 30891
1647531678654 0.3207812893824945 30892
1647531679792 0.32071868001723086 30893
1647531680863 0.32071036532191505 30894
1647531681894 0.3207026133254955 30895
1647531682810 0.320703207334008 30896
1647531683737 0.3207174994583641 30897
1647531684939 0.32069207233809727 30898
1647531685811 0.3207838857854937 30899
1647531686835 0.32081045538030994 30900
1647531687718 0.3208236843503419 30901
1647531688685 0.32089335478398495 30902
1647531689906 0.3208572217622978 30903
1647531690938 0.3208652334647084 30904
1647531691931 0.320894476165995 30905
1647531692967 0.3208850056987399 30906
1647531693842 0.32095260098731443 30907
1647531694906 0.3209886458834879 30908
1647531695927 0.3211388021429297 30909
1647531696802 0.3211935299820233 30910
1647531698224 0.3211054551737155 30911
1647531699355 0.3211233008117439 30912
1647531700339 0.3211566474873665 30913
1647531701227 0.3212384659993021 30914
1647531702475 0.3211900468954106 30915
1647531703332 0.32123396098306817 30916
1647531704276 0.32125671014741614 30917
1647531705173 0.3213262032690666 30918
1647531706173 0.32131200077230193 30919
1647531707205 0.3213281784302149 30920
1647531708130 0.32137634938002607 30921
1647531709086 0.3213936821343101 30922
1647531710167 0.3213784652619274 30923
1647531711058 0.3214530929907837 30924
1647531712036 0.32145887269657486 30925
1647531713072 0.3214382903534581 30926
1647531714146 0.3213970117316469 30927
1647531715019 0.32144082784046357 30928
1647531715960 0.32145008154031707 30929
1647531717039 0.3214278646834611 30930
1647531717954 0.32146944247684905 30931
1647531719126 0.3214684981464011 30932
1647531720491 0.3214034883659861 30933
1647531721518 0.3213951090469399 30934
1647531722520 0.32133604757713546 30935
1647531723656 0.3213207661564247 30936
1647531724863 0.32128055453781157 30937
1647531725974 0.32125655729004743 30938
1647531726986 0.32131751412357124 30939
1647531728136 0.32133730191681253 30940
1647531729317 0.3213208820147208 30941
1647531730340 0.32133943108522306 30942
1647531731270 0.3214268271693725 30943
1647531732777 0.32153674211349337 30944
1647531734265 0.32157789412140847 30945
1647531735789 0.32163140668973816 30946
1647531737028 0.3217735076973776 30947
1647531738199 0.3219433836601786 30948
1647531739700 0.32205513532299446 30949
1647531740813 0.3222361366843703 30950
1647531741977 0.3223643738694978 30951
1647531743271 0.3223685969662406 30952
1647531744287 0.3224911731446073 30953
1647531745541 0.3225148680543285 30954
1647531746923 0.32248532597971435 30955
1647531747939 0.3226169520799295 30956
1647531749052 0.3226786821845021 30957
1647531750239 0.3227671344506187 30958
1647531751321 0.32282938697987057 30959
1647531752340 0.32293869212930426 30960
1647531753639 0.3228963542817615 30961
1647531754787 0.3229562693816722 30962
1647531755766 0.3230091125826939 30963
1647531756905 0.3229945616703389 30964
1647531758119 0.32305010151044994 30965
1647531759058 0.3231429589600334 30966
1647531760110 0.3231859127252769 30967
1647531761168 0.3232492161869187 30968
1647531762245 0.3232998065359425 30969
1647531763233 0.3233759624202077 30970
1647531764140 0.3234282338421712 30971
1647531765063 0.32346245774159527 30972
1647531766233 0.3234126692500096 30973
1647531767444 0.3233351655326154 30974
1647531768388 0.3233636462283366 30975
1647531769615 0.3233372991982302 30976
1647531770667 0.3233355428417062 30977
1647531771723 0.323330425396778 30978
1647531772780 0.32333437003180876 30979
1647531773789 0.3233359563753801 30980
1647531774744 0.3232912905945741 30981
1647531775776 0.3233255081834306 30982
1647531776958 0.32323855120035494 30983
1647531778066 0.3232028061690757 30984
1647531779095 0.323191694327845 30985
1647531780152 0.32319102946608025 30986
1647531781025 0.3231575188017852 30987
1647531781844 0.32317706766830306 30988
1647531782998 0.3231369546860799 30989
1647531783939 0.3231072906529504 30990
1647531785363 0.3229809142720403 30991
1647531786449 0.32296926323982683 30992
1647531787609 0.32289299512466857 30993
1647531788727 0.32281097952983173 30994
1647531789714 0.32284869493473145 30995
1647531791008 0.32282119250717217 30996
1647531792140 0.3228116144387214 30997
1647531793020 0.3227965500195142 30998
1647531794074 0.32277082436960153 30999
1647531794948 0.32276259992642425 31000
1647531795992 0.3227628103852498 31001
1647531797423 0.32266375980742606 31002
1647531798287 0.3226978401943957 31003
1647531799670 0.32260603496384466 31004
1647531800560 0.3226213313639164 31005
1647531801644 0.32258825130500846 31006
1647531802632 0.3225646370183501 31007
1647531803522 0.3224979216690234 31008
1647531804349 0.3225179734058622 31009
1647531805296 0.322453654861786 31010
1647531806217 0.32242881389261413 31011
1647531807437 0.3223892598506325 31012
1647531808333 0.32242856081226345 31013
1647531809483 0.32234574280072864 31014
1647531810477 0.32227070036335526 31015
1647531811377 0.3223162754243161 31016
1647531812473 0.3222178904089465 31017
1647531813483 0.3222607402521544 31018
1647531814596 0.3222419952269595 31019
1647531815619 0.3222117300643477 31020
1647531816491 0.3222195083434697 31021
1647531817328 0.32224012904401833 31022
1647531818350 0.3222617875777724 31023
1647531819362 0.322287291039793 31024
1647531820267 0.32227909603604565 31025
1647531821347 0.3222581375869306 31026
1647531822399 0.322228213527727 31027
1647531823445 0.32224459633822805 31028
1647531824381 0.3222509537620738 31029
1647531825469 0.32223055480812 31030
1647531826297 0.3222542667751154 31031
1647531827436 0.32224399753415267 31032
1647531828633 0.3222163319039871 31033
1647531829781 0.32218746248465047 31034
1647531830625 0.3222465440220789 31035
1647531831539 0.32227235327719767 31036
1647531832692 0.322231351510509 31037
1647531833707 0.32221544080661835 31038
1647531834882 0.32215389091746244 31039
1647531835942 0.322093543178959 31040
1647531837048 0.3221084130723981 31041
1647531838019 0.32213465919685885 31042
1647531839039 0.3222001208525104 31043
1647531840162 0.3222479972652786 31044
1647531841248 0.3223337579315359 31045
1647531842417 0.3224085207477036 31046
1647531843471 0.3225701017247787 31047
1647531844384 0.32273143240785124 31048
1647531845516 0.3228188572262508 31049
1647531846333 0.3229090851356541 31050
1647531847480 0.3229105287445389 31051
1647531848565 0.322964365566326 31052
1647531849403 0.3230977512707779 31053
1647531850369 0.32325996390003897 31054
1647531851415 0.32331249670939405 31055
1647531852797 0.32332273483490964 31056
1647531853773 0.32340657960275093 31057
1647531854746 0.32344671984781365 31058
1647531855884 0.3234584328837198 31059
1647531857278 0.3234618894187859 31060
1647531858441 0.3234721281996337 31061
1647531859849 0.3234257693256559 31062
1647531860931 0.3234650102412338 31063
1647531862182 0.3234336318130255 31064
1647531863264 0.3234658670212541 31065
1647531864171 0.32354902896787524 31066
1647531865039 0.3236290890849635 31067
1647531865915 0.3237921356995617 31068
1647531866903 0.323858970530941 31069
1647531868017 0.32388565360175237 31070
1647531869404 0.32381363669625396 31071
1647531870404 0.32387662173216597 31072
1647531871424 0.3239051298178891 31073
1647531872490 0.3239519328565277 31074
1647531873578 0.3240097243042119 31075
1647531874782 0.3240169075792812 31076
1647531875722 0.3241718624827087 31077
1647531876887 0.32424100621916613 31078
1647531877932 0.32431810372878633 31079
1647531879157 0.3243902937562455 31080
1647531880121 0.3245078665663449 31081
1647531881091 0.32461963323982745 31082
1647531882152 0.32474539868913344 31083
1647531883258 0.3248118134812371 31084
1647531884326 0.3249168739114937 31085
1647531885375 0.3249626004910072 31086
1647531886326 0.3250436432489998 31087
1647531887708 0.3250320043646236 31088
1647531889124 0.3250187996879116 31089
1647531890320 0.3250187301609714 31090
1647531891375 0.325030708123148 31091
1647531892345 0.3251181108829969 31092
1647531893291 0.3252329107386933 31093
1647531894328 0.32536609854721005 31094
1647531895488 0.32541265548571296 31095
1647531896744 0.32534006934493237 31096
1647531897898 0.32528974105500513 31097
1647531899192 0.32528377178949786 31098
1647531900424 0.3253000804983351 31099
1647531901444 0.32528912597920473 31100
1647531902875 0.32526227460600515 31101
1647531904152 0.32523820700579503 31102
1647531905274 0.32527172068754834 31103
1647531906377 0.3253138986921598 31104
1647531907620 0.3252856364281013 31105
1647531908701 0.32529202480956876 31106
1647531909719 0.3253223016575979 31107
1647531910861 0.3253457450651446 31108
1647531911843 0.32548848178583323 31109
1647531912919 0.3254675805312881 31110
1647531914178 0.3254163804021544 31111
1647531915193 0.3254395740197679 31112
1647531916310 0.3254703811484657 31113
1647531917346 0.3255120392942959 31114
1647531918442 0.3255903300566551 31115
1647531919384 0.3256702277265381 31116
1647531920371 0.32574558736114373 31117
1647531921506 0.3257927782293679 31118
1647531922564 0.3258232926185127 31119
1647531923694 0.32584430902562245 31120
1647531924483 0.3259772780497058 31121
1647531925503 0.3260642363038626 31122
1647531926854 0.326002493348915 31123
1647531927833 0.32605923612406945 31124
1647531928822 0.3260816095744149 31125
1647531930033 0.3260687241152522 31126
1647531931064 0.3261000681700037 31127
1647531931993 0.32611198792594626 31128
1647531933055 0.3260901754570974 31129
1647531934457 0.3260237079506685 31130
1647531935392 0.32608904096519364 31131
1647531936471 0.3260800215684775 31132
1647531937867 0.325993080595226 31133
1647531938911 0.3260284409465862 31134
1647531940029 0.3259985207133934 31135
1647531941133 0.32596891964562896 31136
1647531942210 0.3260020392528116 31137
1647531943178 0.32605923527394237 31138
1647531944203 0.32606282711678014 31139
1647531945184 0.32603576693325365 31140
1647531946255 0.3260251557871849 31141
1647531947388 0.32600943502676716 31142
1647531948312 0.32609024779476187 31143
1647531949268 0.326135529899617 31144
1647531950432 0.3261015166218082 31145
1647531951458 0.3261427883924195 31146
1647531952609 0.3260861701036055 31147
1647531953641 0.3261143643090057 31148
1647531954509 0.3261820191635048 31149
1647531955447 0.3262335741297338 31150
1647531956343 0.3262070968845986 31151
1647531957403 0.3262055228219708 31152
1647531958474 0.32617308703923464 31153
1647531959452 0.3262085348762097 31154
1647531960448 0.3262362782004451 31155
1647531961338 0.3262668571301869 31156
1647531962332 0.3263132664261281 31157
1647531963316 0.3263502591838546 31158
1647531964232 0.3264170473524334 31159
1647531965334 0.32642411298957874 31160
1647531966123 0.32646916004044835 31161
1647531967278 0.32647506368630425 31162
1647531968254 0.32652709980561034 31163
1647531969361 0.3265012635057143 31164
1647531970452 0.32649174942100634 31165
1647531971468 0.32648512397654034 31166
1647531972541 0.3264918431103132 31167
1647531973496 0.32652573131530477 31168
1647531974444 0.3265324730815646 31169
1647531975491 0.3265138525257305 31170
1647531976487 0.3265693172034587 31171
1647531977555 0.32655385927203817 31172
1647531978631 0.32652372389983275 31173
1647531979666 0.3265061148959898 31174
1647531980741 0.3265038158714287 31175
1647531981653 0.32652992926459307 31176
1647531982634 0.32651935564958817 31177
1647531983733 0.3265052967722205 31178
1647531984745 0.3265013451924973 31179
1647531985751 0.3265012311669979 31180
1647531987160 0.32642984469828096 31181
1647531988217 0.3264434666477487 31182
1647531989159 0.3264659992953302 31183
1647531990368 0.3264346349325942 31184
1647531991403 0.3264116597512076 31185
1647531992330 0.3264336049988998 31186
1647531993576 0.3263797560127845 31187
1647531994895 0.32629859527799265 31188
1647531996097 0.3262384299464356 31189
1647531997152 0.32623882811950394 31190
1647531998013 0.32628319323971794 31191
1647531999209 0.32626312525394735 31192
1647532000136 0.3262555170923663 31193
1647532001102 0.3262977221305128 31194
1647532001976 0.32637859214544296 31195
1647532002923 0.32641211686898575 31196
1647532003806 0.3265088157841382 31197
1647532005177 0.3264251567084411 31198
1647532006358 0.3264829179174022 31199
1647532007389 0.3265272056913946 31200
1647532008339 0.3266030285910816 31201
1647532009756 0.326548805361052 31202
1647532010862 0.32657938338046233 31203
1647532012060 0.32655002154273777 31204
1647532013225 0.32658245584794454 31205
1647532014182 0.3266789812497162 31206
1647532015560 0.3266700671752546 31207
1647532016753 0.32666531410466465 31208
1647532018225 0.32662079961899715 31209
1647532019669 0.3265699522297373 31210
1647532021025 0.3265859309060125 31211
1647532022109 0.326691458544208 31212
1647532023148 0.32672511718062575 31213
1647532024639 0.3266623014535746 31214
1647532025686 0.3267947639067342 31215
1647532026784 0.32681649494227416 31216
1647532028218 0.3267680251701448 31217
1647532029519 0.326784838655289 31218
1647532030504 0.3269056081070069 31219
1647532031463 0.326974077575347 31220
1647532032503 0.3270357433578064 31221
1647532033631 0.3270575700323378 31222
1647532034903 0.32702087621453785 31223
1647532036242 0.3270121839150868 31224
1647532037442 0.32704034601338206 31225
1647532038516 0.32708825490886023 31226
1647532039655 0.32717523620392713 31227
1647532040771 0.32718379666632447 31228
1647532042283 0.327132040861054 31229
1647532043369 0.3271377846192757 31230
1647532044503 0.3271100509963918 31231
1647532045601 0.327107129767595 31232
1647532046646 0.32715176205549923 31233
1647532047645 0.3271984792523277 31234
1647532048859 0.32715927108313686 31235
1647532049907 0.3271814952009321 31236
1647532050951 0.3272424318795972 31237
1647532052335 0.3271798680594792 31238
1647532053532 0.32713163551950747 31239
1647532054636 0.327195157243018 31240
1647532055677 0.3272649099084514 31241
1647532056744 0.32731515519556487 31242
1647532058439 0.3273184070900335 31243
1647532059460 0.3273359235315896 31244
1647532060650 0.3273445495619224 31245
1647532061677 0.3274323385807297 31246
1647532061871 0.3272782470315649 31247
