1647527484703 0.39100828766822815 27342
1647527486524 0.4288812577724457 27343
1647527488289 0.3904075026512146 27344
1647527489838 0.3948645144701004 27345
1647527491397 0.4018521308898926 27346
1647527492464 0.4037161221106847 27347
1647527493501 0.4046404021126883 27348
1647527494503 0.41554782912135124 27349
1647527495589 0.41333889298968846 27350
1647527496511 0.41551266312599183 27351
1647527497606 0.41242415796626697 27352
1647527498651 0.4080786481499672 27353
1647527499671 0.41031705416165865 27354
1647527500798 0.4054301253386906 27355
1647527502341 0.3951711455980937 27356
1647527503387 0.396621311083436 27357
1647527504537 0.39447520235005545 27358
1647527506042 0.38777532014581895 27359
1647527507000 0.38755205430482564 27360
1647527508242 0.384119413793087 27361
1647527509364 0.38267989527611507 27362
1647527510559 0.38139701973308215 27363
1647527511680 0.3790487439736076 27364
1647527513051 0.373380068068703 27365
1647527514230 0.3738215070962906 27366
1647527515355 0.3739654209751349 27367
1647527516241 0.3769361316053956 27368
1647527517364 0.374560291745833 27369
1647527518612 0.37184485741730394 27370
1647527519728 0.37106240342060726 27371
1647527520832 0.3692203524612611 27372
1647527521854 0.36896287044510245 27373
1647527522863 0.3694051020976269 27374
1647527524171 0.36731205749161105 27375
1647527525438 0.36632575946194784 27376
1647527526635 0.3667614795267582 27377
1647527527610 0.367760825398806 27378
1647527528610 0.36933091165203796 27379
1647527529871 0.36711472769578296 27380
1647527530831 0.3689585465937853 27381
1647527531973 0.3683384566045389 27382
1647527533290 0.36765056954962866 27383
1647527534441 0.36687388288420303 27384
1647527535294 0.36735074120489036 27385
1647527536599 0.3642871684498257 27386
1647527537552 0.3656183306289756 27387
1647527538984 0.36428134238466303 27388
1647527539905 0.3653191030025482 27389
1647527541107 0.36375574919642234 27390
1647527542330 0.3630525517463684 27391
1647527543399 0.36339016930729734 27392
1647527544559 0.36358386507401097 27393
1647527545612 0.36332703648873094 27394
1647527546514 0.36490230372658483 27395
1647527547483 0.3649239708076824 27396
1647527548462 0.36674958414265085 27397
1647527549915 0.36505973757359017 27398
1647527551020 0.36507190866716976 27399
1647527552082 0.36441996036949803 27400
1647527553233 0.36525903443495433 27401
1647527554352 0.3646270847711407 27402
1647527555313 0.3657989775942218 27403
1647527556425 0.36652939092545284 27404
1647527557715 0.3663107808679342 27405
1647527559220 0.3654586223455576 27406
1647527560273 0.364830725572326 27407
1647527561511 0.36373990195900646 27408
1647527562830 0.3633897663915859 27409
1647527563993 0.3629875943280648 27410
1647527564999 0.36367673277854917 27411
1647527566161 0.36329762448727243 27412
1647527567279 0.363581801040305 27413
1647527568296 0.3644423043891175 27414
1647527569256 0.3638053999559299 27415
1647527570449 0.36244274814923605 27416
1647527571666 0.3622451424598694 27417
1647527572657 0.3620742749084126 27418
1647527573737 0.36140003150854355 27419
1647527574793 0.361891743880284 27420
1647527575842 0.3617015365511179 27421
1647527576939 0.3610798447956274 27422
1647527578014 0.3607680644930863 27423
1647527579447 0.35940110862973224 27424
1647527580573 0.35828224072853726 27425
1647527581520 0.35890361701740936 27426
1647527582460 0.3587301733881928 27427
1647527583739 0.35749467556504 27428
1647527584924 0.35722571916200896 27429
1647527586130 0.35677439644095604 27430
1647527587230 0.3562615152862337 27431
1647527588680 0.35516948981599494 27432
1647527589733 0.35476747835459915 27433
1647527590850 0.3548909185394164 27434
1647527591906 0.35433880540918794 27435
1647527593087 0.3533825259459646 27436
1647527593956 0.35368024961402017 27437
1647527594846 0.3537085550962035 27438
1647527595827 0.3537141279298432 27439
1647527596885 0.3536131339843827 27440
1647527597838 0.35396611541509626 27441
1647527599076 0.3530489339096711 27442
1647527600002 0.35331396203415066 27443
1647527601102 0.3525509194841663 27444
1647527602119 0.3519744042020578 27445
1647527603261 0.3513097524642944 27446
1647527604381 0.35092985742496996 27447
1647527605425 0.35056844910728596 27448
1647527606430 0.35059155965292893 27449
1647527607402 0.3507708078677501 27450
1647527608840 0.3499489396810532 27451
1647527609879 0.3493359625876487 27452
1647527611059 0.34904054552316666 27453
1647527612345 0.3481867571847629 27454
1647527613248 0.3478010466747117 27455
1647527614182 0.3477358113164487 27456
1647527615264 0.3474931249330784 27457
1647527616080 0.34780588363989806 27458
1647527617356 0.34681768866918855 27459
1647527618394 0.3462140126889493 27460
1647527619557 0.3454976186156273 27461
1647527620842 0.34476876677560414 27462
1647527622123 0.34390689884541464 27463
1647527623330 0.3434296111023523 27464
1647527624193 0.3431212420184766 27465
1647527625126 0.3434338847398758 27466
1647527626565 0.34241613639252527 27467
1647527627572 0.34286688197785475 27468
1647527628671 0.3429475085576996 27469
1647527630077 0.342514769166939 27470
1647527631110 0.3422197991838822 27471
1647527632093 0.34199857791416516 27472
1647527632954 0.3421275910328735 27473
1647527633944 0.3416947864724281 27474
1647527635144 0.34106486179490586 27475
1647527636208 0.341549567271162 27476
1647527637405 0.3408670123009121 27477
1647527638440 0.34082840480943666 27478
1647527639663 0.3400577968661336 27479
1647527640453 0.33992336540342233 27480
1647527641606 0.33958843808088984 27481
1647527642527 0.339277335409577 27482
1647527643482 0.33934170018199467 27483
1647527644462 0.3393429937687787 27484
1647527645668 0.33829539662433994 27485
1647527646654 0.3381761663946612 27486
1647527648079 0.3376406386290511 27487
1647527649078 0.33763734641529264 27488
1647527650219 0.3370238814402271 27489
1647527651575 0.33599653830064224 27490
1647527652445 0.3357555507620176 27491
1647527653592 0.33572110326479604 27492
1647527654498 0.33583551086485386 27493
1647527655387 0.3355623663835276 27494
1647527656329 0.3354446254186816 27495
1647527657378 0.3355631075559124 27496
1647527658616 0.3352756973069448 27497
1647527659758 0.33459312881633735 27498
1647527660785 0.3343023301302632 27499
1647527662135 0.3335957996687799 27500
1647527663175 0.3332779512740672 27501
1647527664364 0.332776027529136 27502
1647527665489 0.3322932263031418 27503
1647527666630 0.3318570827596758 27504
1647527667656 0.3318235031896975 27505
1647527668551 0.33216637472311655 27506
1647527669515 0.33191547309418756 27507
1647527670510 0.33211809673352155 27508
1647527671593 0.33184111233623254 27509
1647527672572 0.3319575126178166 27510
1647527673656 0.3319193190511535 27511
1647527674626 0.33204897584622367 27512
1647527675509 0.3320695452045563 27513
1647527676522 0.3319641507602151 27514
1647527677713 0.33158670357246506 27515
1647527679132 0.33091402454035623 27516
1647527680185 0.33066911258819426 27517
1647527681165 0.3307971051015423 27518
1647527682329 0.3304658065853494 27519
1647527683238 0.330693116650901 27520
1647527684186 0.33047680863075785 27521
1647527685428 0.3301810357946059 27522
1647527686364 0.3301972693630627 27523
1647527687312 0.33019140094030097 27524
1647527688214 0.3302564467910839 27525
1647527689174 0.330121296563664 27526
1647527690032 0.32998536695395747 27527
1647527691017 0.32968906866994135 27528
1647527692194 0.3294081690305091 27529
1647527693268 0.3291919482921166 27530
1647527694335 0.32889624716419924 27531
1647527695408 0.3286170585773378 27532
1647527696419 0.32828063929143053 27533
1647527697715 0.32812028142763544 27534
1647527698714 0.3280823941236919 27535
1647527699781 0.3281159391005834 27536
1647527700709 0.3278665588978602 27537
1647527701947 0.3275469519613963 27538
1647527703111 0.32749959578116733 27539
1647527704021 0.32739721013972506 27540
1647527704957 0.327531006410718 27541
1647527705911 0.3273719514335566 27542
1647527706962 0.3271140877415638 27543
1647527707878 0.32727886633626346 27544
1647527709081 0.32710599935814444 27545
1647527710269 0.32681605110808115 27546
1647527711266 0.3267480743307512 27547
1647527712351 0.3266411435920835 27548
1647527713797 0.3262256175422898 27549
1647527714799 0.32590740555496306 27550
1647527715830 0.3258229456487156 27551
1647527716951 0.3257463545454622 27552
1647527717738 0.32567337865255913 27553
1647527718711 0.32561362188466836 27554
1647527719719 0.3258758374602995 27555
1647527721089 0.32545844295690224 27556
1647527722029 0.3252056570102771 27557
1647527723379 0.3248282808999312 27558
1647527724270 0.3249589865770909 27559
1647527725320 0.32484364353086304 27560
1647527726465 0.3247736378826878 27561
1647527727926 0.3242384908021306 27562
1647527728977 0.32429988944047206 27563
1647527729896 0.32423770300743293 27564
1647527730772 0.3242094939175461 27565
1647527731613 0.3242722706662284 27566
1647527732661 0.32405433513685666 27567
1647527733717 0.3239755837271392 27568
1647527734910 0.323688371597152 27569
1647527736106 0.32347018782488646 27570
1647527737170 0.3231501400470734 27571
1647527738079 0.3230928155508908 27572
1647527739231 0.32269905250647973 27573
1647527740160 0.32284653570518984 27574
1647527741075 0.3229137894689527 27575
1647527741938 0.32304997735835134 27576
1647527743011 0.3227904536208864 27577
1647527743882 0.3229519702211211 27578
1647527745290 0.32244208361170873 27579
1647527746161 0.3223477158711046 27580
1647527747179 0.32206381727010014 27581
1647527748070 0.3221671349403769 27582
1647527749210 0.3219432322816415 27583
1647527750292 0.32179248694775037 27584
1647527751302 0.3215924802495808 27585
1647527752380 0.32127010858788785 27586
1647527753462 0.32131797535632683 27587
1647527754279 0.3215148848319343 27588
1647527755523 0.3211635080797057 27589
1647527756423 0.3213662067091609 27590
1647527757574 0.3212145314216614 27591
1647527758629 0.3210518455125421 27592
1647527759798 0.32088945853331735 27593
1647527760766 0.3208742782532462 27594
1647527762228 0.32044868446945207 27595
1647527763059 0.3203172521848305 27596
1647527764176 0.32002847653348 27597
1647527765232 0.3197626933049599 27598
1647527766203 0.31982723132584445 27599
1647527767072 0.31977616635989037 27600
1647527768288 0.31951217915003116 27601
1647527769699 0.3190611719057478 27602
1647527770720 0.31892524426447527 27603
1647527771784 0.3188327627376912 27604
1647527772756 0.31898803551766003 27605
1647527773805 0.31902304747194615 27606
1647527774844 0.3189414274087526 27607
1647527776244 0.3184791165456343 27608
1647527777280 0.31839632882333513 27609
1647527778244 0.31830480412258094 27610
1647527779406 0.31800174519971564 27611
1647527780364 0.317873179967553 27612
1647527781295 0.31789798755198717 27613
1647527782387 0.31774917239452893 27614
1647527783332 0.3176534443984937 27615
1647527784332 0.3179225851730867 27616
1647527785160 0.3178832882448383 27617
1647527786416 0.3176263331936585 27618
1647527787844 0.3173244868894275 27619
1647527788918 0.31711020937529943 27620
1647527790013 0.3172098703682423 27621
1647527791026 0.3173298977872231 27622
1647527792301 0.31706419935885893 27623
1647527793344 0.3167743038899486 27624
1647527794283 0.3166966573138472 27625
1647527795275 0.3166936770342944 27626
1647527796254 0.31663862751288846 27627
1647527797399 0.31629292282700955 27628
1647527798441 0.316124127815581 27629
1647527799566 0.31592605079952824 27630
1647527800788 0.3157951790197142 27631
1647527802258 0.31538149775917995 27632
1647527803396 0.31530139850427025 27633
1647527804412 0.3152727922075031 27634
1647527805388 0.3153598578203292 27635
1647527806830 0.3148082043154765 27636
1647527808058 0.31457934951460037 27637
1647527809219 0.3145037425888909 27638
1647527810119 0.31468674250497114 27639
1647527811188 0.31452488689916985 27640
1647527812320 0.31430460428198176 27641
1647527813500 0.31418024181725573 27642
1647527814386 0.314400490496727 27643
1647527815390 0.31424300382436304 27644
1647527816362 0.3143908066282931 27645
1647527817385 0.3141784846782684 27646
1647527818471 0.31416482765690174 27647
1647527819508 0.31412377769085015 27648
1647527820405 0.3144292085395231 27649
1647527821381 0.31453869720878724 27650
1647527822378 0.314466883194062 27651
1647527823324 0.314655637146959 27652
1647527824418 0.31460052060011107 27653
1647527825242 0.314436826462182 27654
1647527826218 0.31438119567123946 27655
1647527827299 0.3141008975013854 27656
1647527828255 0.3140692545831958 27657
1647527829205 0.31405208765144227 27658
1647527830194 0.3140616446920911 27659
1647527831550 0.3137809631873074 27660
1647527832485 0.3136176134925336 27661
1647527833618 0.313505158571068 27662
1647527834512 0.3135985762158536 27663
1647527835584 0.31347460389690873 27664
1647527836787 0.3132879364729663 27665
1647527838196 0.31295420967615567 27666
1647527839200 0.31298492007826 27667
1647527840245 0.31291624885451175 27668
1647527841388 0.31284510098942897 27669
1647527842452 0.31282342458568446 27670
1647527843569 0.3125634582205252 27671
1647527844665 0.31231817571598236 27672
1647527845529 0.31239800536668444 27673
1647527846800 0.3121239546540979 27674
1647527847942 0.31181453592227604 27675
1647527849033 0.31176713727303407 27676
1647527850108 0.3116584810029183 27677
1647527851496 0.311413651404112 27678
1647527852798 0.31120407810577977 27679
1647527853845 0.31110256734499186 27680
1647527854860 0.3109519278301912 27681
1647527856294 0.31069330674462303 27682
1647527857700 0.31044946484572705 27683
1647527858643 0.3105869341435307 27684
1647527860089 0.3103271194755338 27685
1647527861231 0.31030122166958407 27686
1647527862062 0.3103731002852407 27687
1647527863116 0.3102146721624847 27688
1647527864206 0.31020424733388013 27689
1647527865374 0.31004389885674233 27690
1647527866296 0.30987901819603786 27691
1647527867313 0.3099211624629817 27692
1647527868399 0.30983441606671974 27693
1647527869594 0.30976126286024414 27694
1647527870585 0.30970610968642315 27695
1647527871511 0.30966544432539334 27696
1647527872910 0.30941443517804146 27697
1647527874289 0.30906286222093243 27698
1647527875352 0.30891019900917344 27699
1647527876397 0.30884435851759895 27700
1647527877444 0.3088842129127847 27701
1647527878567 0.308817612125933 27702
1647527879783 0.3086557151615949 27703
1647527880666 0.30873600457161254 27704
1647527881683 0.30877758370159747 27705
1647527882577 0.30889914195015006 27706
1647527883556 0.30907096404358336 27707
1647527884467 0.309092759720636 27708
1647527885609 0.309250030707082 27709
1647527886793 0.30964608797374454 27710
1647527887732 0.31015787893855895 27711
1647527888840 0.3104460141809803 27712
1647527889937 0.3109129722961175 27713
1647527891373 0.3109612188054793 27714
1647527892321 0.3115484875074045 27715
1647527893329 0.3118511342604955 27716
1647527894349 0.3121246178337234 27717
1647527895602 0.312140093518505 27718
1647527896697 0.31225910447735006 27719
1647527897582 0.3126243310034432 27720
1647527898646 0.3127682899566073 27721
1647527899565 0.31295740835153524 27722
1647527900429 0.3131925439101239 27723
1647527901827 0.31324901145836703 27724
1647527902928 0.31325063734160113 27725
1647527904030 0.31332056681057074 27726
1647527905244 0.31330662830660383 27727
1647527906296 0.31345461054827817 27728
1647527907229 0.31366990510489523 27729
1647527908628 0.3135986636490932 27730
1647527910023 0.31367331716494684 27731
1647527911260 0.31360520376726186 27732
1647527912385 0.3135445515188027 27733
1647527913221 0.31387467909860245 27734
1647527914317 0.31396655893416575 27735
1647527915512 0.3139587410265886 27736
1647527916568 0.3140391997541442 27737
1647527917554 0.31419895904640704 27738
1647527918768 0.314175852541648 27739
1647527919794 0.31444557272551354 27740
1647527920867 0.31458450395613907 27741
1647527921759 0.3148414571757923 27742
1647527922808 0.31495993169237724 27743
1647527923816 0.3149579791883677 27744
1647527924730 0.31521509340641524 27745
1647527926133 0.3151973579032922 27746
1647527927122 0.3153817551990448 27747
1647527928259 0.31544302989721884 27748
1647527929412 0.31553987950524864 27749
1647527930366 0.3156103357344793 27750
1647527931393 0.31584016277295784 27751
1647527932393 0.3160058207392983 27752
1647527933469 0.3161067744554247 27753
1647527934618 0.31603897119405483 27754
1647527935643 0.31615156378003134 27755
1647527937046 0.3161514968398106 27756
1647527938199 0.31624180168056715 27757
1647527939453 0.3160446956932402 27758
1647527940528 0.3160052942958745 27759
1647527941410 0.31617984883398315 27760
1647527942412 0.3162271121073337 27761
1647527943737 0.3162835406365134 27762
1647527944805 0.316381464319489 27763
1647527946253 0.3162758082996869 27764
1647527947179 0.31637427776630195 27765
1647527948248 0.316505842314047 27766
1647527949282 0.316700896921572 27767
1647527950413 0.31677202964136136 27768
1647527951452 0.3168148067997438 27769
1647527952682 0.3168363304057599 27770
1647527953818 0.31682039814632995 27771
1647527955266 0.31675270217062423 27772
1647527956331 0.31681445492776455 27773
1647527957223 0.31691238741814126 27774
1647527958288 0.3170408842407064 27775
1647527959495 0.3171150344199148 27776
1647527960576 0.3171789189202523 27777
1647527961764 0.31710993728730447 27778
1647527962833 0.31709662266926136 27779
1647527963767 0.3171765156310892 27780
1647527964661 0.3174649958244779 27781
1647527965687 0.31757599767508693 27782
1647527966773 0.3175838772730051 27783
1647527967858 0.31763816421376395 27784
1647527969076 0.3177044489295096 27785
1647527970235 0.31788845092393037 27786
1647527971279 0.3179357936229941 27787
1647527972263 0.31804362989512064 27788
1647527973304 0.3180880732501724 27789
1647527974172 0.3182641391565646 27790
1647527975154 0.31852911170985965 27791
1647527976244 0.3184967862066303 27792
1647527977433 0.31840705775977235 27793
1647527978768 0.3183780492470491 27794
1647527979954 0.31841566643394564 27795
1647527980861 0.31861768256831957 27796
1647527981929 0.3186688352245511 27797
1647527982771 0.31898300890979936 27798
1647527983840 0.3190976248232558 27799
1647527984995 0.31918074249052536 27800
1647527986175 0.3191261154478011 27801
1647527987342 0.3190430560817946 27802
1647527988704 0.3189784288083836 27803
1647527989831 0.31902041249218566 27804
1647527990947 0.31909609017572527 27805
1647527992035 0.31911087859702364 27806
1647527993460 0.3190105218808027 27807
1647527994573 0.31912296566896825 27808
1647527995559 0.3192949520790169 27809
1647527996781 0.3192441779603836 27810
1647527997679 0.3193716021611335 27811
1647527999070 0.31934032486375985 27812
1647528000303 0.31937381211605115 27813
1647528001703 0.31935321002505546 27814
1647528002776 0.3193714094627256 27815
1647528003877 0.31937950670719145 27816
1647528004776 0.3195424083964664 27817
1647528005867 0.3195457636247891 27818
1647528006935 0.31956152452709286 27819
1647528007974 0.31964051508828845 27820
1647528008937 0.3197464232953886 27821
1647528010276 0.31970010945678007 27822
1647528011645 0.31959782222370886 27823
1647528012933 0.31949438086824633 27824
1647528014074 0.3194382818461942 27825
1647528015273 0.3193874547469247 27826
1647528016380 0.3193601329692107 27827
1647528017804 0.31923306529894013 27828
1647528018745 0.31939499559583234 27829
1647528019826 0.3193902633246225 27830
1647528020711 0.31950051319234224 27831
1647528021863 0.31952247718565335 27832
1647528022922 0.3195295607353129 27833
1647528024073 0.31951316668223173 27834
1647528025243 0.3194874027660984 27835
1647528026627 0.3193489558467961 27836
1647528028027 0.31933093266261203 27837
1647528029185 0.31925305247426755 27838
1647528030305 0.3193394981893191 27839
1647528031489 0.3191985125412683 27840
1647528032787 0.3192073673605919 27841
1647528033811 0.31921046288189536 27842
1647528034969 0.3195150751635373 27843
1647528036061 0.319882341988281 27844
1647528037333 0.3200005747614399 27845
1647528038350 0.32032483532877254 27846
1647528039349 0.3206128843217028 27847
1647528040310 0.32095193745351636 27848
1647528041457 0.32114199126564613 27849
1647528042652 0.3212751524855908 27850
1647528043867 0.32133839679699316 27851
1647528044860 0.32171458157541233 27852
1647528046005 0.3218830032274127 27853
1647528047105 0.3221060365845121 27854
1647528048213 0.32226611436109137 27855
1647528049445 0.32236116418560734 27856
1647528050426 0.3224804028868675 27857
1647528051415 0.32277898597071664 27858
1647528052850 0.32271817113671986 27859
1647528053813 0.3229219623498604 27860
1647528054952 0.3229734176053451 27861
1647528056025 0.32313362879396174 27862
1647528057277 0.3231000985336486 27863
1647528058480 0.3230741365347948 27864
1647528059533 0.32314612722123853 27865
1647528060609 0.32323885219437737 27866
1647528061738 0.32333270298890743 27867
1647528063000 0.32338118157305346 27868
1647528064219 0.3235126057018836 27869
1647528065055 0.3238196321155714 27870
1647528066035 0.3240416150610402 27871
1647528067033 0.32423270899248213 27872
1647528068139 0.3243352827384956 27873
1647528069260 0.3243960319383954 27874
1647528070402 0.3245159661055504 27875
1647528071490 0.32452877798927166 27876
1647528072963 0.3245384901650806 27877
1647528074397 0.3244722111487078 27878
1647528075408 0.3246329650559833 27879
1647528076578 0.32473145997590613 27880
1647528077463 0.3249166660286762 27881
1647528078516 0.3250012263352681 27882
1647528079620 0.32495274650434725 27883
1647528080744 0.3249945737160811 27884
1647528081704 0.32518392658847217 27885
1647528082783 0.3253145879561748 27886
1647528084184 0.3252410745664394 27887
1647528085376 0.3252071198859206 27888
1647528086386 0.325292652649601 27889
1647528087561 0.3252948785305892 27890
1647528088684 0.3254312271421606 27891
1647528089858 0.3255144022337538 27892
1647528091160 0.32550361973867903 27893
1647528092115 0.32564605872195623 27894
1647528093547 0.32558502574259623 27895
1647528094667 0.32567863034772443 27896
1647528095838 0.3258185723809887 27897
1647528096960 0.3258618842442545 27898
1647528098013 0.325951955598315 27899
1647528099085 0.3259702206510977 27900
1647528100247 0.3260074150881597 27901
1647528101479 0.32595667349250984 27902
1647528102615 0.32597822608472615 27903
1647528103756 0.326118765144111 27904
1647528105162 0.32601571870399704 27905
1647528106609 0.3259180563741026 27906
1647528107743 0.32606322747447886 27907
1647528108667 0.32622796544112015 27908
1647528109634 0.3262924480606133 27909
1647528111083 0.3262161677981512 27910
1647528112241 0.32619912723700206 27911
1647528113303 0.3262754261180524 27912
1647528114285 0.32639767578640183 27913
1647528115411 0.3264452483225451 27914
1647528116557 0.3264640343833053 27915
1647528117935 0.3263291541908098 27916
1647528118993 0.3265141116765638 27917
1647528120445 0.32643603700079166 27918
1647528121562 0.32652182815190417 27919
1647528122600 0.3266838928475487 27920
1647528123766 0.32679194551089713 27921
1647528125143 0.3267644010291863 27922
1647528126116 0.32684610400003256 27923
1647528127017 0.32700249307355994 27924
1647528128004 0.32705285303192594 27925
1647528129154 0.3271185958487356 27926
1647528130273 0.32719191527407326 27927
1647528131533 0.32731318189500747 27928
1647528132662 0.32733379415914315 27929
1647528133758 0.32736263640465274 27930
1647528134677 0.3275249010930627 27931
1647528135866 0.3275391189176621 27932
1647528136896 0.3275876795822704 27933
1647528137994 0.3276310949562774 27934
1647528139033 0.3277597583905615 27935
1647528140093 0.32780092088114315 27936
1647528141266 0.3278749116115122 27937
1647528142329 0.32787879158304367 27938
1647528143434 0.32793575041868217 27939
1647528144441 0.32804838016952614 27940
1647528145560 0.3279657616217931 27941
1647528146562 0.3279748656190374 27942
1647528147785 0.3280356598157819 27943
1647528148976 0.32817168175482236 27944
1647528150069 0.3281910466832041 27945
1647528151453 0.32810393970859936 27946
1647528152428 0.3282012096037566 27947
1647528153854 0.3281402228004261 27948
1647528155200 0.32812468325229066 27949
1647528156205 0.3281998888318762 27950
1647528157298 0.32826883763563436 27951
1647528158260 0.32848319357623834 27952
1647528159335 0.3285915019855001 27953
1647528160535 0.32862714326790066 27954
1647528161590 0.3286551353112106 27955
1647528162646 0.3286968965355943 27956
1647528164004 0.3286432203437601 27957
1647528165477 0.32853701150398007 27958
1647528166527 0.32858940872173864 27959
1647528167574 0.3286036564479544 27960
1647528168585 0.32870190494483514 27961
1647528169712 0.32869812908571894 27962
1647528170846 0.32880189511745306 27963
1647528171966 0.3288589281121188 27964
1647528173041 0.3289718866730348 27965
1647528174116 0.32903042631149293 27966
1647528175221 0.3291043581101841 27967
1647528176373 0.32915754661415564 27968
1647528177473 0.32916283797306617 27969
1647528178699 0.3290812704824681 27970
1647528179986 0.32905240848896994 27971
1647528180917 0.32921213194987664 27972
1647528182325 0.3290608382394797 27973
1647528183339 0.32913457264455764 27974
1647528184505 0.32911940487777397 27975
1647528185398 0.32922745858590435 27976
1647528186764 0.3291643997127155 27977
1647528187883 0.32926918891385737 27978
1647528188923 0.32928778287198474 27979
1647528189969 0.3293975400439637 27980
1647528191076 0.329453649232164 27981
1647528192151 0.32943602034156666 27982
1647528193581 0.32934628422386547 27983
1647528194608 0.32946784203382523 27984
1647528195748 0.3295065191406641 27985
1647528197141 0.3294029493202535 27986
1647528198306 0.329417494197748 27987
1647528199461 0.3293762886911124 27988
1647528200557 0.32937270154555637 27989
1647528201998 0.3292804154666436 27990
1647528203140 0.329319326373247 27991
1647528204394 0.329250543989161 27992
1647528205776 0.32908328014648763 27993
1647528206898 0.3291942583108934 27994
1647528207891 0.32929998818522926 27995
1647528209068 0.32931373242203515 27996
1647528210499 0.3291701979071992 27997
1647528211459 0.3293743216329151 27998
1647528212504 0.32950003873160544 27999
1647528213634 0.3295642376533951 28000
1647528214783 0.3295438910298275 28001
1647528215893 0.32946595168600645 28002
1647528217004 0.32940854003872394 28003
1647528218415 0.3293115099046385 28004
1647528219517 0.3294077199850097 28005
1647528220575 0.32942278338106057 28006
1647528221557 0.3295719562484337 28007
1647528222505 0.3296912060282577 28008
1647528223570 0.3297894270254109 28009
1647528224503 0.329982275808695 28010
1647528225621 0.3300213725931609 28011
1647528226742 0.33003339777671453 28012
1647528228125 0.32992948141569894 28013
1647528229375 0.32989542699940666 28014
1647528230493 0.32987878944735854 28015
1647528231719 0.3298466433198364 28016
1647528232839 0.3299198169371433 28017
1647528233760 0.33003367237097403 28018
1647528234929 0.3300070573842279 28019
1647528235948 0.3300813613610345 28020
1647528237430 0.3300873839899021 28021
1647528238576 0.33025382796135594 28022
1647528239616 0.3305097031147599 28023
1647528241058 0.33054775486142535 28024
1647528242073 0.3307211019795889 28025
1647528243390 0.33075891818008285 28026
1647528244431 0.33094765122100145 28027
1647528245478 0.33111640253528585 28028
1647528246651 0.33100152516001186 28029
1647528247713 0.3310209057889933 28030
1647528248891 0.33098402487626977 28031
1647528250304 0.3308946128217598 28032
1647528251278 0.33097878763872074 28033
1647528252281 0.33108069888527086 28034
1647528253266 0.3311176216954457 28035
1647528254450 0.33117071984054375 28036
1647528255551 0.3311901917873785 28037
1647528256474 0.3313079809227496 28038
1647528257573 0.331290184490831 28039
1647528258668 0.3313128578773725 28040
1647528259521 0.33140962096197263 28041
1647528260421 0.33153369531736904 28042
1647528261399 0.33160132031749795 28043
1647528262411 0.3316894577416044 28044
1647528263444 0.331663423365998 28045
1647528264366 0.33169999167006065 28046
1647528265399 0.3316790690967449 28047
1647528266524 0.33165992029232555 28048
1647528267601 0.3317334975436919 28049
1647528268479 0.33181413316676245 28050
1647528269453 0.33191344664550165 28051
1647528270379 0.3319694155672599 28052
1647528271331 0.33208679250870526 28053
1647528272323 0.33209660772605165 28054
1647528273308 0.3322352912036979 28055
1647528274247 0.332297437070133 28056
1647528275334 0.33221222603870504 28057
1647528276530 0.3321661013314913 28058
1647528277917 0.3320176991372055 28059
1647528278900 0.3320517419566697 28060
1647528279923 0.332059810248514 28061
1647528281106 0.33206985824729796 28062
1647528282141 0.3320869862249023 28063
1647528283031 0.33218488865950624 28064
1647528283952 0.3322678891869869 28065
1647528284844 0.33249089880236266 28066
1647528285795 0.3325460199933735 28067
1647528286674 0.33263161690313847 28068
1647528287833 0.33258101878339774 28069
1647528288644 0.332709049553047 28070
1647528289568 0.3327433645112874 28071
1647528290649 0.33272457218610474 28072
1647528292024 0.3326209483698743 28073
1647528293174 0.33254083757267155 28074
1647528294196 0.332559168034256 28075
1647528295259 0.3325441010752503 28076
1647528296162 0.3326822277765883 28077
1647528297234 0.3326767440202925 28078
1647528298461 0.3325920975830174 28079
1647528299849 0.33249814772073566 28080
1647528301008 0.332442869789697 28081
1647528302030 0.3324203522380708 28082
1647528303022 0.33248329228869666 28083
1647528304228 0.33239725410617377 28084
1647528305125 0.33238184434031287 28085
1647528306397 0.33232289862712755 28086
1647528307439 0.3323673209819653 28087
1647528308507 0.33242907954586876 28088
1647528309660 0.33242110276525033 28089
1647528310725 0.33239219533665 28090
1647528311646 0.3324276921947797 28091
1647528312501 0.33251392855228346 28092
1647528313684 0.3324659287414335 28093
1647528315065 0.3323633990795964 28094
1647528315972 0.3324143714827315 28095
1647528316963 0.3323873992984658 28096
1647528318058 0.33233740612391444 28097
1647528319016 0.3323818029272352 28098
1647528319916 0.33242639979853794 28099
1647528320962 0.3324712596352707 28100
1647528322033 0.33241699896752835 28101
1647528323070 0.3324256989512588 28102
1647528323910 0.33245432785567963 28103
1647528324854 0.3324867603546045 28104
1647528325757 0.33254732856653746 28105
1647528326723 0.33258451743453155 28106
1647528327722 0.33259861379394956 28107
1647528328685 0.3326226318791761 28108
1647528329525 0.3327301431951734 28109
1647528330750 0.3326448697223775 28110
1647528331712 0.3326487045977023 28111
1647528332683 0.33265825153247547 28112
1647528333676 0.33266450740744413 28113
1647528334655 0.332677467693641 28114
1647528335544 0.3327252237025157 28115
1647528336617 0.33261940365837467 28116
1647528337658 0.3325819501595706 28117
1647528338647 0.3326036262504536 28118
1647528339552 0.3326818000113443 28119
1647528340471 0.33279617520979343 28120
1647528341893 0.3326603039334982 28121
1647528342787 0.33274278804068375 28122
1647528343760 0.33275950770548846 28123
1647528344950 0.3326717382189871 28124
1647528345915 0.33279715972591417 28125
1647528346849 0.3328583648250361 28126
1647528348261 0.3327283483121838 28127
1647528349129 0.33283796705769464 28128
1647528350038 0.33289452872905634 28129
1647528350987 0.332905628042076 28130
1647528351906 0.33298959520798693 28131
1647528352824 0.33303001048290626 28132
1647528353735 0.3330687674308064 28133
1647528354675 0.3331508325673593 28134
1647528355563 0.3333096231336257 28135
1647528356506 0.3334207390839199 28136
1647528357344 0.33357308861149015 28137
1647528358349 0.33358432507724356 28138
1647528359231 0.3335738243315752 28139
1647528360273 0.3335623875055206 28140
1647528361307 0.33362895622849464 28141
1647528362359 0.3336618406495798 28142
1647528363230 0.3337454779115401 28143
1647528364269 0.33384033347274716 28144
1647528365388 0.33389146006967296 28145
1647528366512 0.33384500153316476 28146
1647528367497 0.333926257254468 28147
1647528368947 0.33384611116909185 28148
1647528370130 0.333834047696673 28149
1647528370989 0.3338132866822892 28150
1647528371928 0.3338594369682265 28151
1647528373029 0.33383156669713127 28152
1647528373911 0.3338742266808237 28153
1647528374957 0.3339249738028129 28154
1647528375966 0.33398118505313884 28155
1647528376925 0.3339802868161465 28156
1647528377991 0.3339871963960867 28157
1647528379096 0.3340460272868377 28158
1647528380492 0.33392181143638267 28159
1647528381595 0.3338971211505606 28160
1647528382683 0.3338619658496322 28161
1647528383633 0.3338787077623221 28162
1647528384704 0.3339144699909971 28163
1647528385860 0.3338837503735089 28164
1647528386845 0.33393815351487366 28165
1647528387762 0.3339977384336067 28166
1647528388961 0.3338825232360611 28167
1647528390100 0.33386956432782466 28168
1647528391276 0.33381627627832877 28169
1647528392250 0.3339106315618833 28170
1647528393320 0.3338213689535497 28171
1647528394389 0.33377256966167984 28172
1647528395295 0.33381680186049867 28173
1647528396440 0.33378742567273606 28174
1647528397511 0.3338017857653632 28175
1647528398601 0.33381038381310996 28176
1647528399528 0.3338340620496912 28177
1647528400544 0.33384295904579414 28178
1647528401492 0.3338480267967131 28179
1647528402456 0.3338439913024777 28180
1647528403405 0.33393082326011997 28181
1647528404494 0.33392411372962094 28182
1647528405523 0.33396116491946926 28183
1647528406612 0.33392883356426395 28184
1647528407764 0.333955981879014 28185
1647528408644 0.33409971727069315 28186
1647528409678 0.3341910789938683 28187
1647528410541 0.33423791913735684 28188
1647528411379 0.33427147990760375 28189
1647528412426 0.33428699278368124 28190
1647528413451 0.3342790539650356 28191
1647528414387 0.33437092245045336 28192
1647528415339 0.33436513358088726 28193
1647528416289 0.33445893039387525 28194
1647528417196 0.3346070092546577 28195
1647528418243 0.33466620997727264 28196
1647528419175 0.33472348236104593 28197
1647528420125 0.33482678735339655 28198
1647528421034 0.3349439946886821 28199
1647528422046 0.3349702565890669 28200
1647528423427 0.33490115177146224 28201
1647528424593 0.3348541606420978 28202
1647528425519 0.33493661833818994 28203
1647528426459 0.3350090939607709 28204
1647528427544 0.33505686981327554 28205
1647528428659 0.3352028719090313 28206
1647528429792 0.3352043277155995 28207
1647528430955 0.335191976945018 28208
1647528431864 0.3352981458508199 28209
1647528433005 0.3352352097304699 28210
1647528434078 0.33527088982277903 28211
1647528435081 0.33531291929985707 28212
1647528435985 0.33534183289958247 28213
1647528437186 0.3353256692966918 28214
1647528438141 0.3353507841172153 28215
1647528439238 0.3353531414270401 28216
1647528440522 0.33526036638307244 28217
1647528441641 0.3351613153175726 28218
1647528442883 0.3351410450010745 28219
1647528444060 0.33508507900609635 28220
1647528445002 0.3351964486762881 28221
1647528445995 0.3352050179960238 28222
1647528447001 0.33524664812415095 28223
1647528448060 0.33522919726601275 28224
1647528449089 0.33526742133012727 28225
1647528450123 0.3352729794164162 28226
1647528451205 0.3353060918353481 28227
1647528452267 0.33533631298762434 28228
1647528453345 0.3352966007382215 28229
1647528454263 0.33531356027142406 28230
1647528455319 0.3353701420881775 28231
1647528456322 0.3354390402534594 28232
1647528457431 0.33546880661038003 28233
1647528458534 0.3355091995614907 28234
1647528459546 0.33558345306039655 28235
1647528460658 0.3355653641110692 28236
1647528461750 0.3355160002496892 28237
1647528462770 0.335528868014863 28238
1647528463859 0.3355397485976495 28239
1647528464702 0.3356066151409181 28240
1647528465647 0.33562974014216 28241
1647528466736 0.3356166286983183 28242
1647528467848 0.33557286282005966 28243
1647528469050 0.335516910368818 28244
1647528469942 0.33555811167224847 28245
1647528471137 0.33550622731611873 28246
1647528472395 0.3354208705737101 28247
1647528473360 0.33546670428513164 28248
1647528474414 0.33550326728019947 28249
1647528475355 0.335466361167145 28250
1647528476579 0.33542793073824473 28251
1647528477493 0.3354876214959357 28252
1647528478382 0.3355171313313277 28253
1647528479278 0.33553908138585903 28254
1647528480223 0.3355854103256107 28255
1647528481148 0.3356357091600126 28256
1647528482257 0.33557204757390063 28257
1647528483204 0.3356017513747044 28258
1647528484126 0.3356873980177514 28259
1647528485033 0.3358025226389363 28260
1647528486382 0.3357564265475325 28261
1647528487263 0.3357433760366792 28262
1647528488328 0.3357562177901413 28263
1647528489763 0.33565068766394 28264
1647528490883 0.33564940964182216 28265
1647528492015 0.3356729029803663 28266
1647528493017 0.33567409759656913 28267
1647528493843 0.3357271360958793 28268
1647528494957 0.3357139233788797 28269
1647528496116 0.33567091525884185 28270
1647528497219 0.33560806745162575 28271
1647528498308 0.3356362011935862 28272
1647528499761 0.33557383772065713 28273
1647528500641 0.33561930077955016 28274
1647528501926 0.33557377776382313 28275
1647528502949 0.33556058733539784 28276
1647528504197 0.3354911643565975 28277
1647528505410 0.3354016757284946 28278
1647528506395 0.3353930929544638 28279
1647528507411 0.3353942702023493 28280
1647528508663 0.33527099290426743 28281
1647528509679 0.33532682134038455 28282
1647528510732 0.33528196545922834 28283
1647528511538 0.33533852161051486 28284
1647528512404 0.33541172086182286 28285
1647528513356 0.33540099572252347 28286
1647528514398 0.33534123356322154 28287
1647528515407 0.3353590507693628 28288
1647528516544 0.33528536146325905 28289
1647528517613 0.33526616415560434 28290
1647528518644 0.33524673945025396 28291
1647528519592 0.3352174898678071 28292
1647528520518 0.3352200214539756 28293
1647528521727 0.33519360498141143 28294
1647528522608 0.33528130665515204 28295
1647528523646 0.33528537275903514 28296
1647528524524 0.3352818629669345 28297
1647528525488 0.33534870417389623 28298
1647528526707 0.33530715073698 28299
1647528527749 0.3353167980505354 28300
1647528528738 0.33532975676159066 28301
1647528529787 0.33533451922478213 28302
1647528530668 0.3353829029753897 28303
1647528531738 0.33542152125144675 28304
1647528532741 0.3355235432997284 28305
1647528533614 0.3355965895356292 28306
1647528535014 0.335505537148835 28307
1647528536133 0.3355115842856197 28308
1647528537124 0.33557771063171143 28309
1647528537996 0.33566460397836473 28310
1647528539209 0.33561913899539675 28311
1647528540058 0.3356620516823691 28312
1647528541021 0.33566191718902116 28313
1647528541940 0.3357474216454321 28314
1647528542952 0.3357446815749703 28315
1647528544000 0.3357444372543922 28316
1647528544938 0.33579359008151977 28317
1647528545901 0.33582665256492433 28318
1647528547001 0.33580194697058274 28319
1647528547911 0.3358736379458298 28320
1647528548897 0.335896667746865 28321
1647528549953 0.3358844052639455 28322
1647528551029 0.33584983240198457 28323
1647528551905 0.33590258244095356 28324
1647528552843 0.3359167029460271 28325
1647528553931 0.33590189748004 28326
1647528554836 0.3359360571565299 28327
1647528556025 0.33592934210491276 28328
1647528557399 0.3358597242035847 28329
1647528558433 0.3358575339806695 28330
1647528559439 0.3358009261916382 28331
1647528560573 0.33578462166454187 28332
1647528561789 0.33574259728794137 28333
1647528562896 0.33570669812018056 28334
1647528563922 0.33575983225579714 28335
1647528565084 0.33577842044470896 28336
1647528566272 0.335757051276634 28337
1647528567307 0.33575794516260193 28338
1647528568257 0.33583148325492956 28339
1647528569767 0.33594117120460226 28340
1647528571267 0.3359915200769901 28341
1647528572792 0.33604654089196934 28342
1647528574053 0.3361968163720624 28343
1647528575225 0.33637891500326594 28344
1647528576730 0.3364745571734421 28345
1647528577851 0.33663131410802777 28346
1647528579006 0.336783686108428 28347
1647528580315 0.3367832936975428 28348
1647528581333 0.33691777581615107 28349
1647528582584 0.3369437641620163 28350
1647528583994 0.3369184855187293 28351
1647528584992 0.33704390809396845 28352
1647528586076 0.3371048234844867 28353
1647528587264 0.3371852806384095 28354
1647528588340 0.3372559259100073 28355
1647528589354 0.33737304422068476 28356
1647528590637 0.3373219665051915 28357
1647528591769 0.33738280438626644 28358
1647528592751 0.3374423817649103 28359
1647528593903 0.337430067835659 28360
1647528595100 0.3374922621483896 28361
1647528596057 0.33756631192451125 28362
1647528597128 0.3376156518020742 28363
1647528598189 0.3376799960814613 28364
1647528599281 0.3377211186452769 28365
1647528600280 0.3377980113610989 28366
1647528601171 0.33787291684345894 28367
1647528602110 0.33792007999619816 28368
1647528603284 0.33786508069891874 28369
1647528604506 0.33778147062013403 28370
1647528605458 0.33780367151626106 28371
1647528606679 0.3377802705845708 28372
1647528607746 0.33778811979663464 28373
1647528608800 0.3377819284580338 28374
1647528609869 0.33776611960141756 28375
1647528610860 0.3377486551441432 28376
1647528611820 0.33770255914180897 28377
1647528612841 0.33774005398226103 28378
1647528614027 0.3376514826666183 28379
1647528615109 0.3376216036809879 28380
1647528616131 0.3376071353084766 28381
1647528617164 0.33759471530758567 28382
1647528618030 0.337564948452869 28383
1647528618827 0.3375878755221088 28384
1647528619989 0.337539819522379 28385
1647528620894 0.33751648741475704 28386
1647528622333 0.33737488573926355 28387
1647528623418 0.33734403009799513 28388
1647528624567 0.33728285613007675 28389
1647528625700 0.33719450197013023 28390
1647528626682 0.3372383562298048 28391
1647528628004 0.33720126241927595 28392
1647528629166 0.33718834583693585 28393
1647528630056 0.3371751105938202 28394
1647528631106 0.3371482465055681 28395
1647528631990 0.3371290024846651 28396
1647528633048 0.33710185101142887 28397
1647528634498 0.3369995489251309 28398
1647528635374 0.33699614449011583 28399
1647528636767 0.3368857970656484 28400
1647528637651 0.3368767211178564 28401
1647528638739 0.3368164655119602 28402
1647528639705 0.3367802062389316 28403
1647528640594 0.3367041507534339 28404
1647528641414 0.3367063693310085 28405
1647528642346 0.3366477205439912 28406
1647528643276 0.33661846137181006 28407
1647528644481 0.3365746155004135 28408
1647528645394 0.3365960167755795 28409
1647528646549 0.3365077277396303 28410
1647528647551 0.3364371009519167 28411
1647528648437 0.3364719720948644 28412
1647528649544 0.33636021516772346 28413
1647528650537 0.33637554472779296 28414
1647528651650 0.3363616841409903 28415
1647528652640 0.3363213769779649 28416
1647528653511 0.3363226373787263 28417
1647528654341 0.3363502525076782 28418
1647528655364 0.33635674347904043 28419
1647528656345 0.3363504713889733 28420
1647528657261 0.3363475903040833 28421
1647528658326 0.33634673788192426 28422
1647528659373 0.3363227929623863 28423
1647528660400 0.3363176480499771 28424
1647528661313 0.33630974961932736 28425
1647528662401 0.33627770284903213 28426
1647528663236 0.3362923459892554 28427
1647528664363 0.33625091257288353 28428
1647528665558 0.33620370792991977 28429
1647528666678 0.3361483431387867 28430
1647528667525 0.3361672692616052 28431
1647528668431 0.33614845815653327 28432
1647528669585 0.33607699331783114 28433
1647528670598 0.3360465870793544 28434
1647528671789 0.3359694771563985 28435
1647528672881 0.33587991657866734 28436
1647528673980 0.33589651250708713 28437
1647528674954 0.3359030634572317 28438
1647528675988 0.3359715383235223 28439
1647528677106 0.3360234818695023 28440
1647528678201 0.3361080010641705 28441
1647528679380 0.3361630936463674 28442
1647528680428 0.3363291195267558 28443
1647528681343 0.3364954743997033 28444
1647528682474 0.33657906768654566 28445
1647528683293 0.3366770474080047 28446
1647528684446 0.33666941200199435 28447
1647528685541 0.33669907323067105 28448
1647528686387 0.3367937356771545 28449
1647528687358 0.33695935617168277 28450
1647528688407 0.3370003731401117 28451
1647528689776 0.33700301824766277 28452
1647528690775 0.3370760077034398 28453
1647528691749 0.33709383923945296 28454
1647528692897 0.33710781967725534 28455
1647528694306 0.3370969144752742 28456
1647528695487 0.33710511765813317 28457
1647528696910 0.33705004766890273 28458
1647528697998 0.33708954491854143 28459
1647528699258 0.33704236448077457 28460
1647528700336 0.3370736490668995 28461
1647528701264 0.33715352041183255 28462
1647528702127 0.33721454590293387 28463
1647528702998 0.3373792888803983 28464
1647528703994 0.3374374367800472 28465
1647528705110 0.3374436710940467 28466
1647528706496 0.3373735688137119 28467
1647528707512 0.3374509553044056 28468
1647528708534 0.3374817934125028 28469
1647528709617 0.3375302311379472 28470
1647528710707 0.3375867697517429 28471
1647528711952 0.33759403605570737 28472
1647528712917 0.3377584449341356 28473
1647528714119 0.33782570791370764 28474
1647528715166 0.33791213468163944 28475
1647528716381 0.3379822349233249 28476
1647528717361 0.3380883604970197 28477
1647528718317 0.33820501053763147 28478
1647528719375 0.3383311266325061 28479
1647528720431 0.33837882859127055 28480
1647528721526 0.3384826189331841 28481
1647528722548 0.3385232076061911 28482
1647528723506 0.3386156350217642 28483
1647528724866 0.3386080740109308 28484
1647528726278 0.3385847029308756 28485
1647528727479 0.3385746329892671 28486
1647528728523 0.3385793512352266 28487
1647528729500 0.338652712657541 28488
1647528730458 0.3387796220463743 28489
1647528731504 0.3389221586488038 28490
1647528732646 0.3389726650455724 28491
1647528733901 0.338903675019275 28492
1647528735038 0.33886271096869475 28493
1647528736347 0.3388567797949494 28494
1647528737590 0.33886634074216077 28495
1647528738632 0.33886729659456194 28496
1647528740068 0.33884072767821977 28497
1647528741321 0.33882775372127677 28498
1647528742440 0.33887374015052085 28499
1647528743532 0.33893623932668937 28500
1647528744770 0.3388975883609262 28501
1647528745867 0.33892638844010337 28502
1647528746914 0.33897911186575275 28503
1647528748084 0.3390149492338005 28504
1647528749089 0.3391464848032932 28505
1647528750167 0.33911668323140287 28506
1647528751444 0.3390546229701508 28507
1647528752460 0.33907200095994716 28508
1647528753551 0.3391016342562355 28509
1647528754572 0.3391631862564511 28510
1647528755658 0.33922553785845766 28511
1647528756606 0.33931699316283764 28512
1647528757589 0.3393946471322112 28513
1647528758723 0.3394374610873643 28514
1647528759762 0.3394612002057964 28515
1647528760888 0.3394993095448677 28516
1647528761666 0.33965289443224467 28517
1647528762659 0.33972135125425984 28518
1647528763999 0.3396521120605728 28519
1647528764996 0.33971354125211356 28520
1647528765969 0.33975268723601004 28521
1647528767192 0.33973375152067853 28522
1647528768231 0.33976884430838517 28523
1647528769169 0.3397821175376944 28524
1647528770209 0.3397695172477413 28525
1647528771609 0.33970593900620183 28526
1647528772558 0.33978259480522216 28527
1647528773662 0.3397861147439068 28528
1647528775058 0.3396987460478388 28529
1647528776085 0.33974370397972 28530
1647528777203 0.33970247499582146 28531
1647528778279 0.3396594263144044 28532
1647528779354 0.3396819531417533 28533
1647528780292 0.33971374819784333 28534
1647528781320 0.33972883296871503 28535
1647528782282 0.3396938975386041 28536
1647528783335 0.33969172700791056 28537
1647528784437 0.33967011497233845 28538
1647528785348 0.33975410416647667 28539
1647528786281 0.3398082076608389 28540
1647528787444 0.3397729564706484 28541
1647528788434 0.3398180748401931 28542
1647528789583 0.3397496551424017 28543
1647528790584 0.339771372619908 28544
1647528791441 0.33984555658014903 28545
1647528792334 0.3398985737586912 28546
1647528793223 0.3398834647082571 28547
1647528794284 0.33988591794051115 28548
1647528795344 0.33985945456568767 28549
1647528796317 0.3398972379954222 28550
1647528797311 0.3399220217357982 28551
1647528798201 0.33995095616426474 28552
1647528799197 0.33999965275966687 28553
1647528800175 0.3400333727428172 28554
1647528801088 0.34010868852181725 28555
1647528802196 0.3400998230088395 28556
1647528802988 0.3401291605428253 28557
1647528804145 0.3401380430848851 28558
1647528805114 0.340183549840462 28559
1647528806228 0.34015572914537395 28560
1647528807304 0.34014142866505953 28561
1647528808317 0.340131107629273 28562
1647528809394 0.3401329691983674 28563
1647528810345 0.3401753924610375 28564
1647528811295 0.34018003266134295 28565
1647528812349 0.3401387579100473 28566
1647528813354 0.34019239137456625 28567
1647528814408 0.3401832150169379 28568
1647528815493 0.3401345971741195 28569
1647528816533 0.34011705063338005 28570
1647528817612 0.3401149669798409 28571
1647528818492 0.3401396293934528 28572
1647528819475 0.3401299281069985 28573
1647528820557 0.34010623534423784 28574
1647528821558 0.3401085342879813 28575
1647528822546 0.34010568852366707 28576
1647528823954 0.3400299942850295 28577
1647528825016 0.3400358605163176 28578
1647528825946 0.3400617777242029 28579
1647528827154 0.3400225657864479 28580
1647528828185 0.3399991314497686 28581
1647528829143 0.340013791581107 28582
1647528830397 0.33995792360889354 28583
1647528831772 0.3398711703783643 28584
1647528832981 0.3398079646817166 28585
1647528834037 0.3398082839556966 28586
1647528834907 0.3398588847362976 28587
1647528836098 0.33983444958423364 28588
1647528837038 0.33984286468237257 28589
1647528837990 0.3398790318098328 28590
1647528838882 0.3399641721367836 28591
1647528839810 0.33999540204767414 28592
1647528840706 0.3400990288740339 28593
1647528842128 0.34000374004542117 28594
1647528843313 0.3400605352301347 28595
1647528844344 0.3401198859946186 28596
1647528845295 0.3402160621562581 28597
1647528846746 0.34015056215872724 28598
1647528847882 0.3401829296151481 28599
1647528849099 0.3401432854964489 28600
1647528850280 0.34017469050392274 28601
1647528851239 0.3402599586701223 28602
1647528852650 0.3402371045479495 28603
1647528853847 0.3402250966946473 28604
1647528855312 0.34016154076951216 28605
1647528856794 0.3400916492750522 28606
1647528858184 0.340079700471289 28607
1647528859270 0.3401737068474716 28608
1647528860327 0.3401740544978 28609
1647528861828 0.34009795647093966 28610
1647528862857 0.34018942360568233 28611
1647528863957 0.34022071177944435 28612
1647528865340 0.34016768424625293 28613
1647528866639 0.34017773192648054 28614
1647528867648 0.3402879411351737 28615
1647528868635 0.3403462192474627 28616
1647528869686 0.3403973674816211 28617
1647528870821 0.3403993896445728 28618
1647528872085 0.34034375339186806 28619
1647528873411 0.3403129380624494 28620
1647528874607 0.3403164711664431 28621
1647528875691 0.34034008256491977 28622
1647528876851 0.3403976383079977 28623
1647528877974 0.3403984189428395 28624
1647528879533 0.34033609496145234 28625
1647528880619 0.34033255541139074 28626
1647528881748 0.34030029331775696 28627
1647528882845 0.3402720761905832 28628
1647528883906 0.34028373162337344 28629
1647528884943 0.34032113611975595 28630
1647528886184 0.3402753004385519 28631
1647528887264 0.3402975203799795 28632
1647528888328 0.34035440867668704 28633
1647528889719 0.3402841357717381 28634
1647528890905 0.3402268117440539 28635
1647528891997 0.34027865633771226 28636
1647528893019 0.34032931166160624 28637
1647528894070 0.3403547267295254 28638
1647528895282 0.340346984565258 28639
1647528896293 0.34036976721903467 28640
1647528897497 0.34036451301895654 28641
1647528898507 0.3404420667960037 28642
1647528898705 0.3402848003715414 28643
