1647508464440 0.6263241767883301 11718
1647508465985 0.687885969877243 11719
1647508467490 0.6242205003897349 11720
1647508468444 0.6486993208527565 11721
1647508469475 0.6627511203289032 11722
1647508470382 0.6799735178550085 11723
1647508471327 0.6868665431227002 11724
1647508472298 0.705931756645441 11725
1647508473339 0.6995465457439423 11726
1647508474214 0.7107764989137649 11727
1647508475233 0.7017247866500508 11728
1647508476256 0.6959842716654142 11729
1647508477223 0.6967470393731043 11730
1647508478300 0.6905009640114648 11731
1647508479799 0.6683104375998179 11732
1647508480816 0.6678590904921293 11733
1647508481930 0.6638056688448962 11734
1647508483357 0.6493561913569769 11735
1647508484331 0.6528521509546983 11736
1647508485486 0.6447081670165062 11737
1647508486548 0.6433851761477334 11738
1647508487682 0.6402276767925783 11739
1647508488741 0.6363364548786826 11740
1647508489997 0.6256468134621779 11741
1647508491125 0.6255102646350861 11742
1647508492183 0.6248080810675254 11743
1647508493029 0.6324300975711258 11744
1647508494085 0.6291734203696251 11745
1647508495278 0.6235777273260313 11746
1647508496377 0.622701965769132 11747
1647508497443 0.6202467285817669 11748
1647508498425 0.6211346769705415 11749
1647508499390 0.6235683750022541 11750
1647508500647 0.6191696568447 11751
1647508501879 0.6163736437048231 11752
1647508503028 0.6155963912606239 11753
1647508503998 0.6170822518902856 11754
1647508504952 0.6195302691898847 11755
1647508506224 0.6143984786975079 11756
1647508507149 0.6199688084423542 11757
1647508508271 0.6180094909377214 11758
1647508509495 0.615140037877219 11759
1647508510636 0.6130919955497565 11760
1647508511464 0.6153762923045591 11761
1647508512742 0.6095371378792657 11762
1647508513679 0.613573696302331 11763
1647508515049 0.6099861727115956 11764
1647508515961 0.6134517248719931 11765
1647508517127 0.6096976721773342 11766
1647508518323 0.608680413365364 11767
1647508519368 0.6098051906800738 11768
1647508520522 0.6093234746501996 11769
1647508521569 0.6099007000338357 11770
1647508522463 0.613652346862687 11771
1647508523414 0.6146029531955719 11772
1647508524381 0.6193409663225923 11773
1647508525826 0.615453990405066 11774
1647508526922 0.616436051397488 11775
1647508527966 0.6156280995425532 11776
1647508529084 0.6165894235173861 11777
1647508530195 0.6152398063511145 11778
1647508531148 0.617680539527247 11779
1647508532268 0.6179265394097283 11780
1647508533545 0.6161774420179427 11781
1647508535128 0.6135423243045807 11782
1647508536191 0.6123487357840394 11783
1647508537413 0.6098278120382509 11784
1647508538750 0.608071605072302 11785
1647508539936 0.606623889743418 11786
1647508541353 0.6074735811778478 11787
1647508542845 0.6060480777646454 11788
1647508543944 0.6062339925103717 11789
1647508544989 0.6070990488953787 11790
1647508545970 0.6059392892025612 11791
1647508547181 0.6035702188809713 11792
1647508548419 0.6027727370199404 11793
1647508549431 0.6023858684998054 11794
1647508550491 0.6006858264788603 11795
1647508551565 0.6012492308133766 11796
1647508552588 0.6001907728612423 11797
1647508553696 0.5991973001279949 11798
1647508554750 0.5981255326329208 11799
1647508556209 0.594956372516701 11800
1647508557337 0.5925673445065817 11801
1647508558274 0.5933424732264351 11802
1647508559224 0.5932657399842906 11803
1647508560510 0.5905603574610304 11804
1647508561661 0.5896852104501291 11805
1647508562785 0.5884807314095872 11806
1647508563886 0.5870463881227705 11807
1647508565342 0.5843304009227962 11808
1647508566458 0.5836454610461774 11809
1647508567570 0.5833993605388108 11810
1647508568623 0.58242211887177 11811
1647508569803 0.5803935085472308 11812
1647508570689 0.5808703256770968 11813
1647508571584 0.581742224926801 11814
1647508572551 0.5818725882136092 11815
1647508573596 0.5813981598675854 11816
1647508574529 0.5820754697918892 11817
1647508575765 0.5804156855781479 11818
1647508576695 0.5812439760741066 11819
1647508577799 0.5800447594193578 11820
1647508578821 0.579693298213757 11821
1647508579974 0.5787260188942864 11822
1647508581100 0.5787952365177982 11823
1647508582142 0.5792370758881079 11824
1647508583167 0.5799183771014214 11825
1647508584145 0.5810419362072551 11826
1647508585587 0.5792643408883702 11827
1647508586627 0.5786684249435459 11828
1647508587794 0.5782140927123172 11829
1647508589070 0.5765103167664688 11830
1647508589983 0.5767339230106588 11831
1647508590936 0.5769713399202927 11832
1647508592014 0.5769473851240915 11833
1647508592829 0.5782760781610113 11834
1647508594090 0.5765620515508166 11835
1647508595143 0.5752989191468022 11836
1647508596339 0.5737669075528781 11837
1647508597636 0.5719595435729696 11838
1647508598928 0.5700800462824399 11839
1647508600131 0.5690353677524784 11840
1647508600998 0.569179908883187 11841
1647508601937 0.5696631875038147 11842
1647508603389 0.5675126065810522 11843
1647508604391 0.567780767604122 11844
1647508605583 0.5673372077289969 11845
1647508607000 0.5661002487637276 11846
1647508608064 0.565357380417677 11847
1647508609048 0.5652916856849467 11848
1647508609929 0.5660851997408 11849
1647508610950 0.5653180923677028 11850
1647508612180 0.5637299260541574 11851
1647508613251 0.5640511170581535 11852
1647508614467 0.5626417284502703 11853
1647508615517 0.5623613173944236 11854
1647508616765 0.5608297929815624 11855
1647508617571 0.5610728244558513 11856
1647508618723 0.5602217365588461 11857
1647508619650 0.5596895141804472 11858
1647508620624 0.5598519352120412 11859
1647508621618 0.5595448342236605 11860
1647508622843 0.5576661456790235 11861
1647508623846 0.5573236268142174 11862
1647508625305 0.5559096707873148 11863
1647508626342 0.5556427540422297 11864
1647508627499 0.5545001859600479 11865
1647508628881 0.5524748461758531 11866
1647508629761 0.5523657017946243 11867
1647508630944 0.5518395950067911 11868
1647508631886 0.551956863191567 11869
1647508632775 0.5515846925623277 11870
1647508633715 0.5514010473505243 11871
1647508634769 0.5512902532854388 11872
1647508636005 0.5504247108713175 11873
1647508637159 0.5491101502612897 11874
1647508638201 0.5486204575134229 11875
1647508639575 0.5471141342097109 11876
1647508640622 0.5462603859603405 11877
1647508641840 0.5451580430409924 11878
1647508642967 0.5441459483570523 11879
1647508644116 0.5431398330656297 11880
1647508645155 0.5429582165145292 11881
1647508646035 0.543538006327369 11882
1647508646996 0.5430100141878588 11883
1647508647998 0.543072240973661 11884
1647508649086 0.5424887447484902 11885
1647508650062 0.542728635510044 11886
1647508651145 0.5422857940196991 11887
1647508652113 0.5424284980311032 11888
1647508652994 0.5427757913983146 11889
1647508654015 0.5425505231570646 11890
1647508655220 0.5417999452215502 11891
1647508656665 0.5404423875468117 11892
1647508657724 0.5400366647676988 11893
1647508658683 0.5401994262711477 11894
1647508659862 0.539433381530676 11895
1647508660768 0.5395481673032878 11896
1647508661713 0.5393017830120193 11897
1647508662936 0.5386086557451533 11898
1647508663907 0.5386632202745794 11899
1647508664845 0.538616468346184 11900
1647508665756 0.5387601943119712 11901
1647508666723 0.5384222441428417 11902
1647508667592 0.538137833758067 11903
1647508668568 0.5377366187419483 11904
1647508669763 0.5370633237539454 11905
1647508670856 0.536472663835243 11906
1647508671941 0.535819158585448 11907
1647508672975 0.5352363213506669 11908
1647508674010 0.5345638920553029 11909
1647508675303 0.533928048579804 11910
1647508676315 0.5336241719034529 11911
1647508677365 0.5336099132513389 11912
1647508678314 0.5332154263647235 11913
1647508679546 0.5324922161659008 11914
1647508680711 0.5320461130503452 11915
1647508681640 0.5319480120237149 11916
1647508682605 0.532373258471489 11917
1647508683508 0.5321068219581053 11918
1647508684576 0.5316030405240484 11919
1647508685478 0.5318728299270122 11920
1647508686705 0.5312542455161319 11921
1647508687870 0.5305839150417142 11922
1647508688882 0.5303383987505459 11923
1647508689937 0.5299044684799397 11924
1647508691414 0.5290279087538903 11925
1647508692425 0.5284367029746754 11926
1647508693465 0.5282958378394444 11927
1647508694596 0.5280070834532733 11928
1647508695389 0.5280810849003073 11929
1647508696379 0.5279563599629021 11930
1647508697403 0.5282072838500281 11931
1647508698791 0.5272329573021378 11932
1647508699728 0.5266680502229266 11933
1647508701085 0.5258502892909511 11934
1647508701964 0.526175135456094 11935
1647508703036 0.5257914833826561 11936
1647508704187 0.5255391635678032 11937
1647508705678 0.5244492115747875 11938
1647508706745 0.5244852582345138 11939
1647508707678 0.5244227592987865 11940
1647508708548 0.5245936115139297 11941
1647508709406 0.5246944932142893 11942
1647508710465 0.5242555928705013 11943
1647508711559 0.5239547123467869 11944
1647508712764 0.5232361135514159 11945
1647508713976 0.5228425842185208 11946
1647508715033 0.5223316099332727 11947
1647508715964 0.5223485649406135 11948
1647508717106 0.5215121439561762 11949
1647508718076 0.5217668860511206 11950
1647508718976 0.5218815662157841 11951
1647508719840 0.5219299936548193 11952
1647508720926 0.5214304720698777 11953
1647508721811 0.5217612849760659 11954
1647508723229 0.5207944934358116 11955
1647508724104 0.5208433940071441 11956
1647508725094 0.5203751310706138 11957
1647508726002 0.5206129179950572 11958
1647508727152 0.5200625324298528 11959
1647508728247 0.5197656965304794 11960
1647508729248 0.5193978877829724 11961
1647508730353 0.5189497307855255 11962
1647508731439 0.5189056612127195 11963
1647508732264 0.519528655629409 11964
1647508733501 0.5187595122523846 11965
1647508734413 0.5191042053412243 11966
1647508735554 0.5187641134262085 11967
1647508736620 0.5183663187748883 11968
1647508737787 0.5180316930488934 11969
1647508738765 0.5179599972346084 11970
1647508740239 0.5170558787237002 11971
1647508741087 0.5170880226527943 11972
1647508742227 0.5165756435599178 11973
1647508743364 0.5161171993856764 11974
1647508744371 0.5162162452705147 11975
1647508745265 0.5163558551243373 11976
1647508746492 0.5157812847540929 11977
1647508747918 0.514912332268967 11978
1647508748981 0.5147121198304737 11979
1647508750045 0.514505622391465 11980
1647508751023 0.514735186754754 11981
1647508752083 0.5146977106355272 11982
1647508753136 0.5144480318951428 11983
1647508754548 0.5135388296195184 11984
1647508755596 0.5133025987601992 11985
1647508756547 0.5131157051674938 11986
1647508757717 0.5125007153661163 11987
1647508758669 0.5123882527940827 11988
1647508759606 0.5123998710118672 11989
1647508760696 0.5120855092783987 11990
1647508761641 0.5118827962309774 11991
1647508762650 0.5123587100072341 11992
1647508763491 0.5124792222311532 11993
1647508764765 0.5119261532914338 11994
1647508766193 0.5113235902872016 11995
1647508767256 0.510987258833369 11996
1647508768368 0.5110587287162032 11997
1647508769379 0.5113731969505867 11998
1647508770642 0.5108331560243106 11999
1647508771698 0.5103878995976263 12000
1647508772645 0.5102826900465388 12001
1647508773643 0.5102024957799075 12002
1647508774618 0.5100902831637776 12003
1647508775766 0.5094744200698175 12004
1647508776823 0.509108059729139 12005
1647508777966 0.5087911913551674 12006
1647508779202 0.5084410953110662 12007
1647508780651 0.5076270105502859 12008
1647508781782 0.5073986803627994 12009
1647508782800 0.507316369347198 12010
1647508783777 0.5074663363954648 12011
1647508785223 0.5064653505208129 12012
1647508786447 0.5059502777719015 12013
1647508787610 0.5056886065387566 12014
1647508788514 0.5060869967877465 12015
1647508789569 0.5057404037801717 12016
1647508790698 0.5052578573922316 12017
1647508791858 0.5049869791910894 12018
1647508792762 0.505513961297392 12019
1647508793752 0.5052437477871137 12020
1647508794742 0.5054218318607462 12021
1647508795784 0.5050658070161694 12022
1647508796875 0.504848994509457 12023
1647508797899 0.5046904143856092 12024
1647508798801 0.5050476222940079 12025
1647508799774 0.5051349837899594 12026
1647508800787 0.5049577404895137 12027
1647508801755 0.5052554608828769 12028
1647508802858 0.5050832675531124 12029
1647508803695 0.5049988705986224 12030
1647508804686 0.5048591644995531 12031
1647508805786 0.504400367159692 12032
1647508806751 0.5044603875449186 12033
1647508807715 0.5044884354064141 12034
1647508808719 0.504529169848505 12035
1647508810139 0.5039962257804542 12036
1647508811119 0.5038411222863942 12037
1647508812292 0.5035464169915963 12038
1647508813230 0.5037001862381556 12039
1647508814335 0.5033885384030387 12040
1647508815571 0.5029769413357164 12041
1647508817020 0.5022986636253504 12042
1647508818061 0.5023365156507931 12043
1647508819140 0.502230640990654 12044
1647508820275 0.5020377477403821 12045
1647508821349 0.5020073092001912 12046
1647508822484 0.5015533912814025 12047
1647508823581 0.5010869070392361 12048
1647508824459 0.5012549630040863 12049
1647508825732 0.5007113204435544 12050
1647508826895 0.5001808438383176 12051
1647508828011 0.5000360506239222 12052
1647508829104 0.49980205656694515 12053
1647508830514 0.4992264269102221 12054
1647508831837 0.49879642381999617 12055
1647508832904 0.49857032452888544 12056
1647508833914 0.49824314893168564 12057
1647508835380 0.49772813911836516 12058
1647508836805 0.49718500582272546 12059
1647508837742 0.49738770953594075 12060
1647508839237 0.49679957594462604 12061
1647508840428 0.4966190798990968 12062
1647508841268 0.49696134930917985 12063
1647508842292 0.4967156436927724 12064
1647508843391 0.49655716091223145 12065
1647508844566 0.49626007526685995 12066
1647508845515 0.49610906468970434 12067
1647508846536 0.4960809973654924 12068
1647508847641 0.4958960451609032 12069
1647508848851 0.4956364539206535 12070
1647508849856 0.4955388874573223 12071
1647508850797 0.495388484966587 12072
1647508852223 0.49485909725340566 12073
1647508853610 0.4942322811242245 12074
1647508854666 0.4939226283790679 12075
1647508855713 0.4937475314130358 12076
1647508856743 0.4937967186586724 12077
1647508857896 0.4935632285731651 12078
1647508859101 0.4931977577713313 12079
1647508859983 0.49327800888824724 12080
1647508860997 0.4933295214323552 12081
1647508861897 0.4935459058986951 12082
1647508862860 0.49374653427490117 12083
1647508863775 0.4938087390700218 12084
1647508864915 0.4939534716389101 12085
1647508866126 0.49432827516138395 12086
1647508867075 0.4951723124932598 12087
1647508868178 0.49543979229792107 12088
1647508869252 0.49608378468822406 12089
1647508870670 0.49592740226527005 12090
1647508871610 0.496837005138716 12091
1647508872608 0.4973452895879745 12092
1647508873629 0.4977419684304202 12093
1647508874878 0.49766086824534744 12094
1647508875970 0.49776714098043545 12095
1647508876873 0.4984166375643974 12096
1647508877966 0.4985019279545859 12097
1647508878894 0.4988877249593184 12098
1647508879767 0.4992656108986645 12099
1647508881168 0.49922485828555285 12100
1647508882282 0.49916988793605316 12101
1647508883395 0.49915796150634817 12102
1647508884614 0.49906183389338804 12103
1647508885660 0.49932827509804906 12104
1647508886598 0.49973095035583703 12105
1647508887989 0.499498660391278 12106
1647508889385 0.49943680400267626 12107
1647508890656 0.49921745995578864 12108
1647508891809 0.4990931829551653 12109
1647508892657 0.499867431648815 12110
1647508893762 0.5000364147693978 12111
1647508894972 0.4999317681864847 12112
1647508896012 0.500054694900308 12113
1647508897026 0.5003492321340504 12114
1647508898238 0.5001987087442048 12115
1647508899268 0.5005869892680257 12116
1647508900337 0.5007355335727334 12117
1647508901226 0.5013253953763077 12118
1647508902223 0.5015235420557397 12119
1647508903249 0.5015803352552963 12120
1647508904179 0.5019990641365547 12121
1647508905580 0.5018486010071672 12122
1647508906544 0.5022099100677251 12123
1647508907680 0.5022899305278604 12124
1647508908838 0.5025208391176135 12125
1647508909801 0.5026359956319875 12126
1647508910820 0.5030668606481901 12127
1647508911831 0.5033991957885505 12128
1647508912884 0.5035587412133379 12129
1647508914043 0.5033806166622887 12130
1647508915070 0.5036321031514573 12131
1647508916491 0.5035029860505138 12132
1647508917642 0.5035823696436217 12133
1647508918920 0.5032545079072889 12134
1647508920013 0.5032281347652942 12135
1647508920888 0.5037899103753607 12136
1647508921897 0.5039150386693931 12137
1647508923244 0.5038442546922067 12138
1647508924313 0.5040238819204236 12139
1647508925733 0.5037439357374859 12140
1647508926683 0.503978730829538 12141
1647508927751 0.5041544716849047 12142
1647508928788 0.5044133650934752 12143
1647508929919 0.5044826463527925 12144
1647508930963 0.5045507604900364 12145
1647508932206 0.5045035144874266 12146
1647508933341 0.5044017117730407 12147
1647508934776 0.5041607744525037 12148
1647508935848 0.5041676197132027 12149
1647508936744 0.5043824501249586 12150
1647508937798 0.5045919597217564 12151
1647508938992 0.5045992592627975 12152
1647508940078 0.5046838378755871 12153
1647508941279 0.5045164039601451 12154
1647508942358 0.5044834129001996 12155
1647508943306 0.5047244296190679 12156
1647508944207 0.5052016927098686 12157
1647508945228 0.5052849927118847 12158
1647508946317 0.5052716420179578 12159
1647508947396 0.505350871326961 12160
1647508948643 0.5053525216340482 12161
1647508949808 0.505561722362979 12162
1647508950851 0.5056686565413603 12163
1647508951841 0.5058577300384808 12164
1647508952897 0.5058978291427982 12165
1647508953775 0.5062147260442343 12166
1647508954768 0.5066946319407887 12167
1647508955859 0.5065782394284948 12168
1647508957082 0.5063557780092269 12169
1647508958439 0.506163693520407 12170
1647508959639 0.5060881219049382 12171
1647508960542 0.5064522188115906 12172
1647508961624 0.5064568197060573 12173
1647508962467 0.5069641582097214 12174
1647508963540 0.5070844935863299 12175
1647508964673 0.507152283405946 12176
1647508965864 0.5069627652673617 12177
1647508967045 0.5067311051804694 12178
1647508968427 0.5064949500676873 12179
1647508969555 0.5064797042577365 12180
1647508970676 0.5065080570057034 12181
1647508971771 0.5065330235227462 12182
1647508973164 0.5063061397282862 12183
1647508974295 0.5064629344728314 12184
1647508975282 0.5067178273621278 12185
1647508976528 0.5065443339441885 12186
1647508977426 0.5068743042806362 12187
1647508978839 0.5067108423150523 12188
1647508980079 0.5066528068697553 12189
1647508981441 0.5064932902759024 12190
1647508982523 0.5064846170036602 12191
1647508983631 0.5064600654338536 12192
1647508984546 0.506762444941687 12193
1647508985734 0.5067207619891476 12194
1647508986816 0.5067311942140926 12195
1647508987867 0.506813813506437 12196
1647508988839 0.507032360167553 12197
1647508990194 0.5069000118425631 12198
1647508991567 0.506635295312187 12199
1647508992861 0.5064083897734281 12200
1647508993988 0.5062985169308737 12201
1647508995189 0.5061306434501077 12202
1647508996300 0.5060677373544179 12203
1647508997726 0.5058020062943503 12204
1647508998674 0.5060882482555558 12205
1647508999769 0.5060090324203417 12206
1647509000666 0.5062378165977341 12207
1647509001829 0.5062541828439581 12208
1647509002893 0.5062786059953818 12209
1647509004016 0.5061975962068681 12210
1647509005204 0.5060680285096169 12211
1647509006567 0.5057981827343353 12212
1647509007973 0.5056456459926502 12213
1647509009133 0.5054842779633985 12214
1647509010237 0.5055903378559883 12215
1647509011439 0.5053542685472894 12216
1647509012712 0.5052777545154095 12217
1647509013746 0.5051521593760587 12218
1647509014917 0.5054749420498946 12219
1647509016024 0.5059153365626724 12220
1647509017339 0.5059719551945963 12221
1647509018357 0.5063934730126126 12222
1647509019371 0.5067793857968843 12223
1647509020348 0.5072994480530421 12224
1647509021509 0.5074888644079993 12225
1647509022700 0.5076335347998587 12226
1647509023941 0.5076150087457078 12227
1647509024918 0.5081848171767424 12228
1647509026086 0.508335556340171 12229
1647509027184 0.5086195806720336 12230
1647509028299 0.5088120495704825 12231
1647509029548 0.5088363683050119 12232
1647509030527 0.5090496250998604 12233
1647509031518 0.5094364674859166 12234
1647509032984 0.5092559022735444 12235
1647509033957 0.5094900902698035 12236
1647509035100 0.5095216081406061 12237
1647509036184 0.5097262861346558 12238
1647509037425 0.5095484410037939 12239
1647509038639 0.5094360290647237 12240
1647509039696 0.5095038612778405 12241
1647509040783 0.5095592588186264 12242
1647509041926 0.50963757901024 12243
1647509043201 0.5096137716772434 12244
1647509044425 0.5097242804582823 12245
1647509045256 0.51035164995207 12246
1647509046232 0.5107946880302339 12247
1647509047234 0.5111252940251104 12248
1647509048339 0.5112628564518645 12249
1647509049462 0.5113127015489127 12250
1647509050603 0.5114417540167602 12251
1647509051657 0.5114921436967137 12252
1647509053121 0.5114148708143785 12253
1647509054559 0.5112379441658655 12254
1647509055593 0.5115291518072657 12255
1647509056776 0.5116055677187022 12256
1647509057677 0.5120334739762323 12257
1647509058737 0.5120976174770133 12258
1647509059835 0.512022716230352 12259
1647509060967 0.5120376161064671 12260
1647509061931 0.5123818726278841 12261
1647509063023 0.5125510735522717 12262
1647509064448 0.5123559852495735 12263
1647509065642 0.512237796427127 12264
1647509066653 0.5124197485074945 12265
1647509067841 0.5123875086587635 12266
1647509068965 0.5125725625590845 12267
1647509070148 0.5126686729828805 12268
1647509071467 0.512540226964199 12269
1647509072389 0.5128045929545304 12270
1647509073817 0.5125846700063681 12271
1647509074945 0.5127099352645444 12272
1647509076119 0.5128602463510825 12273
1647509077244 0.5129322741093713 12274
1647509078303 0.5130735773286085 12275
1647509079382 0.5130709541664994 12276
1647509080541 0.5130666700590935 12277
1647509081787 0.5129145001079521 12278
1647509082893 0.512943959400535 12279
1647509084039 0.513160584636734 12280
1647509085424 0.5129344973528216 12281
1647509086863 0.512673948850252 12282
1647509087993 0.5128694800363833 12283
1647509088895 0.5132562340725035 12284
1647509089868 0.5134242041902223 12285
1647509091303 0.5132034379327653 12286
1647509092461 0.5131828541556994 12287
1647509093532 0.5132528098003251 12288
1647509094528 0.5135153232181405 12289
1647509095683 0.5135798002048729 12290
1647509096815 0.5135899629794347 12291
1647509098206 0.5133211569941563 12292
1647509099239 0.5136112217636158 12293
1647509100699 0.5133796685231621 12294
1647509101826 0.5134885968788685 12295
1647509102870 0.5137719527170036 12296
1647509104042 0.5139538585882762 12297
1647509105417 0.5138230625661844 12298
1647509106401 0.5139642101024434 12299
1647509107318 0.514269064389821 12300
1647509108304 0.5144008789211512 12301
1647509109449 0.5145120215466898 12302
1647509110565 0.5146012343084853 12303
1647509111813 0.5147618960328971 12304
1647509112957 0.5148075234373005 12305
1647509114032 0.514790115944396 12306
1647509114960 0.5150745278950465 12307
1647509116131 0.5150885072910241 12308
1647509117165 0.5151825081305327 12309
1647509118301 0.5152059396694322 12310
1647509119346 0.515360763804479 12311
1647509120406 0.5154402087966935 12312
1647509121580 0.5154866396430755 12313
1647509122652 0.5154971603422708 12314
1647509123767 0.5155387248931123 12315
1647509124773 0.5157110936106346 12316
1647509125886 0.5155809163302183 12317
1647509126892 0.5156835982337371 12318
1647509128116 0.5157036823143198 12319
1647509129327 0.5158827763736544 12320
1647509130386 0.5158579800746693 12321
1647509131768 0.5156646116459666 12322
1647509132756 0.5158561393126796 12323
1647509134169 0.5156904347302297 12324
1647509135504 0.5155912009558004 12325
1647509136475 0.5157761350885792 12326
1647509137580 0.5159089825436717 12327
1647509138550 0.5163176561387198 12328
1647509139621 0.5164135363610352 12329
1647509140797 0.5164412366284048 12330
1647509141849 0.5165039467161175 12331
1647509142883 0.516613121076328 12332
1647509144235 0.5164713599029687 12333
1647509145704 0.5162342718441637 12334
1647509146739 0.5164050176546797 12335
1647509147795 0.5164695490205808 12336
1647509148779 0.5166650043620217 12337
1647509149910 0.5166599535759713 12338
1647509151033 0.5167623350330871 12339
1647509152161 0.5168504931427311 12340
1647509153237 0.5170167025704032 12341
1647509154312 0.5170863229036331 12342
1647509155431 0.5171582477208906 12343
1647509156601 0.5171925304086205 12344
1647509157742 0.5171837426342403 12345
1647509159007 0.517035183045178 12346
1647509160318 0.5169383422013313 12347
1647509161246 0.5172640606879054 12348
1647509162670 0.516961736415949 12349
1647509163681 0.5170260226415797 12350
1647509164858 0.5169231157150554 12351
1647509165753 0.5171576479992529 12352
1647509167113 0.5169817820519397 12353
1647509168245 0.5170714002061676 12354
1647509169293 0.5171002484274134 12355
1647509170344 0.5172850656817217 12356
1647509171506 0.5173468256602064 12357
1647509172594 0.517318057079397 12358
1647509174042 0.5171023311783963 12359
1647509175085 0.5172975883467201 12360
1647509176249 0.5173531254950148 12361
1647509177631 0.5171325815047405 12362
1647509178803 0.5171574923691366 12363
1647509179953 0.5171004680476196 12364
1647509181078 0.5170511318899599 12365
1647509182529 0.5168611416693645 12366
1647509183681 0.5169330109311984 12367
1647509184955 0.5167550275906256 12368
1647509186347 0.5164632017215702 12369
1647509187489 0.5165935285378014 12370
1647509188478 0.5168356725701134 12371
1647509189664 0.5168126314423467 12372
1647509191081 0.5165298648587451 12373
1647509192056 0.5169016862432706 12374
1647509193121 0.5171240643572662 12375
1647509194271 0.5171679763267543 12376
1647509195434 0.5171085040903453 12377
1647509196564 0.5169864407150179 12378
1647509197689 0.5168852407451483 12379
1647509199085 0.5166757483243223 12380
1647509200180 0.5167754609137774 12381
1647509201254 0.5168133117874762 12382
1647509202186 0.5171198159143016 12383
1647509203136 0.5173618441176736 12384
1647509204219 0.5174967224324891 12385
1647509205168 0.5179559274594702 12386
1647509206273 0.5180325924238163 12387
1647509207339 0.5180760020426239 12388
1647509208736 0.5179011263618511 12389
1647509210020 0.5178205057159398 12390
1647509211103 0.5178023948823309 12391
1647509212344 0.5177311898823138 12392
1647509213450 0.5178402677046124 12393
1647509214371 0.518058677521731 12394
1647509215527 0.5179949426325725 12395
1647509216549 0.5182124633281677 12396
1647509218043 0.5181724303128088 12397
1647509219222 0.5184004997585664 12398
1647509220272 0.5188228278434521 12399
1647509221747 0.518790123686958 12400
1647509222774 0.5190345043893795 12401
1647509224085 0.5189657216742091 12402
1647509225131 0.5192930075630502 12403
1647509226208 0.5195692095043357 12404
1647509227397 0.5193449859832262 12405
1647509228480 0.5193789563910881 12406
1647509229678 0.5192896751605947 12407
1647509231101 0.5191089765164683 12408
1647509232066 0.5192299472071187 12409
1647509233081 0.5194023333027593 12410
1647509234038 0.5195115570848544 12411
1647509235218 0.5195534225633676 12412
1647509236299 0.5196207182631752 12413
1647509237224 0.5197387443510668 12414
1647509238295 0.5196798078523666 12415
1647509239396 0.519702018607669 12416
1647509240236 0.5199874937747206 12417
1647509241156 0.5201452907796593 12418
1647509242122 0.5202914961425328 12419
1647509243120 0.5204798171606715 12420
1647509244164 0.520449444418773 12421
1647509245097 0.5205059150643383 12422
1647509246148 0.5204455644609908 12423
1647509247285 0.5203740217603079 12424
1647509248375 0.5204523030016045 12425
1647509249269 0.5206776767632857 12426
1647509250242 0.5208480489295972 12427
1647509251171 0.520999798228972 12428
1647509252123 0.5212109788122137 12429
1647509253125 0.5212330509076446 12430
1647509254125 0.5213523464752179 12431
1647509255091 0.5213866148170058 12432
1647509256195 0.5212592941880559 12433
1647509257397 0.5211320360875695 12434
1647509258829 0.5208261610115139 12435
1647509259830 0.5208388854838877 12436
1647509260861 0.520812386708955 12437
1647509262046 0.5207674365061827 12438
1647509263066 0.5207889757617028 12439
1647509263973 0.5209060791740774 12440
1647509264907 0.5210481282549998 12441
1647509265819 0.5214498364308785 12442
1647509266759 0.5215232293262626 12443
1647509267647 0.5217069219157325 12444
1647509268827 0.5215726307091805 12445
1647509269644 0.5218679163967794 12446
1647509270581 0.5219246050878746 12447
1647509271664 0.5219016321992092 12448
1647509273038 0.5216891950637591 12449
1647509274782 0.5215532665647882 12450
1647509276267 0.5216294352259558 12451
1647509277770 0.5215702533113713 12452
1647509278695 0.5217771477713857 12453
1647509279784 0.5217208273334775 12454
1647509281021 0.5215074758179142 12455
1647509282428 0.5212732767421596 12456
1647509283562 0.5211122642699125 12457
1647509284594 0.5211276828880734 12458
1647509285595 0.521198058807143 12459
1647509286819 0.5210159058967156 12460
1647509287738 0.5210234525823786 12461
1647509289033 0.520875065138676 12462
1647509290084 0.5209117364987291 12463
1647509291158 0.5209730689824027 12464
1647509292320 0.5209512552196648 12465
1647509293392 0.520893953452123 12466
1647509294310 0.5209627057115237 12467
1647509295160 0.5211190648982116 12468
1647509296347 0.5210039658234158 12469
1647509297734 0.5208098462338783 12470
1647509298662 0.5209199193104193 12471
1647509299687 0.520876297473118 12472
1647509300794 0.5207913708947007 12473
1647509301783 0.5208758386823901 12474
1647509302688 0.5209933093363188 12475
1647509303729 0.5210432598909684 12476
1647509304801 0.5209252388657708 12477
1647509305843 0.5208919424460846 12478
1647509306677 0.5209877973818403 12479
1647509307613 0.5210811909224696 12480
1647509308515 0.521194034241413 12481
1647509309479 0.5212344338886099 12482
1647509310486 0.5213243408279381 12483
1647509311469 0.5213601889363169 12484
1647509312287 0.5216501903293344 12485
1647509313518 0.521488880401935 12486
1647509314466 0.5215220782083351 12487
1647509315452 0.5215658369424587 12488
1647509316442 0.5215657040129362 12489
1647509317448 0.5215857268189397 12490
1647509318338 0.5217131793075446 12491
1647509319427 0.5215196837725178 12492
1647509320472 0.5214892341035235 12493
1647509321478 0.5215389074390919 12494
1647509322386 0.5217188871956423 12495
1647509323326 0.5218953098695299 12496
1647509324768 0.5216312686029153 12497
1647509325674 0.5218292931321336 12498
1647509326659 0.5218464570010409 12499
1647509327871 0.521678980378051 12500
1647509328818 0.5218084987671096 12501
1647509329777 0.5219363684297367 12502
1647509331192 0.5216558782464372 12503
1647509332091 0.5218496838965592 12504
1647509332984 0.5219282363234136 12505
1647509333931 0.5219305569190338 12506
1647509334852 0.5220494823176649 12507
1647509335780 0.5221091905036558 12508
1647509336691 0.5221911479690762 12509
1647509337631 0.5223045283540951 12510
1647509338530 0.5225805370535899 12511
1647509339459 0.5227477484341687 12512
1647509340296 0.5229558042208453 12513
1647509341281 0.5229649500947077 12514
1647509342152 0.5229832780801862 12515
1647509343197 0.5229308664313843 12516
1647509344230 0.5230168233253062 12517
1647509345279 0.523025375496731 12518
1647509346159 0.5231505654882315 12519
1647509347206 0.5232419322800369 12520
1647509348319 0.5232757797177455 12521
1647509349441 0.5231557333136198 12522
1647509350424 0.5232956522045006 12523
1647509351860 0.5230939325309892 12524
1647509353045 0.5230289678282962 12525
1647509353907 0.5230716997930235 12526
1647509354842 0.5231394408477678 12527
1647509355922 0.5230513371058663 12528
1647509356804 0.5231425839434998 12529
1647509357764 0.5232460432276954 12530
1647509358765 0.5233150017093089 12531
1647509359694 0.5233247482154998 12532
1647509360755 0.5232916586648892 12533
1647509361868 0.5233150371686627 12534
1647509363282 0.5230440526727068 12535
1647509364390 0.5229622309570348 12536
1647509365477 0.522859536383937 12537
1647509366435 0.5228614837076428 12538
1647509367514 0.5228921178809918 12539
1647509368671 0.5227735198825996 12540
1647509369662 0.5228192695389384 12541
1647509370593 0.5229097583619031 12542
1647509371819 0.5227009550314261 12543
1647509372972 0.5226175321813362 12544
1647509374151 0.5224697615249433 12545
1647509375141 0.5225727784080011 12546
1647509376222 0.5224035578140294 12547
1647509377336 0.5223092965593407 12548
1647509378241 0.5223648672242864 12549
1647509379406 0.5222677528893962 12550
1647509380476 0.5222275702537392 12551
1647509381564 0.5221877546545988 12552
1647509382458 0.5221803790252459 12553
1647509383495 0.5221642301536945 12554
1647509384433 0.5221223807171307 12555
1647509385395 0.5220701607639088 12556
1647509386339 0.5221002452252876 12557
1647509387449 0.5220132083338591 12558
1647509388490 0.52200051251967 12559
1647509389586 0.5218803653690173 12560
1647509390758 0.5217661144150094 12561
1647509391644 0.5218951474809083 12562
1647509392690 0.5219387434440583 12563
1647509393583 0.5219882738456535 12564
1647509394410 0.5220572379646156 12565
1647509395522 0.522016974953656 12566
1647509396548 0.5219433804995873 12567
1647509397496 0.5219974092149846 12568
1647509398433 0.521928191727176 12569
1647509399359 0.5220263152266443 12570
1647509400272 0.5221304414527757 12571
1647509401306 0.5221432796521494 12572
1647509402255 0.5221615806047883 12573
1647509403207 0.5222502199709068 12574
1647509404128 0.5223429436971258 12575
1647509405135 0.5223092549720104 12576
1647509406553 0.5221369474952997 12577
1647509407705 0.5219951004620629 12578
1647509408644 0.5220885879582706 12579
1647509409573 0.52218006879333 12580
1647509410673 0.5222040339442039 12581
1647509411762 0.5223195033094098 12582
1647509412909 0.5222597417290437 12583
1647509414050 0.5221991690763003 12584
1647509414961 0.522344131331702 12585
1647509416092 0.522210571361905 12586
1647509417167 0.5222020004501288 12587
1647509418157 0.5222694479467949 12588
1647509419067 0.5223197964182414 12589
1647509420247 0.5222481763820331 12590
1647509421203 0.5222590029819334 12591
1647509422277 0.5222702701602663 12592
1647509423577 0.5220717094566452 12593
1647509424693 0.5219222068820604 12594
1647509425959 0.5218230599117442 12595
1647509427125 0.5217073730132685 12596
1647509428038 0.5218543701043183 12597
1647509429013 0.5218462215548341 12598
1647509430004 0.5218724180139652 12599
1647509431065 0.5218265843519673 12600
1647509432089 0.5218749031997644 12601
1647509433120 0.5218714980587448 12602
1647509434204 0.5218733970084255 12603
1647509435253 0.521859419369375 12604
1647509436340 0.5217772822759978 12605
1647509437251 0.5218187436981062 12606
1647509438299 0.5218873323851757 12607
1647509439300 0.5219793782457626 12608
1647509440408 0.5219797413679249 12609
1647509441513 0.5220098197627041 12610
1647509442500 0.522121337219506 12611
1647509443612 0.5220792012341195 12612
1647509444676 0.522005377586798 12613
1647509445696 0.5219892784205568 12614
1647509446769 0.5219680855926002 12615
1647509447615 0.522106167256368 12616
1647509448555 0.5221099393069744 12617
1647509449649 0.5220544605984143 12618
1647509450749 0.5219581461369066 12619
1647509451956 0.5218298892807195 12620
1647509452834 0.5219442226091581 12621
1647509454025 0.5218065793178358 12622
1647509455280 0.521617285117803 12623
1647509456253 0.5216775839981985 12624
1647509457289 0.521706553725813 12625
1647509458233 0.5216531447156427 12626
1647509459419 0.5215551406963841 12627
1647509460331 0.5216682642109438 12628
1647509461206 0.5217275011532924 12629
1647509462084 0.5217543105142923 12630
1647509463012 0.521830799461585 12631
1647509463945 0.5219026889143095 12632
1647509465060 0.5217922959297765 12633
1647509466040 0.5218153729986078 12634
1647509466971 0.5219307406957633 12635
1647509467895 0.5220604731708408 12636
1647509469228 0.5219084495921498 12637
1647509470111 0.5218896136318821 12638
1647509471196 0.5218604950319143 12639
1647509472650 0.5216345157906138 12640
1647509473744 0.5215845639410215 12641
1647509474880 0.5215815175385089 12642
1647509475879 0.5215570845401828 12643
1647509476704 0.521692706012803 12644
1647509477786 0.5216452401484651 12645
1647509478939 0.5215221619227474 12646
1647509480032 0.5214069843452463 12647
1647509481198 0.5213865793513176 12648
1647509482727 0.521223233924787 12649
1647509483607 0.5213064362094333 12650
1647509484915 0.5211895370349384 12651
1647509485915 0.5211714111388048 12652
1647509487176 0.5210185486377559 12653
1647509488365 0.5208627155235508 12654
1647509489354 0.5208451339780394 12655
1647509490315 0.5208531867423124 12656
1647509491598 0.5206325131369398 12657
1647509492602 0.5207227383454218 12658
1647509493649 0.5206306538922265 12659
1647509494466 0.5207630528782989 12660
1647509495342 0.5208697896292906 12661
1647509496316 0.5208815811960785 12662
1647509497362 0.5207877841012171 12663
1647509498342 0.5207811656477837 12664
1647509499487 0.5206501438805071 12665
1647509500534 0.5205893439443898 12666
1647509501644 0.5205328675790837 12667
1647509502553 0.5205279441881381 12668
1647509503482 0.5205187483714158 12669
1647509504692 0.5204046946976643 12670
1647509505558 0.5205395920690251 12671
1647509506588 0.5205558218725065 12672
1647509507466 0.5205561732366744 12673
1647509508429 0.5206675400398866 12674
1647509509650 0.5205683554668517 12675
1647509510688 0.5205518830338409 12676
1647509511695 0.520535032528763 12677
1647509512792 0.5205127936279116 12678
1647509513667 0.5206317077090735 12679
1647509514735 0.5206781533679239 12680
1647509515764 0.5208164776416487 12681
1647509516654 0.5209226352099927 12682
1647509518056 0.5207200416095755 12683
1647509519225 0.5207053340177872 12684
1647509520227 0.5207646993904813 12685
1647509521102 0.5209806402001464 12686
1647509522334 0.5208636731062968 12687
1647509523167 0.5210374273152601 12688
1647509524116 0.5210794541417572 12689
1647509525027 0.521265453924133 12690
1647509526076 0.521294510630734 12691
1647509527111 0.5213175912239613 12692
1647509528063 0.5214354912368734 12693
1647509529013 0.521520218973028 12694
1647509530113 0.5214694354888851 12695
1647509531023 0.5216060047465033 12696
1647509532019 0.5216102545206645 12697
1647509533065 0.5215867026409972 12698
1647509534154 0.5215273490535994 12699
1647509535051 0.5216182937972543 12700
1647509535972 0.5216368942150498 12701
1647509537102 0.5215793935024193 12702
1647509537987 0.5217112464637592 12703
1647509539177 0.5216584502291897 12704
1647509540537 0.521495336749655 12705
1647509541589 0.5214561445919158 12706
1647509542603 0.5213431090568051 12707
1647509543743 0.5213110913812934 12708
1647509544960 0.5211952444195987 12709
1647509546073 0.5211096223657585 12710
1647509547119 0.521167891201239 12711
1647509548290 0.5211597965141037 12712
1647509549483 0.5210968159797441 12713
1647509550633 0.5211023706998844 12714
1647509551587 0.5211995972212188 12715
1647509553087 0.5213064533006679 12716
1647509554728 0.5213209206610918 12717
1647509556272 0.5213541876334887 12718
1647509557594 0.5215341635717603 12719
1647509558826 0.5218006315551037 12720
1647509560338 0.5218868632151549 12721
1647509561437 0.5221404657583332 12722
1647509562629 0.5223583317330296 12723
1647509563934 0.5223388412769406 12724
1647509564959 0.5225887006030433 12725
1647509566221 0.5225866770277647 12726
1647509567632 0.5225006267428398 12727
1647509568696 0.5227469631961734 12728
1647509569782 0.5228349758908447 12729
1647509570980 0.5229042858356079 12730
1647509572073 0.5230043260509211 12731
1647509573098 0.5232417771822127 12732
1647509574384 0.5231357986092802 12733
1647509575530 0.5232087782379917 12734
1647509576511 0.5233190811014129 12735
1647509577679 0.5232631755267088 12736
1647509578874 0.5233296363231014 12737
1647509579795 0.5235431716064982 12738
1647509580866 0.5236073897280339 12739
1647509581906 0.5237127888441552 12740
1647509582982 0.5237533244508086 12741
1647509583924 0.5239099769330606 12742
1647509584810 0.524082187076642 12743
1647509585751 0.524169249958862 12744
1647509586931 0.5240673389329289 12745
1647509588144 0.523928416206839 12746
1647509589097 0.5239852767690871 12747
1647509590292 0.5239288865450398 12748
1647509591361 0.523935612854223 12749
1647509592425 0.5239362918770902 12750
1647509593497 0.5239212958707801 12751
1647509594478 0.5239190623524108 12752
1647509595436 0.523857399605531 12753
1647509596440 0.5239157817661475 12754
1647509597637 0.5237527576513833 12755
1647509598725 0.5236749139195801 12756
1647509599759 0.523646338785497 12757
1647509600834 0.5236369532163503 12758
1647509601740 0.5236262728150884 12759
1647509602566 0.523746406743419 12760
1647509603759 0.5236438039361974 12761
1647509604677 0.5237011143893147 12762
1647509606135 0.5234654514870498 12763
1647509607260 0.5234607831995717 12764
1647509608454 0.5233552458319273 12765
1647509609612 0.5232627912716598 12766
1647509610608 0.5234015477697055 12767
1647509611963 0.5233284277393067 12768
1647509613106 0.523293998942289 12769
1647509614000 0.5233356702616412 12770
1647509615054 0.5232871635560745 12771
1647509615953 0.5233705815404512 12772
1647509617023 0.5233497601990221 12773
1647509618497 0.52316164295123 12774
1647509619353 0.5232553117695513 12775
1647509620744 0.5230521663981187 12776
1647509621628 0.5230912199700778 12777
1647509622732 0.5229827077825827 12778
1647509623709 0.5229520315756906 12779
1647509624607 0.5229014103999142 12780
1647509625413 0.5229746761654777 12781
1647509626364 0.5228981894086784 12782
1647509627306 0.5229148085999668 12783
1647509628521 0.5228101203485193 12784
1647509629428 0.5228935964684585 12785
1647509630583 0.5227371404754212 12786
1647509631592 0.5226585781045049 12787
1647509632486 0.5227538438654747 12788
1647509633599 0.5225927864354271 12789
1647509634601 0.5226291069363392 12790
1647509635730 0.5225938775158683 12791
1647509636755 0.522522084505059 12792
1647509637645 0.5225161409427906 12793
1647509638496 0.5226325377918772 12794
1647509639540 0.5226728778076747 12795
1647509640530 0.5226920560982848 12796
1647509641464 0.5227356200002962 12797
1647509642533 0.5227013975657543 12798
1647509643591 0.5226366954154977 12799
1647509644619 0.5226235683192176 12800
1647509645551 0.522614394895375 12801
1647509646640 0.5225362810259041 12802
1647509647499 0.5226141717250615 12803
1647509648637 0.5225273518383557 12804
1647509649843 0.5224234821850106 12805
1647509650965 0.5223313060318033 12806
1647509651818 0.5223849463763587 12807
1647509652714 0.5224219237059 12808
1647509653884 0.5223123940055842 12809
1647509654896 0.5222569892331208 12810
1647509656089 0.522138081245819 12811
1647509657134 0.5220184270513657 12812
1647509658246 0.5219962221509131 12813
1647509659223 0.5220354111252204 12814
1647509660254 0.5221786859881248 12815
1647509661388 0.5222309896547866 12816
1647509662476 0.5223668897558342 12817
1647509663654 0.5224348477051541 12818
1647509664708 0.5226960895471477 12819
1647509665638 0.5229890054583225 12820
1647509666776 0.5230839670757237 12821
1647509667604 0.5232823897675691 12822
1647509668767 0.5232405012193899 12823
1647509669875 0.5232729468269185 12824
1647509670717 0.5234666733669675 12825
1647509671725 0.5237192695505238 12826
1647509672783 0.5237711076398154 12827
1647509674154 0.5237200573073326 12828
1647509675138 0.5238536045946878 12829
1647509676115 0.5239050112135862 12830
1647509677275 0.52390310635098 12831
1647509678697 0.5238368428475119 12832
1647509679872 0.5238113185544382 12833
1647509681294 0.5236827451652358 12834
1647509682384 0.5237304052881137 12835
1647509683645 0.5236297088797546 12836
1647509684727 0.5236583314170795 12837
1647509685651 0.5238048374573107 12838
1647509686548 0.5239452944268305 12839
1647509687425 0.5242338049841692 12840
1647509688428 0.5243427136588139 12841
1647509689558 0.5243444450034036 12842
1647509690967 0.5241918367586805 12843
1647509691983 0.5242817435337572 12844
1647509693014 0.5243141021420981 12845
1647509694098 0.524371997683422 12846
1647509695210 0.5244722668707898 12847
1647509696436 0.5244409178048504 12848
1647509697413 0.5247153866338435 12849
1647509698599 0.5247864837496026 12850
1647509699649 0.5248956853356311 12851
1647509700866 0.5249872162084748 12852
1647509701845 0.5251721450271951 12853
1647509702817 0.5253446628073379 12854
1647509703880 0.5255260347717675 12855
1647509704948 0.5255778653905306 12856
1647509706057 0.5257402141496801 12857
1647509707085 0.525797459467475 12858
1647509708032 0.5259721018830656 12859
1647509709387 0.5259162016401975 12860
1647509710779 0.5258397924342564 12861
1647509711985 0.5257783091875143 12862
1647509713013 0.5258191422564197 12863
1647509713996 0.5259817693294809 12864
1647509714922 0.5261741669569489 12865
1647509715968 0.5263646606702821 12866
1647509717134 0.5264188453555108 12867
1647509718407 0.5262907190000773 12868
1647509719547 0.5261980768991634 12869
1647509720876 0.5261410863137927 12870
1647509722122 0.5261174053651001 12871
1647509723160 0.526107319570207 12872
1647509724602 0.5260004124194899 12873
1647509725879 0.5259292044949717 12874
1647509727030 0.5259546030808195 12875
1647509728146 0.5260139158746104 12876
1647509729407 0.525924748015301 12877
1647509730513 0.5259204447192432 12878
1647509731543 0.5259865874139249 12879
1647509732719 0.5259958241048396 12880
1647509733737 0.5261722557195478 12881
1647509734843 0.5261346898749151 12882
1647509736105 0.5260013548551865 12883
1647509737145 0.5260242560452238 12884
1647509738274 0.5260478273059611 12885
1647509739335 0.5261158439035187 12886
1647509740445 0.5261911794288545 12887
1647509741424 0.5263222072823855 12888
1647509742423 0.5264318372939837 12889
1647509743594 0.5264669149758362 12890
1647509744660 0.5264760691551984 12891
1647509745820 0.5264790474734408 12892
1647509746622 0.526766329915041 12893
1647509747660 0.5268845356741292 12894
1647509749011 0.5267420332050283 12895
1647509750023 0.5268002920250856 12896
1647509751016 0.526822104683872 12897
1647509752244 0.5267690743787323 12898
1647509753304 0.5267821549991061 12899
1647509754263 0.5267631267579249 12900
1647509755344 0.5266894701541074 12901
1647509756747 0.5265526619012849 12902
1647509757726 0.5266173134038058 12903
1647509758829 0.5265625415600541 12904
1647509760257 0.5263836052808095 12905
1647509761310 0.5264326511585382 12906
1647509762448 0.5263309091955674 12907
1647509763574 0.5262435335731627 12908
1647509764675 0.5262643748256784 12909
1647509765671 0.5263171861852205 12910
1647509766734 0.5263194603411796 12911
1647509767714 0.5262774918742759 12912
1647509768821 0.5262299566389526 12913
1647509769959 0.5261696877958582 12914
1647509770915 0.5262764227733588 12915
1647509771870 0.5263552075256598 12916
1647509773071 0.5262551259125272 12917
1647509774088 0.5263131622296389 12918
1647509775263 0.526187753952581 12919
1647509776294 0.5261880420365139 12920
1647509777194 0.5262945193760221 12921
1647509778118 0.5263346309854776 12922
1647509779034 0.5263281213876422 12923
1647509780096 0.5262906904569221 12924
1647509781189 0.5262188576285215 12925
1647509782180 0.5262630268179552 12926
1647509783193 0.5262771541791514 12927
1647509784082 0.5263234155789375 12928
1647509785104 0.5263842172527274 12929
1647509786107 0.5264286370756011 12930
1647509787053 0.5265432527838075 12931
1647509788192 0.5265030745493532 12932
1647509789017 0.526586384059077 12933
1647509790198 0.5265902749881847 12934
1647509791192 0.5266381762860639 12935
1647509792325 0.5265498359712839 12936
1647509793448 0.5264851656238564 12937
1647509794501 0.526434040565065 12938
1647509795601 0.5264062568203908 12939
1647509796573 0.5264499531426785 12940
1647509797543 0.5264645925315182 12941
1647509798618 0.5264005493022957 12942
1647509799637 0.526463102446003 12943
1647509800721 0.5264231589210645 12944
1647509801820 0.5263259580862445 12945
1647509802879 0.5262771821220877 12946
1647509803992 0.5262399790853989 12947
1647509804905 0.5262758060866115 12948
1647509805909 0.5262630442157388 12949
1647509807017 0.5261992763452963 12950
1647509808041 0.5261897676212282 12951
1647509809048 0.5261798073526336 12952
1647509810469 0.5260278140722162 12953
1647509811545 0.5259952277860626 12954
1647509812497 0.5260204383576822 12955
1647509813732 0.5259154929063126 12956
1647509814784 0.5258571029310265 12957
1647509815752 0.525876508964155 12958
1647509817029 0.5257558885379882 12959
1647509818421 0.5255923046642796 12960
1647509819656 0.5254532640314754 12961
1647509820740 0.5254196393082898 12962
1647509821636 0.5255149186351135 12963
1647509822852 0.5254533848312251 12964
1647509823833 0.5254517564526162 12965
1647509824819 0.5254920223911254 12966
1647509825730 0.5256229173779488 12967
1647509826685 0.525661953073516 12968
1647509827605 0.5258636968418623 12969
1647509829009 0.5256906188281174 12970
1647509830205 0.5257462553881952 12971
1647509831256 0.5258514285918726 12972
1647509832216 0.5259976497952156 12973
1647509833664 0.5258823901225198 12974
1647509834785 0.525935666608981 12975
1647509836008 0.5258742899081364 12976
1647509837191 0.5259220619641599 12977
1647509838164 0.5260746641753686 12978
1647509839552 0.5260158994614417 12979
1647509840758 0.5259668803342448 12980
1647509842243 0.5258391203500236 12981
1647509843715 0.525711791941771 12982
1647509845111 0.525654214524074 12983
1647509846189 0.5257674150680498 12984
1647509847239 0.5257867103095875 12985
1647509848753 0.5256354329128543 12986
1647509849782 0.5257975303164617 12987
1647509850899 0.525814431410995 12988
1647509852290 0.5257070365730884 12989
1647509853590 0.5256904808325928 12990
1647509854604 0.5258609803519219 12991
1647509855580 0.5259680064402374 12992
1647509856629 0.5260565025282318 12993
1647509857759 0.5260580629110336 12994
1647509859018 0.5259561636288401 12995
1647509860339 0.5258802242046972 12996
1647509861574 0.5258859095978551 12997
1647509862647 0.5259228851137265 12998
1647509863768 0.5259992511777349 12999
1647509864885 0.5260066273778282 13000
1647509866397 0.5258788237945871 13001
1647509867495 0.5258779361902044 13002
1647509868647 0.5258268714066983 13003
1647509869754 0.5258168602346355 13004
1647509870812 0.5258491512804483 13005
1647509871824 0.5259296267623583 13006
1647509873051 0.5258444851567579 13007
1647509874128 0.5258640767321118 13008
1647509875185 0.5259415938089322 13009
1647509876568 0.5258019949033661 13010
1647509877755 0.5257017570655718 13011
1647509878864 0.5257911164443005 13012
1647509879895 0.5258741991962363 13013
1647509880945 0.5259364838428284 13014
1647509882142 0.5259008818465315 13015
1647509883165 0.525938096220352 13016
1647509884358 0.5259324705944611 13017
1647509885404 0.5260176891711563 13018
1647509886055 0.5258252589452651 13019
