1647519527986 0.4929130971431732 20832
1647519529104 0.5405306071043015 20833
1647519530350 0.49040844043095905 20834
1647519531341 0.4956498295068741 20835
1647519532387 0.506590735912323 20836
1647519533324 0.509828249613444 20837
1647519534353 0.5083616077899933 20838
1647519535358 0.5207308046519756 20839
1647519536412 0.5154510372214847 20840
1647519537334 0.5224691063165665 20841
1647519538405 0.5195304670117118 20842
1647519539448 0.515069435040156 20843
1647519540434 0.5168464275506827 20844
1647519541546 0.5092543661594391 20845
1647519543064 0.4946119209130605 20846
1647519544112 0.49544611386954784 20847
1647519545262 0.49201547398286705 20848
1647519546759 0.4833031611310111 20849
1647519547718 0.48363111364214045 20850
1647519548938 0.477914434671402 20851
1647519550057 0.47753610781260897 20852
1647519551234 0.4743310511112213 20853
1647519552358 0.4707663085149682 20854
1647519553728 0.4637323257823785 20855
1647519554892 0.4640639591217041 20856
1647519556012 0.4634999231650279 20857
1647519556920 0.46712426675690544 20858
1647519558043 0.46410108357667923 20859
1647519559290 0.4600542629587239 20860
1647519560411 0.45889730950196583 20861
1647519561526 0.4566274352612034 20862
1647519562549 0.4557363325729966 20863
1647519563571 0.45689269629391754 20864
1647519564859 0.45438551026232105 20865
1647519566150 0.45252644760268074 20866
1647519567342 0.4528176205025779 20867
1647519568320 0.45355733665260106 20868
1647519569307 0.45476242194050237 20869
1647519570592 0.4513891866573921 20870
1647519571553 0.45432801321148875 20871
1647519572707 0.45290024760292796 20872
1647519574046 0.45114443983350483 20873
1647519575206 0.44953059803607853 20874
1647519576079 0.45006830990314484 20875
1647519577406 0.4458341532283359 20876
1647519578372 0.4475983264653579 20877
1647519579784 0.4454524751673353 20878
1647519580711 0.4470144317795833 20879
1647519581894 0.44447318631775523 20880
1647519583108 0.4435000431537628 20881
1647519584173 0.4433874470346114 20882
1647519585331 0.44330692062011134 20883
1647519586377 0.4426946223906751 20884
1647519587279 0.44445351428455776 20885
1647519588235 0.444318734515797 20886
1647519589205 0.44651773146220614 20887
1647519590668 0.44415128492472467 20888
1647519591759 0.4443594356035364 20889
1647519592824 0.4433667068764315 20890
1647519593939 0.44372389068206153 20891
1647519595044 0.44270438297850184 20892
1647519596003 0.44319734121522597 20893
1647519597103 0.4433572453165811 20894
1647519598372 0.4424166167154908 20895
1647519599907 0.4407567913715656 20896
1647519600955 0.4396136136669101 20897
1647519602168 0.4376199018599382 20898
1647519603487 0.4365200799177675 20899
1647519604649 0.43553945422172546 20900
1647519605655 0.4361590155533382 20901
1647519606830 0.4352912214440359 20902
1647519607945 0.4353971841434638 20903
1647519608969 0.4360212226436563 20904
1647519609919 0.43498641453884745 20905
1647519611111 0.43324096202850343 20906
1647519612313 0.4327584748205386 20907
1647519613307 0.4324004812674089 20908
1647519614353 0.4314177876863724 20909
1647519615401 0.4315817597546155 20910
1647519616416 0.43103186078369615 20911
1647519617505 0.43055152193999585 20912
1647519618543 0.4297336071002774 20913
1647519619973 0.42776698053601275 20914
1647519621095 0.4261189085387048 20915
1647519622035 0.42640154116293966 20916
1647519622974 0.4260465956704561 20917
1647519624261 0.4243923607228816 20918
1647519625411 0.42390265891497786 20919
1647519626524 0.423003793767329 20920
1647519627618 0.4221651699807909 20921
1647519629066 0.420471864087241 20922
1647519630171 0.4199855489575345 20923
1647519631303 0.4198990813506547 20924
1647519632348 0.4189583186773544 20925
1647519633537 0.4176090952597166 20926
1647519634401 0.41780194640159607 20927
1647519635275 0.4175987415706989 20928
1647519636238 0.41753771384151617 20929
1647519637288 0.41729367592118005 20930
1647519638227 0.41776378095149996 20931
1647519639452 0.4165917449068315 20932
1647519640371 0.4169563081334619 20933
1647519641472 0.4160834608726131 20934
1647519642484 0.41538717626379085 20935
1647519643626 0.4144243691648756 20936
1647519644752 0.41382316682698594 20937
1647519645803 0.41318121803141084 20938
1647519646793 0.41299686718870093 20939
1647519647761 0.41319260192573615 20940
1647519649206 0.4120167106389999 20941
1647519650244 0.41137087828404195 20942
1647519651414 0.41082590392657686 20943
1647519652699 0.40966818527837773 20944
1647519653600 0.40939501842908693 20945
1647519654526 0.40912000821984335 20946
1647519655592 0.40882048319125996 20947
1647519656405 0.4091770717730889 20948
1647519657658 0.4079596011315362 20949
1647519658697 0.4069815621155651 20950
1647519659869 0.40583537990848223 20951
1647519661164 0.40457982243585194 20952
1647519662420 0.4033015652513895 20953
1647519663615 0.40244209366600686 20954
1647519664461 0.4018473700890618 20955
1647519665382 0.4017840975522995 20956
1647519666810 0.40036474357521723 20957
1647519667802 0.40047178259046057 20958
1647519668906 0.40008890721946955 20959
1647519670295 0.3992886825125347 20960
1647519671364 0.3985170733470183 20961
1647519672348 0.3981722224759692 20962
1647519673214 0.39832422656543326 20963
1647519674201 0.39769670053532247 20964
1647519675400 0.3966042719670196 20965
1647519676450 0.3967644914432808 20966
1647519677635 0.39577284345732017 20967
1647519678670 0.39556833753620624 20968
1647519679896 0.3946330156447231 20969
1647519680672 0.3943813994205255 20970
1647519681801 0.393913260102272 20971
1647519682711 0.393413024168488 20972
1647519683662 0.3934267392040978 20973
1647519684640 0.3931373478649379 20974
1647519685837 0.39186325307107633 20975
1647519686802 0.3916304330373632 20976
1647519688231 0.39080558278381006 20977
1647519689228 0.3907189538486961 20978
1647519690351 0.3899762460307495 20979
1647519691713 0.3886868455666024 20980
1647519692583 0.3884579634666443 20981
1647519693730 0.38821087669063087 20982
1647519694631 0.38825934595967593 20983
1647519695510 0.38789844240238464 20984
1647519696434 0.3877426769052233 20985
1647519697473 0.3878296823270859 20986
1647519698684 0.3873669837529843 20987
1647519699816 0.3866260393409972 20988
1647519700834 0.3863684980175163 20989
1647519702175 0.3854936450344961 20990
1647519703196 0.38495928766205906 20991
1647519704390 0.3842766532061263 20992
1647519705497 0.383585420747598 20993
1647519706630 0.3829665022210841 20994
1647519707642 0.3827517267952605 20995
1647519708512 0.38300408603567065 20996
1647519709462 0.3827119809855898 20997
1647519710441 0.3827370579192738 20998
1647519711521 0.38231038417489754 20999
1647519712485 0.38244340396844423 21000
1647519713552 0.3822576362420531 21001
1647519714497 0.382367411290693 21002
1647519715361 0.38240785576229874 21003
1647519716360 0.38230532313013355 21004
1647519717550 0.38192999833959274 21005
1647519719001 0.38106746315956114 21006
1647519720046 0.3808015232736414 21007
1647519720989 0.38091420958944633 21008
1647519722172 0.3804630632146021 21009
1647519723063 0.3806582309680278 21010
1647519724002 0.3804999412761794 21011
1647519725217 0.38015581099367934 21012
1647519726160 0.3801548837960421 21013
1647519727088 0.38013918249984907 21014
1647519727983 0.3801924830869488 21015
1647519728954 0.3799545336414028 21016
1647519729820 0.3797761588006891 21017
1647519730784 0.37943737280560047 21018
1647519731972 0.379113791153786 21019
1647519733053 0.37880948438215506 21020
1647519734124 0.37841533861662213 21021
1647519735155 0.3781129380795344 21022
1647519736156 0.3776463558897376 21023
1647519737427 0.3773832486392303 21024
1647519738420 0.37719606492937224 21025
1647519739448 0.3772325984942607 21026
1647519740383 0.3769425257128112 21027
1647519741608 0.3765850752440806 21028
1647519742760 0.37646319513971155 21029
1647519743676 0.37634252034240034 21030
1647519744617 0.37657595381140707 21031
1647519745534 0.3763845006921398 21032
1647519746574 0.37614240932582627 21033
1647519747459 0.3765186307759121 21034
1647519748669 0.3763106133715779 21035
1647519749817 0.3759496162577373 21036
1647519750809 0.3759027644268517 21037
1647519751855 0.37574321492282664 21038
1647519753301 0.37524611244981104 21039
1647519754300 0.3748989567231904 21040
1647519755326 0.3749045173327128 21041
1647519756456 0.3748049816531593 21042
1647519757238 0.37491653184845763 21043
1647519758197 0.37480797272332955 21044
1647519759200 0.375135704596466 21045
1647519760568 0.37465721105420313 21046
1647519761501 0.3743537421579714 21047
1647519762842 0.37386657112205085 21048
1647519763708 0.374155332872627 21049
1647519764744 0.3739765728717525 21050
1647519765883 0.3739793908866969 21051
1647519767339 0.3734071709181928 21052
1647519768383 0.3736286846635578 21053
1647519769282 0.37373723176562734 21054
1647519770127 0.374035267558481 21055
1647519770966 0.37429242465231155 21056
1647519771998 0.3741830336836587 21057
1647519773053 0.3742314549532231 21058
1647519774224 0.3738702665034093 21059
1647519775426 0.37370336433164936 21060
1647519776443 0.37343593460062274 21061
1647519777340 0.37359768410265703 21062
1647519778468 0.37314971883235304 21063
1647519779403 0.3733259342259092 21064
1647519780286 0.3734903893409631 21065
1647519781131 0.37345740262498245 21066
1647519782190 0.37319156565403533 21067
1647519783052 0.3733779252329959 21068
1647519784462 0.3727852380325814 21069
1647519785345 0.37282978615501433 21070
1647519786329 0.37250871943930786 21071
1647519787214 0.37269473595243274 21072
1647519788368 0.37243652922555437 21073
1647519789439 0.3722742398579915 21074
1647519790427 0.37204218045121334 21075
1647519791514 0.37173959126277845 21076
1647519792580 0.37173142871721004 21077
1647519793399 0.3719798760858142 21078
1647519794623 0.3715065150491653 21079
1647519795522 0.3717130149703428 21080
1647519796637 0.3715323431491852 21081
1647519797686 0.37121751322689284 21082
1647519798831 0.3710431642239056 21083
1647519799786 0.37099142649428174 21084
1647519801248 0.3704909513902476 21085
1647519802070 0.37055903866010553 21086
1647519803206 0.3702884122612886 21087
1647519804289 0.37001625451364406 21088
1647519805260 0.37012008300354315 21089
1647519806133 0.37024591264807577 21090
1647519807332 0.3699279406322883 21091
1647519808751 0.36937345364541385 21092
1647519809767 0.36931174447518267 21093
1647519810811 0.3691638116600849 21094
1647519811779 0.36935410648584366 21095
1647519812831 0.3694350034560797 21096
1647519813880 0.36936613032244203 21097
1647519815278 0.36881985121898436 21098
1647519816329 0.3687389645336279 21099
1647519817275 0.368676845025839 21100
1647519818438 0.36832682490348817 21101
1647519819376 0.3683452860235728 21102
1647519820298 0.36844057217240334 21103
1647519821391 0.3683204195656619 21104
1647519822328 0.36829039432706623 21105
1647519823335 0.36864430113272234 21106
1647519824164 0.36867921659048053 21107
1647519825416 0.36840377957812287 21108
1647519826834 0.36802040898113797 21109
1647519827887 0.3677965510489693 21110
1647519828983 0.3678940732564245 21111
1647519829987 0.36810626031240956 21112
1647519831250 0.36780579314164236 21113
1647519832283 0.3675007573707365 21114
1647519833223 0.36749862134456635 21115
1647519834219 0.3674930407289873 21116
1647519835194 0.3674607244613287 21117
1647519836317 0.36705555670768125 21118
1647519837358 0.3668615436181426 21119
1647519838486 0.36664730217630065 21120
1647519839706 0.36643565944556533 21121
1647519841152 0.36599262099700286 21122
1647519842263 0.36594436006390885 21123
1647519843287 0.36589548912268044 21124
1647519844262 0.3659974126284625 21125
1647519845713 0.36531295771315947 21126
1647519846938 0.365032890710879 21127
1647519848089 0.3648876151954285 21128
1647519848978 0.36515897757455007 21129
1647519850034 0.3649388774481904 21130
1647519851149 0.36467408016324043 21131
1647519852309 0.3645584853087549 21132
1647519853208 0.36481174505901653 21133
1647519854189 0.3646094715929661 21134
1647519855164 0.3648113539246352 21135
1647519856177 0.3645829766988754 21136
1647519857250 0.3644874418775241 21137
1647519858256 0.3644819229064625 21138
1647519859152 0.3648200217489298 21139
1647519860110 0.36492395232217595 21140
1647519861112 0.36484971214686673 21141
1647519862050 0.36508804066196515 21142
1647519863128 0.3649951990884848 21143
1647519863935 0.3648869845147331 21144
1647519864896 0.3648762004865203 21145
1647519865962 0.36455068252389394 21146
1647519866918 0.36460797106729276 21147
1647519867850 0.3646696500879733 21148
1647519868822 0.36473336651827554 21149
1647519870178 0.36441002178902165 21150
1647519871129 0.3643514594528824 21151
1647519872270 0.3641969871205333 21152
1647519873192 0.364338241887759 21153
1647519874291 0.36420681929625226 21154
1647519875517 0.3640139727956719 21155
1647519876935 0.36359390776890976 21156
1647519877954 0.3636702799632505 21157
1647519878994 0.36359856667321755 21158
1647519880142 0.36350098692971033 21159
1647519881191 0.36350746715503623 21160
1647519882316 0.36320162853508287 21161
1647519883408 0.3629159343476742 21162
1647519884291 0.363035657723625 21163
1647519885551 0.3626822188004359 21164
1647519886695 0.3623537195032228 21165
1647519887792 0.36227674470908605 21166
1647519888864 0.362121508545464 21167
1647519890240 0.36177929899812805 21168
1647519891540 0.36154259018291385 21169
1647519892594 0.36146092265404783 21170
1647519893596 0.3611925126875148 21171
1647519895049 0.3608680451370754 21172
1647519896459 0.3605839931651166 21173
1647519897374 0.36072360878435583 21174
1647519898845 0.3603826162167067 21175
1647519900017 0.36033820099588754 21176
1647519900836 0.36041952174350705 21177
1647519901847 0.36026017264777027 21178
1647519902942 0.3602271090721947 21179
1647519904124 0.3600572363438784 21180
1647519905057 0.3598922012107713 21181
1647519906107 0.3599146338354828 21182
1647519907205 0.3598346082408997 21183
1647519908408 0.3597515643740511 21184
1647519909415 0.35970539035601806 21185
1647519910356 0.3596336522152726 21186
1647519911759 0.35929844880037093 21187
1647519913128 0.358872357328065 21188
1647519914186 0.35869295774391907 21189
1647519915229 0.358574796146337 21190
1647519916260 0.35863730332089794 21191
1647519917393 0.35855416227080483 21192
1647519918583 0.35836931243950493 21193
1647519919455 0.3584146538631318 21194
1647519920457 0.35846258360114724 21195
1647519921351 0.3585871456012334 21196
1647519922296 0.35873465968774315 21197
1647519923197 0.35874475498128 21198
1647519924343 0.35890706413951906 21199
1647519925528 0.3593116027472142 21200
1647519926443 0.35990029649960026 21201
1647519927560 0.3602107354010533 21202
1647519928647 0.3607525425332208 21203
1647519930097 0.3607313149975708 21204
1647519931049 0.3613531531736175 21205
1647519932037 0.3617232443094254 21206
1647519933044 0.3620235685734673 21207
1647519934302 0.3619844084630278 21208
1647519935399 0.3621007794977496 21209
1647519936301 0.36248322067128635 21210
1647519937374 0.3625995934401688 21211
1647519938294 0.36282291652492965 21212
1647519939174 0.3631185036133097 21213
1647519940566 0.3631460029758299 21214
1647519941667 0.36312556348275393 21215
1647519942767 0.36318668997907017 21216
1647519943980 0.3631676312323679 21217
1647519945009 0.3633268253362764 21218
1647519945933 0.36361565559948844 21219
1647519947294 0.3635072721537097 21220
1647519948675 0.3635307151919756 21221
1647519949925 0.36341062885568576 21222
1647519951063 0.36336479849201075 21223
1647519951897 0.3638541367445283 21224
1647519952996 0.3640012404867235 21225
1647519954187 0.3640167399675031 21226
1647519955242 0.36408517152221515 21227
1647519956230 0.36431159514474026 21228
1647519957415 0.36428378279035417 21229
1647519958442 0.3645955281224765 21230
1647519959498 0.3647470375522971 21231
1647519960374 0.36508533139329896 21232
1647519961370 0.365243002364588 21233
1647519962383 0.36525932253886095 21234
1647519963315 0.3655865206060433 21235
1647519964702 0.36557342943585946 21236
1647519965690 0.36581351659421263 21237
1647519966811 0.3659246092712557 21238
1647519967947 0.36606173856439544 21239
1647519968903 0.36620183551369784 21240
1647519969902 0.36655649139386853 21241
1647519970893 0.36676129992425877 21242
1647519971936 0.3669182612985662 21243
1647519973078 0.3668605490761288 21244
1647519974098 0.3670341745018959 21245
1647519975502 0.36701598063290836 21246
1647519976640 0.367079793009907 21247
1647519977895 0.36687108005979935 21248
1647519978970 0.3668917023607989 21249
1647519979830 0.36722181033263057 21250
1647519980827 0.3673066209114733 21251
1647519982163 0.367319471443917 21252
1647519983223 0.3674939415678029 21253
1647519984635 0.367337623139927 21254
1647519985566 0.36751117588917037 21255
1647519986630 0.3676632164155736 21256
1647519987672 0.36786300227255886 21257
1647519988796 0.3679282110036117 21258
1647519989828 0.3679836987404623 21259
1647519991038 0.3680012912113905 21260
1647519992168 0.3679906869697016 21261
1647519993593 0.3678852116771198 21262
1647519994665 0.3679207710687209 21263
1647519995546 0.3680632160868986 21264
1647519996590 0.36821247393497125 21265
1647519997790 0.3682979607376559 21266
1647519998878 0.3683429405161547 21267
1647520000070 0.36828808997943147 21268
1647520001142 0.3682865428666002 21269
1647520002091 0.3684488216198658 21270
1647520003003 0.36875255192545325 21271
1647520004043 0.36889019125308037 21272
1647520005130 0.368900663274176 21273
1647520006217 0.3690102354331157 21274
1647520007426 0.36911577412539776 21275
1647520008588 0.36933178630437746 21276
1647520009653 0.3694205797640732 21277
1647520010629 0.3695426679630941 21278
1647520011675 0.36962652848368244 21279
1647520012540 0.3698522025399856 21280
1647520013528 0.3701971200108528 21281
1647520014615 0.37013517386236633 21282
1647520015818 0.3700457618497642 21283
1647520017161 0.36999180909682056 21284
1647520018338 0.36999567283013846 21285
1647520019245 0.3702737498741884 21286
1647520020322 0.3703001862097728 21287
1647520021160 0.3706501980905199 21288
1647520022232 0.37078877740161387 21289
1647520023365 0.3709307386010301 21290
1647520024542 0.37085627754745276 21291
1647520025711 0.37073257426507045 21292
1647520027113 0.37061404572291806 21293
1647520028232 0.3706400921934367 21294
1647520029352 0.3707310138270259 21295
1647520030438 0.37076504349067646 21296
1647520031841 0.37063967756319455 21297
1647520032945 0.3708015466846797 21298
1647520033908 0.37098678790478623 21299
1647520035134 0.3708990386871895 21300
1647520036020 0.37105474950785333 21301
1647520037430 0.3710035941466657 21302
1647520038662 0.3710337231661809 21303
1647520040044 0.3709995181124508 21304
1647520041129 0.37099960147705763 21305
1647520042242 0.37100559137369454 21306
1647520043155 0.37118207779126006 21307
1647520044236 0.3711995685812812 21308
1647520045314 0.3712089552103725 21309
1647520046348 0.37130025648249465 21310
1647520047308 0.3714541300820808 21311
1647520048639 0.37140295817177904 21312
1647520050022 0.3712582628076502 21313
1647520051310 0.3711556579076972 21314
1647520052442 0.3711125315282463 21315
1647520053636 0.37104895160984747 21316
1647520054748 0.3710403944300526 21317
1647520056151 0.37088366220007196 21318
1647520057093 0.37110616544597463 21319
1647520058177 0.3710875535852339 21320
1647520059069 0.3712696050806921 21321
1647520060213 0.37131522401651396 21322
1647520061272 0.37135173819535144 21323
1647520062403 0.37134177499199494 21324
1647520063571 0.3712782576559526 21325
1647520064933 0.3711262626178337 21326
1647520066331 0.37108492746108 21327
1647520067493 0.3709941762134103 21328
1647520068585 0.37113308442764015 21329
1647520069785 0.37097727879135306 21330
1647520071058 0.3709973209798336 21331
1647520072078 0.37095898446327674 21332
1647520073238 0.37128045202132715 21333
1647520074330 0.37167597003651426 21334
1647520075615 0.3717749436045923 21335
1647520076619 0.3721501574953004 21336
1647520077630 0.37248288739929086 21337
1647520078595 0.3728476955869494 21338
1647520079747 0.3730565825491909 21339
1647520080919 0.37319315325885954 21340
1647520082143 0.3732235963730251 21341
1647520083111 0.37365948200342475 21342
1647520084252 0.3738632138411049 21343
1647520085329 0.3741302934364501 21344
1647520086442 0.3743006658055439 21345
1647520087678 0.37436086266364865 21346
1647520088645 0.3745150024634461 21347
1647520089647 0.37485094587507745 21348
1647520091095 0.37477696951636935 21349
1647520092054 0.3750006000373175 21350
1647520093199 0.37507485520954315 21351
1647520094269 0.37526076228398964 21352
1647520095510 0.37517190775994597 21353
1647520096719 0.37513666971805676 21354
1647520097775 0.3752117373959254 21355
1647520098853 0.37529354830582934 21356
1647520099976 0.37541096833155635 21357
1647520101231 0.3754834178446366 21358
1647520102446 0.37563373828589014 21359
1647520103277 0.37602302372906293 21360
1647520104241 0.3763079323015123 21361
1647520105224 0.37657532766601687 21362
1647520106332 0.37665920253647 21363
1647520107441 0.37672097522478837 21364
1647520108584 0.37683799201517965 21365
1647520109655 0.37685911067735367 21366
1647520111129 0.3768634074159078 21367
1647520112563 0.37677103250497324 21368
1647520113597 0.3770028993376569 21369
1647520114763 0.3771219870320941 21370
1647520115648 0.3774192686158198 21371
1647520116700 0.3775082332755193 21372
1647520117795 0.37745588690702325 21373
1647520118932 0.3774852102577796 21374
1647520119891 0.3777600624050726 21375
1647520120986 0.3778948353244624 21376
1647520122398 0.37778040824028164 21377
1647520123584 0.3777225128420964 21378
1647520124594 0.37783727101492187 21379
1647520125779 0.37784683956800263 21380
1647520126898 0.3779925911263986 21381
1647520128073 0.37811200888641516 21382
1647520129375 0.37807506989633693 21383
1647520130287 0.37823755559503064 21384
1647520131715 0.37814155223675155 21385
1647520132840 0.37828677342281686 21386
1647520134001 0.37845307017723434 21387
1647520135123 0.3785175157032064 21388
1647520136179 0.37862761529649885 21389
1647520137248 0.37868444904125226 21390
1647520138399 0.3787362824859364 21391
1647520139629 0.3786473308495659 21392
1647520140728 0.3786842979729388 21393
1647520141862 0.37885298120721406 21394
1647520143241 0.37872747989728095 21395
1647520144674 0.37859556777814846 21396
1647520145786 0.3788098058673181 21397
1647520146671 0.3790732454738499 21398
1647520147641 0.3791809389761216 21399
1647520149080 0.3790723923691966 21400
1647520150236 0.379097827876869 21401
1647520151296 0.37916418265440416 21402
1647520152281 0.379328777349287 21403
1647520153400 0.3794033054854025 21404
1647520154527 0.37941991127638036 21405
1647520155916 0.37926854773708013 21406
1647520156946 0.3794542413153168 21407
1647520158412 0.37932647682042014 21408
1647520159558 0.3794100422502389 21409
1647520160609 0.3795974167363014 21410
1647520162255 0.37974739755535947 21411
1647520163630 0.3796988006764558 21412
1647520164894 0.3797737491345897 21413
1647520166187 0.3800077147232321 21414
1647520167361 0.38008271196015075 21415
1647520169135 0.38015861641138027 21416
1647520170505 0.3802384148533027 21417
1647520172683 0.38039616610873905 21418
1647520174495 0.3804332757127934 21419
1647520176345 0.3804183040946368 21420
1647520178253 0.38061509912802 21421
1647520180493 0.38066643741227646 21422
1647520182419 0.38071733151839393 21423
1647520183853 0.38076072918725457 21424
1647520185272 0.38086182192620205 21425
1647520186344 0.3809621214115319 21426
1647520187511 0.38103743480055924 21427
1647520188577 0.3810424075104683 21428
1647520189696 0.3811364553893689 21429
1647520190711 0.3812787276824846 21430
1647520191845 0.3812011573960384 21431
1647520192868 0.38127126607938533 21432
1647520194111 0.3813382855235936 21433
1647520195400 0.38149546635388143 21434
1647520196476 0.3815250719669244 21435
1647520197872 0.3813964183419204 21436
1647520198860 0.3815158572871693 21437
1647520200310 0.38140780624781645 21438
1647520201671 0.3813629574632566 21439
1647520202656 0.3814658920214877 21440
1647520203780 0.38153272933158716 21441
1647520204771 0.3817747583317093 21442
1647520205862 0.3818746112481831 21443
1647520207048 0.38192573858221435 21444
1647520208108 0.38195537557334 21445
1647520209143 0.382008740645114 21446
1647520210545 0.38193193191735003 21447
1647520212027 0.38178422479517454 21448
1647520213072 0.38187839541716867 21449
1647520214148 0.3819494343487627 21450
1647520215123 0.38208067539718843 21451
1647520216284 0.3821016603093984 21452
1647520217424 0.3821900680277892 21453
1647520218556 0.3822547753923012 21454
1647520219631 0.3823927777270094 21455
1647520220730 0.38245227200984955 21456
1647520221872 0.3825493889352003 21457
1647520223049 0.3825993768193505 21458
1647520224207 0.38258201061825087 21459
1647520225484 0.38247856694393584 21460
1647520226798 0.3824245946038337 21461
1647520227728 0.38261825812127437 21462
1647520229158 0.38242816083321846 21463
1647520230185 0.382459770752732 21464
1647520231368 0.3824010616644324 21465
1647520232254 0.382511496942813 21466
1647520233607 0.38240618439121815 21467
1647520234745 0.382482433501555 21468
1647520235790 0.3825059417039623 21469
1647520236852 0.382622339332794 21470
1647520237986 0.3826764257857576 21471
1647520239064 0.3826396554801468 21472
1647520240491 0.38251593910923626 21473
1647520241528 0.3826575232655227 21474
1647520242655 0.38273506276078106 21475
1647520244039 0.38260649116926415 21476
1647520245205 0.3826273146659228 21477
1647520246373 0.3825825802187278 21478
1647520247482 0.3825894813340755 21479
1647520248911 0.3824709771180924 21480
1647520250066 0.3825359136553911 21481
1647520251431 0.3824513114862911 21482
1647520252830 0.38226060480153634 21483
1647520253989 0.382372022565072 21484
1647520254974 0.3825481058944256 21485
1647520256151 0.3825659027763905 21486
1647520257571 0.3823757723382697 21487
1647520258538 0.38260306563097957 21488
1647520259589 0.38275808840990067 21489
1647520260736 0.38280666799302887 21490
1647520261884 0.3827732267479102 21491
1647520263008 0.38271785677381076 21492
1647520264122 0.3826536021879072 21493
1647520265524 0.38252783282400077 21494
1647520266618 0.3826448528028755 21495
1647520267680 0.3826837675687962 21496
1647520268615 0.3828883757954603 21497
1647520269565 0.383067716253751 21498
1647520270663 0.3831683195859729 21499
1647520271630 0.3834231739309693 21500
1647520272731 0.3834461729250737 21501
1647520273792 0.38344886905656667 21502
1647520275177 0.38332599776220466 21503
1647520276439 0.3832769088591013 21504
1647520277540 0.38325431847873004 21505
1647520278763 0.38320795215942244 21506
1647520279883 0.38329206717878406 21507
1647520281061 0.3834491815621603 21508
1647520282227 0.38341407959176377 21509
1647520283244 0.3835470621338298 21510
1647520284750 0.38352905119604924 21511
1647520285911 0.38369752506064947 21512
1647520286958 0.3840063497249332 21513
1647520288413 0.3840038858648624 21514
1647520289431 0.3842187768926746 21515
1647520290758 0.3841902093948239 21516
1647520291806 0.38442515977183167 21517
1647520292892 0.3846143534219942 21518
1647520294079 0.3844735223669992 21519
1647520295159 0.38446496725514945 21520
1647520296357 0.3844170435399249 21521
1647520297776 0.3843055507424254 21522
1647520298743 0.38443827166119754 21523
1647520299756 0.38457762582219523 21524
1647520300715 0.38462714286204375 21525
1647520301897 0.38465906242243675 21526
1647520302972 0.384692198050947 21527
1647520303893 0.3847948835475886 21528
1647520304972 0.3847390965566594 21529
1647520306060 0.3847385607606522 21530
1647520306898 0.38489683604666164 21531
1647520307788 0.38498973738024816 21532
1647520308745 0.38508628947697476 21533
1647520309739 0.38524206275197215 21534
1647520310770 0.3852581001013856 21535
1647520311694 0.3852682954242043 21536
1647520312733 0.38523092530351183 21537
1647520313852 0.38518837087983965 21538
1647520314937 0.3853002987212717 21539
1647520315833 0.38544556357712606 21540
1647520316829 0.38557298777388854 21541
1647520317769 0.38566873628127424 21542
1647520318731 0.3857939314683167 21543
1647520319750 0.385794360770584 21544
1647520320747 0.3859061359399173 21545
1647520321734 0.38594428853138346 21546
1647520322823 0.3858556310183176 21547
1647520324044 0.38579126533687197 21548
1647520325420 0.3855962521269461 21549
1647520326406 0.38563520972188225 21550
1647520327415 0.3856543265283108 21551
1647520328584 0.3856619935012558 21552
1647520329614 0.38568682943850013 21553
1647520330502 0.3857643404772008 21554
1647520331433 0.3858447367973749 21555
1647520332338 0.3861401516815712 21556
1647520333281 0.38617880178548747 21557
1647520334681 0.3862903035326542 21558
1647520336574 0.38620955030341725 21559
1647520337592 0.38641893070584626 21560
1647520338580 0.38647413478322223 21561
1647520339638 0.38645378215857634 21562
1647520341013 0.3863350195311458 21563
1647520342157 0.3862622046860959 21564
1647520343172 0.3863338872749734 21565
1647520344253 0.38628436030984736 21566
1647520345145 0.38640863011064736 21567
1647520346225 0.38638085972017316 21568
1647520347470 0.38623438488823286 21569
1647520348896 0.38610035491570405 21570
1647520350028 0.3860363696072553 21571
1647520351075 0.38603381287713767 21572
1647520352109 0.3860978545204327 21573
1647520353351 0.38598174205699165 21574
1647520354321 0.38598115173398806 21575
1647520355649 0.38590497650556116 21576
1647520356703 0.3859573101709739 21577
1647520357778 0.38601615789584526 21578
1647520358941 0.38599493661347556 21579
1647520360011 0.3859485981063308 21580
1647520360938 0.3859835095802943 21581
1647520361794 0.386088478620773 21582
1647520362979 0.3860142607083346 21583
1647520364385 0.38588635708548 21584
1647520365322 0.3859505221761506 21585
1647520366325 0.3859134228024262 21586
1647520367439 0.38586171464156854 21587
1647520368390 0.38591064644615747 21588
1647520369347 0.38594468236755886 21589
1647520370396 0.38597921903425525 21590
1647520371475 0.385908672527263 21591
1647520372527 0.38590389004518105 21592
1647520373357 0.38592216290357545 21593
1647520374322 0.38597796660107053 21594
1647520375227 0.38603353352134767 21595
1647520376188 0.38605343715038176 21596
1647520377209 0.38609437150370046 21597
1647520378191 0.38613975164632286 21598
1647520379009 0.3862783562702437 21599
1647520380260 0.38618213073949975 21600
1647520381210 0.38620417207092433 21601
1647520382207 0.3862266652624276 21602
1647520383200 0.3862383103509641 21603
1647520384227 0.3862623661023988 21604
1647520385128 0.3863450252963591 21605
1647520386232 0.38622227714907736 21606
1647520387289 0.38620753029418975 21607
1647520388312 0.3862235148364206 21608
1647520389217 0.3863237274566469 21609
1647520390144 0.3864669572557197 21610
1647520391584 0.3863064636786779 21611
1647520392498 0.3864219734366511 21612
1647520393478 0.3864367976594154 21613
1647520394806 0.3863227161106631 21614
1647520395753 0.3864094553781407 21615
1647520396711 0.38649550972470814 21616
1647520398123 0.3863342934816545 21617
1647520399003 0.386472119347416 21618
1647520399948 0.3865145063642318 21619
1647520400911 0.3865305408552119 21620
1647520401821 0.3865949464749686 21621
1647520402753 0.3866232150951318 21622
1647520403657 0.38666107945821504 21623
1647520404601 0.38675062942775473 21624
1647520405496 0.38690572725585487 21625
1647520406438 0.38704728217994644 21626
1647520407307 0.3871828351712706 21627
1647520408297 0.3871787853417462 21628
1647520409205 0.38714314119558885 21629
1647520410244 0.38710135904062676 21630
1647520411536 0.38716223895549773 21631
1647520412603 0.3871672716033593 21632
1647520413497 0.3872280425561634 21633
1647520414545 0.3873089292871848 21634
1647520415681 0.3873164401718633 21635
1647520416835 0.38723607944405597 21636
1647520417844 0.38734406251321657 21637
1647520419303 0.38721754260665864 21638
1647520420502 0.38719452194648213 21639
1647520421409 0.3872139874951654 21640
1647520422360 0.38723614028206577 21641
1647520423450 0.3871940231058659 21642
1647520424340 0.38724922252993277 21643
1647520425307 0.3873206450343865 21644
1647520426311 0.3873790413214475 21645
1647520427250 0.38741179258545483 21646
1647520428344 0.3874087807010202 21647
1647520429458 0.3874530240692736 21648
1647520430867 0.38727955046522006 21649
1647520432077 0.3872468523199014 21650
1647520433174 0.38720270842313764 21651
1647520434148 0.38719799345071076 21652
1647520435245 0.3872219618147017 21653
1647520436438 0.38716890216597954 21654
1647520437434 0.3872217050238142 21655
1647520438384 0.38729811187946434 21656
1647520439592 0.38715661567868104 21657
1647520440772 0.3871268740660334 21658
1647520442003 0.38705125890204295 21659
1647520442977 0.3871481215134173 21660
1647520444050 0.38703473946416234 21661
1647520445137 0.386967256432119 21662
1647520446059 0.3870075727598025 21663
1647520447260 0.3869533189276115 21664
1647520448320 0.3869369455950437 21665
1647520449951 0.3869368019218216 21666
1647520450876 0.38693764231849515 21667
1647520451948 0.3869427779384554 21668
1647520452911 0.3868995787562505 21669
1647520453885 0.38686277183645246 21670
1647520454818 0.3868905678036667 21671
1647520455912 0.3868604937787572 21672
1647520456968 0.38687286425089895 21673
1647520458073 0.38681447113536005 21674
1647520459231 0.38674946132853133 21675
1647520460114 0.3868159717356665 21676
1647520461182 0.3868649335617715 21677
1647520462095 0.38688494059242917 21678
1647520462981 0.386891675199259 21679
1647520464032 0.38684027404189814 21680
1647520465062 0.3868093412763932 21681
1647520466023 0.38686028003832706 21682
1647520466977 0.38678998216776783 21683
1647520467917 0.38681783052849184 21684
1647520468817 0.3868749046074423 21685
1647520469876 0.3868837209124314 21686
1647520470794 0.3869004436881743 21687
1647520471775 0.3869884584442459 21688
1647520472700 0.3870753219008168 21689
1647520473730 0.3870467716726074 21690
1647520475100 0.38693471467772195 21691
1647520476282 0.3868419115413218 21692
1647520477261 0.3868934079970119 21693
1647520478185 0.38694132434534445 21694
1647520479273 0.3869495837500802 21695
1647520480378 0.3870307548197708 21696
1647520481525 0.3870001235679996 21697
1647520482719 0.3869533700720249 21698
1647520483637 0.38702525414766803 21699
1647520484772 0.38692828227516146 21700
1647520485856 0.38691647087020437 21701
1647520486855 0.3869487009557599 21702
1647520487793 0.386968668447722 21703
1647520488986 0.3869168007018776 21704
1647520489928 0.38689852340543296 21705
1647520491033 0.38689371269089834 21706
1647520492333 0.3867703685749611 21707
1647520493451 0.3866487823707076 21708
1647520494741 0.38658940211651266 21709
1647520495925 0.3865063913649666 21710
1647520496865 0.3865955792706121 21711
1647520497871 0.38658576936510713 21712
1647520498887 0.3865881169937095 21713
1647520499965 0.3865390182351472 21714
1647520501008 0.3865780246473545 21715
1647520502054 0.38654957400203427 21716
1647520503168 0.3865514386520967 21717
1647520504218 0.3865670265111203 21718
1647520505306 0.38650087179901366 21719
1647520506238 0.38649815951208966 21720
1647520507298 0.38654947984084653 21721
1647520508307 0.38661254857124305 21722
1647520509418 0.3866347582350932 21723
1647520510520 0.3866798940791528 21724
1647520511507 0.3867383507607501 21725
1647520512622 0.3867007491974857 21726
1647520513686 0.38664101297035813 21727
1647520514704 0.386645979207495 21728
1647520515779 0.3866493280786183 21729
1647520516628 0.38674464347762977 21730
1647520517569 0.38673413554827374 21731
1647520518662 0.3867043390390479 21732
1647520519759 0.3866576072976753 21733
1647520520968 0.3865915723351281 21734
1647520521839 0.38668317182929113 21735
1647520523051 0.38659204086546084 21736
1647520524309 0.38648448618042547 21737
1647520525276 0.38654678238529094 21738
1647520526304 0.3865826949148976 21739
1647520527242 0.38654239329830126 21740
1647520528455 0.3864931244116563 21741
1647520529383 0.3865484210583826 21742
1647520530253 0.3865911525984605 21743
1647520531125 0.3866547487782231 21744
1647520532061 0.38671871837171473 21745
1647520533057 0.3867636800463734 21746
1647520534173 0.38670153043936434 21747
1647520535127 0.38673850656725717 21748
1647520536055 0.3868335111468446 21749
1647520536967 0.3869394030223344 21750
1647520538324 0.38686030413145606 21751
1647520539213 0.3868567896976533 21752
1647520540281 0.3868383078021755 21753
1647520541721 0.3866896679380733 21754
1647520542817 0.38667747013883674 21755
1647520543955 0.3866934750853358 21756
1647520544963 0.3866844238073728 21757
1647520545787 0.38676043740496796 21758
1647520546879 0.3867416008985762 21759
1647520548021 0.3866760584779397 21760
1647520549110 0.3866028949137657 21761
1647520550214 0.38658904699582675 21762
1647520551667 0.38648628641735333 21763
1647520552544 0.3865338549544957 21764
1647520553900 0.3864694483083627 21765
1647520554898 0.386475350002554 21766
1647520556159 0.38638560578991205 21767
1647520557344 0.3862843016995437 21768
1647520558323 0.3862590393913326 21769
1647520559284 0.3862694824973361 21770
1647520560544 0.38611931223818596 21771
1647520561561 0.38618707891225057 21772
1647520562611 0.38613228800443583 21773
1647520563451 0.3862129149292838 21774
1647520564321 0.38629775879494216 21775
1647520565246 0.3862825889751394 21776
1647520566300 0.38621342235715395 21777
1647520567298 0.38622212586206517 21778
1647520568445 0.3861454409323161 21779
1647520569493 0.3861161872069376 21780
1647520570524 0.38608932981365607 21781
1647520571437 0.3860938731114822 21782
1647520572359 0.3860852373998706 21783
1647520573573 0.3860281787789256 21784
1647520574451 0.3861280994907615 21785
1647520575468 0.38616221431662273 21786
1647520576356 0.3861731811734423 21787
1647520577343 0.38626813904120505 21788
1647520578573 0.38621990488441604 21789
1647520579624 0.38622331762214396 21790
1647520580630 0.3862511047782997 21791
1647520581671 0.3862607229140497 21792
1647520582555 0.38634554958145234 21793
1647520583662 0.38638229638740407 21794
1647520584678 0.3864868393021006 21795
1647520585580 0.3865452520896734 21796
1647520586988 0.3864156365949915 21797
1647520588116 0.38641721309155935 21798
1647520589173 0.3864706966810483 21799
1647520590047 0.3866075197671097 21800
1647520591263 0.386535688804597 21801
1647520592105 0.38659570394534654 21802
1647520593055 0.38660368810833234 21803
1647520594057 0.38670480186990697 21804
1647520595075 0.3866973138381813 21805
1647520596161 0.3867018325206561 21806
1647520597087 0.3867733312740189 21807
1647520598064 0.38680919162936683 21808
1647520599191 0.38677836814419136 21809
1647520600118 0.3868650436340484 21810
1647520601107 0.3868578648688842 21811
1647520602185 0.386839666740853 21812
1647520603263 0.38678692375326834 21813
1647520604211 0.38681275234581375 21814
1647520605121 0.386807926211173 21815
1647520606212 0.3867634450723677 21816
1647520607113 0.3868064345380114 21817
1647520608304 0.3867922545747554 21818
1647520609684 0.38668848706884423 21819
1647520610746 0.3866623290508413 21820
1647520611762 0.3866014244881543 21821
1647520612903 0.3865689755869441 21822
1647520614118 0.3865022184928098 21823
1647520615225 0.3864563372199989 21824
1647520616247 0.3865150338867061 21825
1647520617421 0.3865235091453821 21826
1647520618611 0.3864875241336095 21827
1647520619676 0.3864881015170661 21828
1647520620647 0.3865504048331706 21829
1647520622142 0.38666164332085307 21830
1647520623634 0.38670045691728594 21831
1647520625243 0.3867422380707004 21832
1647520626564 0.3869041511696018 21833
1647520627757 0.3871074823118516 21834
1647520629261 0.3872024763034159 21835
1647520630368 0.3873735051843064 21836
1647520631536 0.3875370441563798 21837
1647520632845 0.387535803456529 21838
1647520633869 0.38770314847074805 21839
1647520635196 0.38772599376937444 21840
1647520636591 0.3876830215796386 21841
1647520637595 0.38783983822864077 21842
1647520638670 0.387907382557279 21843
1647520639866 0.38797367030988206 21844
1647520640949 0.3880283408440076 21845
1647520641974 0.3881814542955953 21846
1647520643272 0.38812809355380967 21847
1647520644408 0.3881781013314351 21848
1647520645426 0.3882562080453093 21849
1647520646564 0.38821630596646617 21850
1647520647796 0.38826573648873497 21851
1647520648734 0.3883760445381822 21852
1647520649826 0.388405555410861 21853
1647520650863 0.38849778987561967 21854
1647520651974 0.38852428522659466 21855
1647520652919 0.38862334010077687 21856
1647520653839 0.38870686571500457 21857
1647520654773 0.38876943161099886 21858
1647520655964 0.38870942894122945 21859
1647520657166 0.38861311208981697 21860
1647520658134 0.3886474207767005 21861
1647520659328 0.3886066781850143 21862
1647520660438 0.3886181350884049 21863
1647520661493 0.38861058088378314 21864
1647520662561 0.38859325967282343 21865
1647520663544 0.38857936948393856 21866
1647520664497 0.3885119344794612 21867
1647520665527 0.388554912840044 21868
1647520666722 0.38844111185657265 21869
1647520667808 0.3884019965845536 21870
1647520668848 0.3883760668337345 21871
1647520669929 0.388386605509649 21872
1647520670830 0.3883626621767106 21873
1647520671690 0.38840951001198387 21874
1647520672905 0.38835797207679784 21875
1647520673820 0.3883330302945735 21876
1647520675282 0.38816437719258023 21877
1647520676406 0.38813606204879547 21878
1647520677601 0.3880422469228506 21879
1647520678772 0.38793862313458305 21880
1647520679778 0.38798151219174976 21881
1647520681146 0.38792606642368743 21882
1647520682285 0.3879120573826389 21883
1647520683169 0.38787670682581515 21884
1647520684220 0.3878363599785139 21885
1647520685108 0.38786957434850844 21886
1647520686184 0.38789645832201297 21887
1647520687660 0.38779792599838186 21888
1647520688510 0.3879017283847742 21889
1647520689908 0.3877995275488656 21890
1647520690838 0.38783728928779654 21891
1647520691933 0.3878006767569343 21892
1647520692913 0.38780643288642447 21893
1647520693817 0.38776964494504684 21894
1647520694619 0.3878015245458013 21895
1647520695596 0.38774850112451636 21896
1647520696531 0.3877695796217972 21897
1647520697752 0.38770694885448304 21898
1647520698665 0.3877564151998093 21899
1647520699830 0.38767171821881946 21900
1647520700885 0.3876266921374285 21901
1647520701777 0.38769211804443826 21902
1647520702904 0.38758601377537444 21903
1647520703902 0.3876196552495032 21904
1647520705014 0.3876333525144188 21905
1647520706157 0.387611058742501 21906
1647520707042 0.38763495256300307 21907
1647520707886 0.38770316638045543 21908
1647520708929 0.38774348406988524 21909
1647520709912 0.387778187607371 21910
1647520710841 0.3878220161492074 21911
1647520711914 0.38781806067059593 21912
1647520712958 0.3878113951210394 21913
1647520714033 0.38782943295364786 21914
1647520714951 0.3878508737633809 21915
1647520716045 0.38780501153886593 21916
1647520716890 0.3878470273280232 21917
1647520718030 0.3878106075821388 21918
1647520719228 0.3877522989641875 21919
1647520720352 0.38770719904271256 21920
1647520721247 0.3877372859951553 21921
1647520722167 0.38776310790743335 21922
1647520723326 0.38768833276607617 21923
1647520724356 0.38765550173703184 21924
1647520725547 0.38758792382217194 21925
1647520726619 0.3874915576824859 21926
1647520727737 0.3875014158849516 21927
1647520728721 0.387520056031135 21928
1647520729756 0.38762478819473195 21929
1647520730864 0.3876757272896276 21930
1647520731965 0.3877826096659357 21931
1647520733163 0.387851556913621 21932
1647520734217 0.38807184630480956 21933
1647520735147 0.38830151628442816 21934
1647520736277 0.38838628780744644 21935
1647520737096 0.3885011213262696 21936
1647520738262 0.38847780005356286 21937
1647520739358 0.3885353862727776 21938
1647520740192 0.3886948944294711 21939
1647520741172 0.38890018415569294 21940
1647520742226 0.3889497936980144 21941
1647520743590 0.38894014645277325 21942
1647520744589 0.3890605682118548 21943
1647520745571 0.38911070992629593 21944
1647520746758 0.3891396132603796 21945
1647520748145 0.38912755431348434 21946
1647520749342 0.3891242439841925 21947
1647520750750 0.3890647390989075 21948
1647520751906 0.3891401332878043 21949
1647520753167 0.38911429744037374 21950
1647520754253 0.38915564892813564 21951
1647520755207 0.3892759585173187 21952
1647520756089 0.3893969283835986 21953
1647520757001 0.3896503146615075 21954
1647520758015 0.3897308514078953 21955
1647520759137 0.38975307669904496 21956
1647520760546 0.38967919703010556 21957
1647520761576 0.3897743043295557 21958
1647520762599 0.389808442166194 21959
1647520763709 0.3898750329117948 21960
1647520764811 0.3899768348684353 21961
1647520766039 0.38998510399347486 21962
1647520767054 0.39018928747979575 21963
1647520768236 0.39026907682155787 21964
1647520769302 0.3903912799252194 21965
1647520770522 0.3904788946133878 21966
1647520771509 0.39064553436416555 21967
1647520772470 0.3908137409516144 21968
1647520773527 0.39097245793089086 21969
1647520774592 0.39101905361982264 21970
1647520775683 0.391162642248367 21971
1647520776709 0.3912237914871689 21972
1647520777684 0.3913428892892004 21973
1647520779049 0.39133303946866765 21974
1647520780471 0.39131046340546827 21975
1647520781683 0.39130670851234783 21976
1647520782717 0.39134196431276896 21977
1647520783700 0.39147622454602926 21978
1647520784642 0.3916417863544479 21979
1647520785706 0.39182744938410086 21980
1647520786838 0.39188858183829683 21981
1647520788106 0.3918163634377081 21982
1647520789261 0.39176708567214924 21983
1647520790603 0.3917548569486334 21984
1647520791860 0.39176538500101976 21985
1647520792897 0.3917652798034412 21986
1647520794332 0.3917227522131687 21987
1647520795645 0.39169403347818627 21988
1647520796804 0.3917278841343774 21989
1647520797917 0.3917854125253901 21990
1647520799165 0.39173539706088345 21991
1647520800253 0.3917576974445535 21992
1647520801277 0.3918129063745169 21993
1647520802461 0.39183581768441383 21994
1647520803473 0.3919805658667563 21995
1647520804576 0.39195274277050607 21996
1647520805853 0.3918734238727424 21997
1647520806929 0.39189402335151813 21998
1647520808056 0.3919383689174301 21999
1647520809139 0.39200323971802603 22000
1647520810258 0.39208684549627143 22001
1647520811248 0.3922014272207892 22002
1647520812243 0.39227412278690843 22003
1647520813430 0.3923240983755489 22004
1647520814500 0.39234561671136386 22005
1647520815653 0.392366160522116 22006
1647520816459 0.39255999777542083 22007
1647520817601 0.3926372356529244 22008
1647520818943 0.39255532972729673 22009
1647520819962 0.39261296696082526 22010
1647520820961 0.3926398289784537 22011
1647520822186 0.39262111964466007 22012
1647520823261 0.39263742586027345 22013
1647520824223 0.3926402092962475 22014
1647520825297 0.39260719700187846 22015
1647520826704 0.39251858776883236 22016
1647520827730 0.39257319159742954 22017
1647520828834 0.3925579813290968 22018
1647520830276 0.3924486368819319 22019
1647520831335 0.3925172814283178 22020
1647520832471 0.39245155725409003 22021
1647520833575 0.3924031113622371 22022
1647520834669 0.3924292396604015 22023
1647520835635 0.39245773869358186 22024
1647520836689 0.39246623903213435 22025
1647520837679 0.3924389145239627 22026
1647520838758 0.3924222354929782 22027
1647520839897 0.39238531397050286 22028
1647520840830 0.39249435384355125 22029
1647520841783 0.39254922844202345 22030
1647520842996 0.39250763077288864 22031
1647520844024 0.3925649595325138 22032
1647520845201 0.39249372233120655 22033
1647520846249 0.3925146912522645 22034
1647520847141 0.3925969207232379 22035
1647520848107 0.3926384814423644 22036
1647520849030 0.3926416566691193 22037
1647520850099 0.39262558584037455 22038
1647520851195 0.39257996592251276 22039
1647520852185 0.39262106653527845 22040
1647520853350 0.39266152580168623 22041
1647520854252 0.39269833402088317 22042
1647520855295 0.3927742709642393 22043
1647520856304 0.39281024095300593 22044
1647520857258 0.39288963192131804 22045
1647520858435 0.3928859825610133 22046
1647520859263 0.39293834413891954 22047
1647520860448 0.39296009907638235 22048
1647520861454 0.3930366225846491 22049
1647520862601 0.3929843239431209 22050
1647520863747 0.3929772737451264 22051
1647520864810 0.3929614850749352 22052
1647520865917 0.3929766029631643 22053
1647520866929 0.3930210488820212 22054
1647520867900 0.39303661781831895 22055
1647520868998 0.3929952780689512 22056
1647520870020 0.3930513113858649 22057
1647520871129 0.39304482496017934 22058
1647520872238 0.393008097921307 22059
1647520873330 0.3929933406915773 22060
1647520874437 0.3929834328894693 22061
1647520875452 0.3930252503201208 22062
1647520876461 0.39303979781976384 22063
1647520877591 0.3930375383017224 22064
1647520878614 0.39306091608983773 22065
1647520879645 0.39305937725764056 22066
1647520881079 0.3929699939407384 22067
1647520882162 0.3929759690066741 22068
1647520883130 0.39301539125802637 22069
1647520884359 0.3929644802749109 22070
1647520885403 0.3929504601585288 22071
1647520886371 0.39298336685760477 22072
1647520887654 0.39291714243410863 22073
1647520889041 0.3928201988950815 22074
1647520890297 0.3927466935834509 22075
1647520891387 0.3927590298485086 22076
1647520892269 0.3928394267757096 22077
1647520893495 0.3928158780695824 22078
1647520894456 0.39282981949882245 22079
1647520895455 0.3928761383573755 22080
1647520896368 0.3929760263085365 22081
1647520897332 0.3930170923519096 22082
1647520898263 0.39317425877189105 22083
1647520899668 0.3930625815036672 22084
1647520900868 0.3931146602620158 22085
1647520901906 0.39317717909575456 22086
1647520902870 0.39330998140203344 22087
1647520904274 0.39324176533172883 22088
1647520905390 0.39327824879763423 22089
1647520906616 0.3932336969707957 22090
1647520907779 0.39328380564139004 22091
1647520908742 0.39340101496791385 22092
1647520910112 0.39337334033284815 22093
1647520911340 0.39338325858352113 22094
1647520912834 0.3933089352036013 22095
1647520914298 0.3932255867088265 22096
1647520915684 0.39320907781803965 22097
1647520916822 0.3932999492326682 22098
1647520917858 0.3933127133839702 22099
1647520919376 0.39322065542634776 22100
1647520920401 0.39333893545265275 22101
1647520921526 0.39337200162028063 22102
1647520922923 0.39330581440912477 22103
1647520924216 0.39331350319280645 22104
1647520925238 0.393442195908896 22105
1647520926213 0.3935329761341506 22106
1647520927286 0.39359729420568873 22107
1647520928417 0.3936133395323272 22108
1647520929676 0.3935520235151752 22109
1647520930991 0.39351191817316067 22110
1647520932216 0.3935216034413315 22111
1647520933301 0.39355305680579084 22112
1647520934404 0.3936276432481273 22113
1647520935545 0.3936526477917599 22114
1647520937072 0.3935752631603186 22115
1647520938171 0.39358053134341187 22116
1647520939343 0.39355081995343716 22117
1647520940438 0.3935375384633265 22118
1647520941525 0.3935459050355676 22119
1647520942538 0.39359003473058796 22120
1647520943793 0.39353820056647293 22121
1647520944850 0.3935620661833598 22122
1647520945905 0.3936141781370522 22123
1647520947302 0.39351965627602065 22124
1647520948500 0.3934527239783838 22125
1647520949643 0.39350163891738904 22126
1647520950683 0.3935537632945695 22127
1647520951765 0.39359992835598906 22128
1647520952952 0.3935829416973565 22129
1647520954003 0.39360159788111526 22130
1647520955193 0.3936027610187347 22131
1647520956220 0.3936653277055746 22132
1647520956420 0.3934775205320477 22133
