1647514807939 0.5342840552330017 16926
1647514809405 0.5901150703430176 16927
1647514811365 0.5374530057112376 16928
1647514813873 0.5481684878468513 16929
1647514815391 0.5586855709552765 16930
1647514816731 0.5644583056370417 16931
1647514817775 0.5675736282552991 16932
1647514818778 0.5866274200379848 16933
1647514819847 0.5808136231369443 16934
1647514820763 0.5863173931837082 16935
1647514821835 0.5780313773588701 16936
1647514822887 0.5735349704821905 16937
1647514823876 0.5740273273908175 16938
1647514825001 0.566612013748714 16939
1647514826522 0.5498087664445241 16940
1647514827593 0.5503717232495546 16941
1647514828751 0.5470841106246499 16942
1647514830249 0.5360368722014957 16943
1647514831199 0.5350373355965865 16944
1647514832448 0.5285786151885986 16945
1647514833572 0.5264812182812464 16946
1647514834756 0.522898331284523 16947
1647514835871 0.5198820272217626 16948
1647514837236 0.5113667100667953 16949
1647514838406 0.5105376148223877 16950
1647514839526 0.5103837549686432 16951
1647514840422 0.5155293963573597 16952
1647514841546 0.5124750861099788 16953
1647514842792 0.5076675969978859 16954
1647514843905 0.5061821589867274 16955
1647514845021 0.5042206779603036 16956
1647514846040 0.5036034220829606 16957
1647514847054 0.5043113060069807 16958
1647514848341 0.500489758218036 16959
1647514849635 0.4983807921409607 16960
1647514850824 0.49809735433922875 16961
1647514851804 0.4985915623806618 16962
1647514852785 0.4997098877241737 16963
1647514854070 0.4959172682884412 16964
1647514855015 0.49890652149915693 16965
1647514856159 0.49757075091687647 16966
1647514857461 0.4954634691987719 16967
1647514858633 0.49406792604646016 16968
1647514859495 0.494675990532745 16969
1647514860829 0.48992476662000023 16970
1647514861784 0.4918764019789903 16971
1647514863210 0.48909537716114776 16972
1647514864129 0.49036741132537526 16973
1647514865310 0.4875786243652811 16974
1647514866533 0.48615828454494475 16975
1647514867597 0.48619705204870184 16976
1647514868752 0.48617196197693163 16977
1647514869808 0.48594449713545024 16978
1647514870699 0.48808986058941595 16979
1647514871657 0.4880314480174672 16980
1647514872633 0.49034262022801806 16981
1647514874094 0.48742115968152094 16982
1647514875191 0.4874911015403682 16983
1647514876256 0.4863621622829114 16984
1647514877394 0.48683881262938183 16985
1647514878499 0.4855710761468919 16986
1647514879447 0.4864475501160468 16987
1647514880562 0.4865741734466856 16988
1647514881829 0.48535085655748844 16989
1647514883355 0.4832308686696566 16990
1647514884397 0.4821864285252311 16991
1647514885608 0.48014928511719207 16992
1647514886922 0.47900357316522035 16993
1647514888095 0.4778754767300426 16994
1647514889104 0.478465536236763 16995
1647514890274 0.4774202649861994 16996
1647514891387 0.4774240677555402 16997
1647514892409 0.47833039499308966 16998
1647514893386 0.47728542782164907 16999
1647514894589 0.47540477792421976 17000
1647514895798 0.4747318488202597 17001
1647514896787 0.4743198392453132 17002
1647514897841 0.47308092698072773 17003
1647514898895 0.47342567126962204 17004
1647514899902 0.47276605293154716 17005
1647514900997 0.4721234459200023 17006
1647514902041 0.47127335282360633 17007
1647514903491 0.469002736261092 17008
1647514904602 0.4671756781282879 17009
1647514905551 0.4677144296029035 17010
1647514906495 0.46732154142024906 17011
1647514907768 0.46555493857668734 17012
1647514908923 0.4648804146457802 17013
1647514910017 0.4637702937876241 17014
1647514911123 0.4626204265488519 17015
1647514912574 0.4606887969996903 17016
1647514913683 0.46009843019039737 17017
1647514914804 0.45985772372573935 17018
1647514915857 0.45885274258065734 17019
1647514917045 0.45737134657408063 17020
1647514917926 0.4576571878666679 17021
1647514918823 0.45785573155609605 17022
1647514919808 0.4575363093492936 17023
1647514921145 0.4572585432818442 17024
1647514922945 0.4575213947892189 17025
1647514924227 0.45620808447941696 17026
1647514925152 0.45675404924972385 17027
1647514926271 0.45559473176604337 17028
1647514927280 0.45467636017845225 17029
1647514928412 0.4535470812093644 17030
1647514929534 0.45283989861326396 17031
1647514930580 0.45223814750386176 17032
1647514931577 0.4521581980365294 17033
1647514932537 0.4523960234375175 17034
1647514933986 0.4509045278484171 17035
1647514935028 0.4501349289675017 17036
1647514936187 0.44949473813176155 17037
1647514937469 0.44819006666672967 17038
1647514938375 0.447898062959052 17039
1647514939297 0.4476630099441694 17040
1647514940365 0.44727457083504774 17041
1647514941191 0.4479186336199443 17042
1647514942468 0.44654098329907754 17043
1647514943513 0.44544837204348137 17044
1647514944694 0.4441884947319826 17045
1647514945992 0.4428541854885984 17046
1647514947288 0.44137182929476754 17047
1647514948479 0.44047757522846626 17048
1647514949329 0.44019822151430194 17049
1647514950251 0.4402162065505981 17050
1647514951697 0.43861169226112817 17051
1647514952697 0.43879215020363727 17052
1647514953818 0.43840941472444683 17053
1647514955253 0.4376033058231191 17054
1647514957499 0.4369097454043535 17055
1647514959145 0.43674210134808344 17056
1647514960739 0.4372763885467341 17057
1647514961748 0.43676251318669856 17058
1647514962954 0.4356601201553843 17059
1647514964009 0.4359125476192545 17060
1647514965192 0.43485104215933995 17061
1647514966228 0.4346466544118241 17062
1647514967455 0.433592664266842 17063
1647514968238 0.4336750186818967 17064
1647514969386 0.4330909817346505 17065
1647514970312 0.4326938543970703 17066
1647514971278 0.43288758092782864 17067
1647514972260 0.432590895078399 17068
1647514973472 0.43121721047080225 17069
1647514974471 0.4309050505531245 17070
1647514975910 0.4300180692991165 17071
1647514976914 0.4298166818156534 17072
1647514978047 0.4290141401862776 17073
1647514979422 0.4274982061962153 17074
1647514980300 0.42720959742863973 17075
1647514981455 0.42691692828342614 17076
1647514982373 0.4269955507234523 17077
1647514983267 0.42672786175035965 17078
1647514984201 0.4265449107080311 17079
1647514985275 0.4265826488694837 17080
1647514986522 0.4260353625584871 17081
1647514987668 0.4251198033997967 17082
1647514988693 0.42470493365692186 17083
1647514990049 0.4235742680681577 17084
1647514991085 0.4230396796017885 17085
1647514992296 0.4222890053476606 17086
1647514993422 0.42154775228765273 17087
1647514994564 0.420942317123062 17088
1647514995578 0.42085040596927087 17089
1647514996459 0.42115726976683643 17090
1647514997429 0.4207715747586216 17091
1647514998423 0.42090700218777455 17092
1647514999507 0.42057821580341886 17093
1647515000482 0.42068719387759823 17094
1647515001567 0.4204367758596645 17095
1647515002528 0.42059511608547634 17096
1647515003406 0.4208308706103369 17097
1647515004426 0.4206476943685829 17098
1647515005623 0.4201917055694536 17099
1647515007051 0.41926533137048994 17100
1647515008109 0.41902431422336534 17101
1647515009064 0.4192232061914131 17102
1647515010239 0.41873192904370554 17103
1647515011142 0.41892167742691894 17104
1647515012089 0.41879150751564237 17105
1647515013305 0.4183955516933736 17106
1647515014256 0.4184177087230997 17107
1647515015203 0.41841215074388055 17108
1647515016136 0.41853794066802313 17109
1647515017105 0.418393573567674 17110
1647515017976 0.4182375413115307 17111
1647515018956 0.41797461802946695 17112
1647515020149 0.41764551781593484 17113
1647515021235 0.41735456355665096 17114
1647515022307 0.41700734527487504 17115
1647515023334 0.4166462377727968 17116
1647515024346 0.416227364136527 17117
1647515025622 0.4159277206566667 17118
1647515026629 0.41582232237476663 17119
1647515027686 0.41584450419132524 17120
1647515028624 0.41566441892361156 17121
1647515029850 0.4151802610624865 17122
1647515031011 0.4150130382993005 17123
1647515031931 0.4150160774214184 17124
1647515032873 0.41534489795565604 17125
1647515033796 0.4151901432234256 17126
1647515034843 0.4148521337768819 17127
1647515035739 0.4151472058789483 17128
1647515036944 0.4148580830763368 17129
1647515038095 0.4144346240090161 17130
1647515039127 0.414312648541719 17131
1647515040178 0.41412391394808673 17132
1647515041647 0.4134899740322278 17133
1647515042648 0.4130445108459327 17134
1647515043689 0.41299139970824833 17135
1647515044824 0.41286835653522 17136
1647515045623 0.41297063765660774 17137
1647515046600 0.4129177851016533 17138
1647515047613 0.41328756232685016 17139
1647515048990 0.41260197315105174 17140
1647515049931 0.41220329522534654 17141
1647515051295 0.41163280098119637 17142
1647515052173 0.411923099275029 17143
1647515053225 0.4116633465028789 17144
1647515054372 0.4115592447194186 17145
1647515055844 0.41078109493083004 17146
1647515056904 0.4109421309318628 17147
1647515057820 0.4110260966647366 17148
1647515058683 0.41115076853228466 17149
1647515059530 0.41124048908551536 17150
1647515060564 0.41097952623282913 17151
1647515061625 0.41083248005564516 17152
1647515062803 0.4103539208309692 17153
1647515064005 0.41013435127953773 17154
1647515065040 0.4097119200488795 17155
1647515065955 0.40969108696623796 17156
1647515067092 0.4091634200564746 17157
1647515068022 0.4093991700927587 17158
1647515068919 0.40949506344448805 17159
1647515069784 0.4095168330567948 17160
1647515070858 0.4091937387898817 17161
1647515071745 0.40952775825428056 17162
1647515073159 0.4088631403796813 17163
1647515074032 0.4088668942950261 17164
1647515075022 0.40850182560582954 17165
1647515075913 0.4086385450917161 17166
1647515077063 0.4082528202494314 17167
1647515078148 0.4081031880015699 17168
1647515079131 0.40786025966288614 17169
1647515080217 0.40751570061761505 17170
1647515081284 0.4075200247570751 17171
1647515082102 0.40782093832849975 17172
1647515083323 0.40727930744328805 17173
1647515084217 0.4074718177797325 17174
1647515085332 0.40723247528076173 17175
1647515086398 0.4069439547945304 17176
1647515087551 0.40676076024297686 17177
1647515088512 0.4067371177814695 17178
1647515089978 0.40608147813344564 17179
1647515090808 0.4060214674355937 17180
1647515091943 0.40564961958443746 17181
1647515093007 0.4053518278705471 17182
1647515093977 0.4054480349255163 17183
1647515094847 0.40554241456350304 17184
1647515096040 0.40515868910230124 17185
1647515097461 0.4045002664300217 17186
1647515098479 0.4043128249868182 17187
1647515099529 0.40416632320717716 17188
1647515100498 0.40432650996654323 17189
1647515101544 0.40436265552943607 17190
1647515102572 0.4042128120037846 17191
1647515103954 0.4035668460170874 17192
1647515105001 0.40341581593253717 17193
1647515105977 0.4033224186046416 17194
1647515107136 0.402919359560366 17195
1647515108070 0.4028085713236974 17196
1647515108982 0.40285943174625144 17197
1647515110088 0.4026231103109353 17198
1647515111023 0.4025227506882953 17199
1647515112013 0.40288173057816246 17200
1647515112839 0.4029284845227781 17201
1647515114091 0.4025361136624099 17202
1647515115482 0.4020954894719364 17203
1647515116535 0.4018471191860869 17204
1647515117627 0.4019715833876814 17205
1647515118645 0.40215758878565344 17206
1647515119919 0.40182072093300786 17207
1647515120967 0.4014550828680975 17208
1647515121915 0.40140796148441205 17209
1647515122911 0.4013904429318612 17210
1647515123881 0.40130458011493814 17211
1647515125011 0.400847165530567 17212
1647515126057 0.40058768385400373 17213
1647515127192 0.4003293642123265 17214
1647515128421 0.40009513004072783 17215
1647515129887 0.39953722136536823 17216
1647515131011 0.3994718655331494 17217
1647515132025 0.3994775495838387 17218
1647515133006 0.3996442382027503 17219
1647515134455 0.39889387786388397 17220
1647515135686 0.39854759345384866 17221
1647515136853 0.3984920451235691 17222
1647515137759 0.3988408742835058 17223
1647515138822 0.398654435938816 17224
1647515139948 0.3983750790854295 17225
1647515141134 0.3982270648610156 17226
1647515142026 0.3986219818524967 17227
1647515143002 0.3984009166656941 17228
1647515143977 0.3986032611543411 17229
1647515144998 0.39835106579006696 17230
1647515146084 0.3982047026161275 17231
1647515147122 0.39817081848068425 17232
1647515148017 0.3984692801612538 17233
1647515148978 0.3986162928605157 17234
1647515149978 0.39862080836488356 17235
1647515150927 0.3988934721306589 17236
1647515152012 0.3987902432011488 17237
1647515152822 0.39875649277585 17238
1647515153793 0.3986982268987188 17239
1647515154871 0.3983020490597165 17240
1647515155825 0.39832573596246634 17241
1647515156763 0.39839020376137757 17242
1647515157755 0.3984322979483964 17243
1647515159123 0.3980679297615368 17244
1647515160050 0.39793430468998847 17245
1647515161171 0.39779991686715516 17246
1647515162065 0.39796232996705155 17247
1647515163122 0.3977560232575095 17248
1647515164337 0.39749203617742035 17249
1647515165741 0.3970110805218036 17250
1647515166755 0.39707360128683544 17251
1647515167801 0.3970250338771657 17252
1647515168941 0.39694336865369867 17253
1647515169985 0.39689690400039535 17254
1647515171119 0.39653475898684876 17255
1647515172205 0.3961792129044086 17256
1647515173078 0.3963231296244874 17257
1647515174347 0.39592352491599303 17258
1647515175495 0.3955059733219489 17259
1647515176599 0.3954236680002355 17260
1647515177686 0.39526515924150035 17261
1647515179100 0.39487994583848673 17262
1647515180397 0.39460223807385686 17263
1647515181466 0.39445099700517006 17264
1647515182470 0.39421117612544226 17265
1647515183911 0.39387796561389377 17266
1647515185325 0.39356681268814714 17267
1647515186257 0.3938389068616027 17268
1647515187730 0.3934414313976155 17269
1647515188868 0.39335870371348614 17270
1647515189679 0.3935985379136367 17271
1647515190681 0.39342586537259455 17272
1647515191783 0.39338069914401264 17273
1647515192939 0.3932141260294655 17274
1647515193875 0.39309862111295973 17275
1647515194879 0.3931660115549028 17276
1647515195979 0.39306463402780617 17277
1647515197183 0.39292220328077043 17278
1647515198183 0.39283480962454265 17279
1647515199117 0.3927929353546089 17280
1647515200529 0.3924163654446602 17281
1647515201900 0.39194940222578556 17282
1647515202954 0.39176129974299967 17283
1647515204000 0.3916575849305288 17284
1647515205030 0.39170553646981715 17285
1647515206162 0.3916138685888861 17286
1647515207354 0.3913790999772799 17287
1647515208220 0.3914513806748324 17288
1647515209223 0.39153896407275407 17289
1647515210106 0.39172260283607324 17290
1647515211059 0.39190641025213596 17291
1647515211984 0.3919255842711035 17292
1647515213130 0.3921181113742616 17293
1647515214320 0.39256274728432583 17294
1647515215246 0.39320638562376437 17295
1647515216358 0.3935117139568869 17296
1647515217436 0.39409720509122775 17297
1647515218878 0.3940541785380156 17298
1647515219823 0.3948152566896403 17299
1647515220827 0.3952586637735367 17300
1647515221856 0.3955978815780675 17301
1647515223116 0.3956029051099595 17302
1647515224214 0.39577135762998034 17303
1647515225106 0.39631138081443656 17304
1647515226214 0.3964754865749886 17305
1647515227141 0.39677557188851315 17306
1647515228018 0.3970993804447938 17307
1647515229429 0.39713064610335597 17308
1647515230546 0.397143166551056 17309
1647515231665 0.3971937495005595 17310
1647515232913 0.39719693744892903 17311
1647515233957 0.3973717911683928 17312
1647515234894 0.3976870156517348 17313
1647515236264 0.3975638841831899 17314
1647515237637 0.39758552866868485 17315
1647515238901 0.39746294824211187 17316
1647515240032 0.397412950781231 17317
1647515240884 0.3980033149321874 17318
1647515241984 0.39820421744270373 17319
1647515243177 0.3982066289910787 17320
1647515244212 0.3983049984607432 17321
1647515245195 0.39857377832572466 17322
1647515246384 0.39856994118372996 17323
1647515247412 0.3989096343293226 17324
1647515248464 0.3990812261030078 17325
1647515249341 0.39951053488432914 17326
1647515250323 0.3996716324443841 17327
1647515251340 0.39975037671644104 17328
1647515252270 0.4001604477589083 17329
1647515253661 0.4000878808307059 17330
1647515254628 0.40048327106119963 17331
1647515255760 0.40059719042490977 17332
1647515256909 0.40082822729121237 17333
1647515257849 0.4010479363879248 17334
1647515258846 0.4014036096814202 17335
1647515259837 0.40171660613404575 17336
1647515260876 0.4019004916320148 17337
1647515262033 0.4018278169213427 17338
1647515263051 0.40202764961598575 17339
1647515264442 0.4020129104335624 17340
1647515265574 0.40211121275877726 17341
1647515266825 0.40188948903009475 17342
1647515267895 0.4018902731925677 17343
1647515268751 0.40226979546586766 17344
1647515269745 0.4023934777648676 17345
1647515271075 0.4023964756529008 17346
1647515272123 0.40258824447461217 17347
1647515273530 0.40240404548797204 17348
1647515274453 0.40259428318800794 17349
1647515275520 0.4027606353689642 17350
1647515276545 0.40296549007226606 17351
1647515277667 0.40303603341624106 17352
1647515278697 0.4031540076378907 17353
1647515279913 0.40318493274125183 17354
1647515281046 0.4031882447905319 17355
1647515282465 0.40303484604557815 17356
1647515283528 0.4030545230747925 17357
1647515284413 0.4032007801684166 17358
1647515285444 0.40332777176721857 17359
1647515286642 0.4034149011318711 17360
1647515287719 0.4035020570757739 17361
1647515288913 0.40342212074544936 17362
1647515289990 0.4033908982459269 17363
1647515290923 0.4035367058390637 17364
1647515291820 0.40394896048713813 17365
1647515292842 0.40405236725228716 17366
1647515293948 0.4040764312331493 17367
1647515295032 0.4041993475727249 17368
1647515296250 0.40427140243821313 17369
1647515297409 0.40448914803145974 17370
1647515298451 0.40460474384873435 17371
1647515299431 0.4047440685481833 17372
1647515300487 0.4048137247362839 17373
1647515301359 0.40506500261265344 17374
1647515302349 0.4054933915204472 17375
1647515303450 0.40543848973287977 17376
1647515304655 0.4053295206904939 17377
1647515306000 0.40526797502377704 17378
1647515307203 0.40525898288131285 17379
1647515308110 0.40554928612578045 17380
1647515309180 0.4055616332446797 17381
1647515310008 0.4059713378189951 17382
1647515311079 0.4060936149486288 17383
1647515312205 0.40618711291185394 17384
1647515313377 0.4060791249184505 17385
1647515314543 0.4059350631824026 17386
1647515315908 0.4058130872778562 17387
1647515317033 0.40582411242226546 17388
1647515318153 0.4058825592992121 17389
1647515319244 0.4059330678434782 17390
1647515320626 0.40578389848890223 17391
1647515321756 0.4059166543552656 17392
1647515322730 0.4061546099300568 17393
1647515323950 0.4060420365031086 17394
1647515324836 0.4062272089275908 17395
1647515326261 0.40614381087686857 17396
1647515327499 0.40616760810174174 17397
1647515328874 0.4060930030983548 17398
1647515329948 0.4061058477699002 17399
1647515331048 0.40611997162040914 17400
1647515331956 0.4063667687235259 17401
1647515333044 0.40634492755061175 17402
1647515334109 0.4063887453665294 17403
1647515335170 0.4065095340844734 17404
1647515336122 0.40674984160189825 17405
1647515337463 0.4066943159160396 17406
1647515338843 0.4065202437186637 17407
1647515340116 0.4064026138365392 17408
1647515341244 0.40637364358571937 17409
1647515342435 0.4063049221468955 17410
1647515343547 0.40631517464364014 17411
1647515344969 0.406185199439648 17412
1647515345925 0.40643040661806945 17413
1647515347010 0.40637831664158525 17414
1647515347901 0.40662544603858675 17415
1647515349055 0.4066644852673692 17416
1647515350117 0.4067006379184199 17417
1647515351243 0.4066871223597207 17418
1647515352424 0.4065965113912517 17419
1647515353786 0.4064107407524128 17420
1647515355219 0.40633116827736937 17421
1647515356382 0.4062393206046141 17422
1647515357486 0.4063318730537671 17423
1647515358679 0.4061663372065118 17424
1647515359944 0.4061572390496731 17425
1647515360961 0.40608687383567027 17426
1647515362155 0.406405600745127 17427
1647515363251 0.4068252595648851 17428
1647515364547 0.4069410615438034 17429
1647515365566 0.4073001105891596 17430
1647515366573 0.40764334088139853 17431
1647515367546 0.40806258297883546 17432
1647515368699 0.4082817013749457 17433
1647515369871 0.40844225798585326 17434
1647515371093 0.40846632459000043 17435
1647515372071 0.408951946054886 17436
1647515373220 0.4091571251337882 17437
1647515374297 0.4094617400194934 17438
1647515375413 0.4096561007868455 17439
1647515376662 0.40971193432229236 17440
1647515377649 0.4098894482030887 17441
1647515378643 0.4102274429924945 17442
1647515380090 0.4101375024118479 17443
1647515381058 0.41037269263942805 17444
1647515382205 0.4104160127444909 17445
1647515383272 0.4106112992866483 17446
1647515384513 0.410500330800526 17447
1647515385739 0.410440080907787 17448
1647515386797 0.4105070089167766 17449
1647515387883 0.410589548264231 17450
1647515389014 0.4106900767058474 17451
1647515390271 0.41071650411304533 17452
1647515391502 0.4108374824070118 17453
1647515392322 0.4112748205943459 17454
1647515393284 0.4116189398574379 17455
1647515394270 0.4119372713307652 17456
1647515395416 0.41206082883746104 17457
1647515396546 0.4121097129739919 17458
1647515397685 0.4122241265820653 17459
1647515398737 0.41228273224050754 17460
1647515400205 0.4122674170214294 17461
1647515401635 0.41213901157818694 17462
1647515402656 0.4123942026362986 17463
1647515403835 0.4124702676605426 17464
1647515404733 0.41279821608353545 17465
1647515405798 0.4128416475053195 17466
1647515406909 0.4128036886948501 17467
1647515408050 0.4128271434353201 17468
1647515409016 0.4130726798218401 17469
1647515410102 0.4132286215867471 17470
1647515411531 0.4131097052068937 17471
1647515412732 0.41301878417758664 17472
1647515413752 0.4131440076242833 17473
1647515414938 0.41311469443400267 17474
1647515416098 0.4132794476910071 17475
1647515417288 0.41340661327440814 17476
1647515418623 0.4133467491500188 17477
1647515419546 0.4135520341545074 17478
1647515420959 0.4134246217698827 17479
1647515422078 0.41352725616983466 17480
1647515423244 0.41367743242022803 17481
1647515424360 0.4137213251267558 17482
1647515425417 0.4138472052724985 17483
1647515426489 0.4138928597696352 17484
1647515427646 0.41392541078052353 17485
1647515428885 0.41381570040754667 17486
1647515429984 0.4138465986398191 17487
1647515431117 0.41402543440699363 17488
1647515432504 0.41387032043743643 17489
1647515433941 0.41367552710317934 17490
1647515435046 0.4138675857295838 17491
1647515435952 0.4141280393278788 17492
1647515436919 0.41425831765461135 17493
1647515438367 0.41410454953177744 17494
1647515439521 0.4141155572575435 17495
1647515440595 0.4141578655787817 17496
1647515441599 0.4143562096242721 17497
1647515442735 0.41442178194955587 17498
1647515443873 0.41443294611230547 17499
1647515445256 0.41425539148890456 17500
1647515446300 0.4144901688883288 17501
1647515447774 0.41434239858254607 17502
1647515448895 0.4144270219243934 17503
1647515449937 0.41462007162381537 17504
1647515451111 0.414760339285793 17505
1647515452474 0.41469539183860393 17506
1647515453449 0.4148066670880285 17507
1647515454349 0.41503773793245874 17508
1647515455333 0.41510585652128473 17509
1647515456491 0.41518134533340095 17510
1647515457619 0.4152869437487459 17511
1647515458858 0.4154406068830718 17512
1647515459991 0.41547417131309605 17513
1647515461068 0.4154879696452152 17514
1647515461987 0.41570333674297494 17515
1647515463160 0.41571939493294696 17516
1647515464187 0.41581634203022394 17517
1647515465271 0.4158560149937014 17518
1647515466318 0.41596586859286433 17519
1647515467388 0.4160605010615677 17520
1647515468554 0.4161073034691731 17521
1647515469622 0.4161418308714526 17522
1647515470742 0.41620310904289964 17523
1647515471764 0.41634231867993216 17524
1647515472879 0.416248112047712 17525
1647515473897 0.41632466419861835 17526
1647515475131 0.4163611244373147 17527
1647515476345 0.4165191494459734 17528
1647515477441 0.41653571522097715 17529
1647515478822 0.41639703460468735 17530
1647515479801 0.4165155345408043 17531
1647515481220 0.4164033977704543 17532
1647515482585 0.4163530308410133 17533
1647515483570 0.4165374884513407 17534
1647515484678 0.4166300377152005 17535
1647515485641 0.4169236361346346 17536
1647515486728 0.41701537217287454 17537
1647515487909 0.41706081128528805 17538
1647515488966 0.4171440555480482 17539
1647515489995 0.41725048614226706 17540
1647515491363 0.4171803956246608 17541
1647515492827 0.41703946849805223 17542
1647515493858 0.4172081322587038 17543
1647515494911 0.4173375159405738 17544
1647515495883 0.41756009577262787 17545
1647515497027 0.4175983653696263 17546
1647515498156 0.41771872593179776 17547
1647515499276 0.41779356718924415 17548
1647515500343 0.4179939357563853 17549
1647515501429 0.4180911248445511 17550
1647515502535 0.4182013506754138 17551
1647515503698 0.4182888751157353 17552
1647515504797 0.4183002913216497 17553
1647515506031 0.41818205742180253 17554
1647515507321 0.4181319969277533 17555
1647515508236 0.418365120061226 17556
1647515509656 0.4181486546663167 17557
1647515510669 0.4182629215444245 17558
1647515511843 0.41820459070171845 17559
1647515512733 0.41842241876237973 17560
1647515514100 0.4183242104291541 17561
1647515515222 0.41843865269113745 17562
1647515516258 0.4184849432036047 17563
1647515517303 0.4186177782376234 17564
1647515518403 0.4186763220233843 17565
1647515519495 0.41865696635986455 17566
1647515520941 0.418510002208833 17567
1647515521974 0.4186661855939017 17568
1647515523119 0.41875798886884813 17569
1647515524494 0.4185971752848736 17570
1647515525659 0.41863388208320634 17571
1647515526798 0.41859227785095 17572
1647515527918 0.4185898260063963 17573
1647515529363 0.4184599844121786 17574
1647515530513 0.4185344745791875 17575
1647515531795 0.41841981650405946 17576
1647515533176 0.4182079761900419 17577
1647515534326 0.4183548138709382 17578
1647515535312 0.4185276154759098 17579
1647515536515 0.41856465414735194 17580
1647515537951 0.4183504314093692 17581
1647515538955 0.4186252019675718 17582
1647515540038 0.41877850235686115 17583
1647515541191 0.4188183086368853 17584
1647515542357 0.4187991945355227 17585
1647515543477 0.41871403130658996 17586
1647515544589 0.4186528136227786 17587
1647515545979 0.4185087593387515 17588
1647515547075 0.4186267820243017 17589
1647515548148 0.41864919776755166 17590
1647515549085 0.4189084526431095 17591
1647515550039 0.41905075604322256 17592
1647515551109 0.4191771574139952 17593
1647515552063 0.41946047105685835 17594
1647515553165 0.41949636707110194 17595
1647515554229 0.41951200714676284 17596
1647515555608 0.41936912784530295 17597
1647515556869 0.4193040033550532 17598
1647515557941 0.4192696848458635 17599
1647515559180 0.4191982912796515 17600
1647515560277 0.41929024495404854 17601
1647515561204 0.41945545282902713 17602
1647515562361 0.4193935928135495 17603
1647515563381 0.4195467800077528 17604
1647515564842 0.41951316435109165 17605
1647515566019 0.41965921542630497 17606
1647515567064 0.4199891347995252 17607
1647515568502 0.4199841252226781 17608
1647515569540 0.4202017953390615 17609
1647515570843 0.4201594179781684 17610
1647515571878 0.4203983426485048 17611
1647515572938 0.4206182520505816 17612
1647515574116 0.4204538161108314 17613
1647515575195 0.4204757738052847 17614
1647515576385 0.4204165036479632 17615
1647515577808 0.42027099542697155 17616
1647515578778 0.4203576321762077 17617
1647515579792 0.4204852985484259 17618
1647515580740 0.42053876815079266 17619
1647515581923 0.4205813992152111 17620
1647515583010 0.42062848307534884 17621
1647515583930 0.42072993065825154 17622
1647515585027 0.4206959783048889 17623
1647515586133 0.42070201071291013 17624
1647515586965 0.4208860380521842 17625
1647515587867 0.4210328768603982 17626
1647515588825 0.42116571009753434 17627
1647515589819 0.42129407789171336 17628
1647515590866 0.42131387550299143 17629
1647515591797 0.421343831242399 17630
1647515592841 0.4213037268171567 17631
1647515593967 0.42124154386038154 17632
1647515595052 0.4213415759978658 17633
1647515595950 0.4214991710460068 17634
1647515596928 0.4216290541308027 17635
1647515597864 0.4217426019253107 17636
1647515598825 0.42187674948422427 17637
1647515599845 0.4218764924359355 17638
1647515600842 0.4219988449907103 17639
1647515601810 0.4220365290666794 17640
1647515602911 0.4219358783818823 17641
1647515604123 0.42184431825971 17642
1647515605524 0.42161929177789637 17643
1647515606508 0.4216412005528953 17644
1647515607532 0.4216414943958322 17645
1647515608716 0.42161927939536004 17646
1647515609749 0.4216443922917599 17647
1647515610644 0.42172445348601784 17648
1647515611571 0.4218227426361972 17649
1647515612475 0.42209401716446054 17650
1647515613414 0.4221319821214216 17651
1647515614293 0.4222472286084987 17652
1647515615448 0.4221491893282631 17653
1647515616271 0.42232259983306725 17654
1647515617214 0.42239489585977713 17655
1647515618279 0.42237815405617984 17656
1647515619643 0.422225458679792 17657
1647515620792 0.42211322026965076 17658
1647515621818 0.4221519668883459 17659
1647515622863 0.4221282265421485 17660
1647515623767 0.4222968491806608 17661
1647515624863 0.42224735719135364 17662
1647515626107 0.4220868794696764 17663
1647515627498 0.42193315967574657 17664
1647515628629 0.4218623523977963 17665
1647515629649 0.42187313051761083 17666
1647515630659 0.42194544098206926 17667
1647515631867 0.4218301814585964 17668
1647515632768 0.4218411257550601 17669
1647515634022 0.4217546747634875 17670
1647515635071 0.4218094569228929 17671
1647515636146 0.42189034849524976 17672
1647515637295 0.4218697560463041 17673
1647515638360 0.4218378875737833 17674
1647515639281 0.4218725240826607 17675
1647515640131 0.42198743330892646 17676
1647515641324 0.4218956995953588 17677
1647515642714 0.42173506355143164 17678
1647515643644 0.42180946605670355 17679
1647515644642 0.421767611791756 17680
1647515645738 0.42171413512535827 17681
1647515646696 0.4217697178238764 17682
1647515647616 0.4218553024538274 17683
1647515648662 0.4218895431995706 17684
1647515649735 0.42178804511694534 17685
1647515650782 0.42177885988147124 17686
1647515651611 0.4218389957243689 17687
1647515652547 0.4219289093350364 17688
1647515653453 0.42200036372267763 17689
1647515654408 0.422028729670188 17690
1647515655405 0.42207361273370275 17691
1647515656373 0.4221169795292142 17692
1647515657187 0.4223148296393144 17693
1647515658411 0.4221935527028591 17694
1647515659363 0.4222322010181167 17695
1647515660337 0.4222586406769301 17696
1647515661324 0.42228360815755445 17697
1647515662323 0.42230269773580126 17698
1647515663243 0.4224097953786838 17699
1647515664312 0.4222774005897583 17700
1647515665352 0.4222534825238063 17701
1647515666356 0.42226578797689585 17702
1647515667250 0.42239124783743315 17703
1647515668173 0.42254405462007316 17704
1647515669596 0.4223598198821911 17705
1647515670482 0.4224753141517676 17706
1647515671459 0.4224903835245715 17707
1647515672662 0.4223626633370973 17708
1647515673604 0.42245687367584633 17709
1647515674543 0.42255425591757345 17710
1647515675953 0.42234603588590186 17711
1647515676820 0.4224833792508633 17712
1647515677713 0.4225461962751023 17713
1647515678649 0.422563205559293 17714
1647515679574 0.42265670671115946 17715
1647515680483 0.42269133133095527 17716
1647515681395 0.4227420041394053 17717
1647515682327 0.4228293620810984 17718
1647515683221 0.42303759296910287 17719
1647515684159 0.4231669021290053 17720
1647515685016 0.4233368401738567 17721
1647515686001 0.4233373335306737 17722
1647515686873 0.42333936547501044 17723
1647515687916 0.42330561962458907 17724
1647515688966 0.42337158458307383 17725
1647515690030 0.42339630320798444 17726
1647515690897 0.4234816000385772 17727
1647515691933 0.42358769754766673 17728
1647515693049 0.423609575618114 17729
1647515694179 0.42353838410066524 17730
1647515695199 0.4236513161222929 17731
1647515696646 0.4235118920585923 17732
1647515697834 0.42350460262508083 17733
1647515698697 0.42350340606034614 17734
1647515699642 0.4235817990737197 17735
1647515700729 0.4235475730109597 17736
1647515701610 0.4236508381961308 17737
1647515702563 0.4237431330471168 17738
1647515703572 0.4238122542564933 17739
1647515704503 0.42385421664071227 17740
1647515705566 0.4238675683554189 17741
1647515706679 0.42392139472386536 17742
1647515708085 0.423733406861866 17743
1647515709201 0.42369128014069046 17744
1647515710297 0.4236367601265268 17745
1647515711254 0.42364891828122875 17746
1647515712334 0.4236889411751951 17747
1647515713498 0.42361513234647774 17748
1647515714493 0.4236774787270618 17749
1647515715415 0.4237897661779866 17750
1647515716629 0.4236492514790692 17751
1647515717797 0.42361918035917157 17752
1647515718979 0.42352763172868946 17753
1647515719968 0.42362830364589094 17754
1647515721040 0.423506506864565 17755
1647515722108 0.4234362490089648 17756
1647515723010 0.42347078539359456 17757
1647515724165 0.4234103393547532 17758
1647515725231 0.4234029441464433 17759
1647515726322 0.42339516101840013 17760
1647515727220 0.4234136705727954 17761
1647515728249 0.4234464767977613 17762
1647515729177 0.42340950577170866 17763
1647515730140 0.42339197101340104 17764
1647515731085 0.42344567557530743 17765
1647515732185 0.42342551612471285 17766
1647515733217 0.42346568372003257 17767
1647515734304 0.4233962067116763 17768
1647515735478 0.42333882455647837 17769
1647515736354 0.4234470160931525 17770
1647515737395 0.4234982816850322 17771
1647515738257 0.42352749435440007 17772
1647515739079 0.42357455016517975 17773
1647515740128 0.42354881786275106 17774
1647515741161 0.42351727978271597 17775
1647515742110 0.42358607202593224 17776
1647515743058 0.4235406467437464 17777
1647515743981 0.423612380345709 17778
1647515744896 0.4237057228662091 17779
1647515745931 0.4237405846167726 17780
1647515746856 0.42375395782988207 17781
1647515747816 0.42383162033947375 17782
1647515748736 0.4239216701307775 17783
1647515749745 0.42391967070879844 17784
1647515751126 0.42380391135811807 17785
1647515752275 0.4237215467204062 17786
1647515753208 0.4237825838187731 17787
1647515754137 0.42381641712484325 17788
1647515755244 0.4238351662988188 17789
1647515756336 0.42393301382574733 17790
1647515757467 0.4238881307888527 17791
1647515758615 0.4238413867412829 17792
1647515759532 0.4239454426146048 17793
1647515760660 0.42384704373030996 17794
1647515761735 0.423873776831161 17795
1647515762722 0.423905837600869 17796
1647515763634 0.4239553912551305 17797
1647515764811 0.42391888513939213 17798
1647515765769 0.4239278805167233 17799
1647515766835 0.4239424852473395 17800
1647515768121 0.4238099592767622 17801
1647515769228 0.42369958603735525 17802
1647515770474 0.4236434832690517 17803
1647515771636 0.4235643248610936 17804
1647515772553 0.4236846236173402 17805
1647515773530 0.4236723813952436 17806
1647515774517 0.42370158185561496 17807
1647515775575 0.4236667613717195 17808
1647515776597 0.4237230730103961 17809
1647515777632 0.42371689311865357 17810
1647515778725 0.4237281414879902 17811
1647515779787 0.42374943143015115 17812
1647515780879 0.4236932398063374 17813
1647515781802 0.4236960043822687 17814
1647515782859 0.42374648503708034 17815
1647515783863 0.42383208584905874 17816
1647515784972 0.4238444181000438 17817
1647515786073 0.4238634269521859 17818
1647515787064 0.42393965807470435 17819
1647515788174 0.42390365245954953 17820
1647515789239 0.42384442632153096 17821
1647515790252 0.4238481739060403 17822
1647515791320 0.4238270443007516 17823
1647515792162 0.4239358132388091 17824
1647515793099 0.42393258911040094 17825
1647515794182 0.4239022360492361 17826
1647515795279 0.4238421018761965 17827
1647515796492 0.4237579021309961 17828
1647515797368 0.4238565233000348 17829
1647515798557 0.4237535085961305 17830
1647515799809 0.42361400904705454 17831
1647515800784 0.4237022736205287 17832
1647515801823 0.4237452171217765 17833
1647515802762 0.4237037558268399 17834
1647515803943 0.4236642701448975 17835
1647515804853 0.42375133480185606 17836
1647515805728 0.4237970267830972 17837
1647515806610 0.42384633978447284 17838
1647515807531 0.42391535543573766 17839
1647515808452 0.42397628600805837 17840
1647515809559 0.4239035328305184 17841
1647515810510 0.4239307181298278 17842
1647515811428 0.4240317422742418 17843
1647515812330 0.42413210098644855 17844
1647515813677 0.4240346656707318 17845
1647515814556 0.42403342014221107 17846
1647515815621 0.4240241265187036 17847
1647515817082 0.4238616880816473 17848
1647515818170 0.4238481644976449 17849
1647515819301 0.42386596210905025 17850
1647515820304 0.42386417118249137 17851
1647515821133 0.42396499891690065 17852
1647515822218 0.4239560158056175 17853
1647515823369 0.4238905296034397 17854
1647515824462 0.4238115306663257 17855
1647515825550 0.4238100383354693 17856
1647515826991 0.42370848007532147 17857
1647515827878 0.42377598689108414 17858
1647515829204 0.42371067211701985 17859
1647515830198 0.4237154521884765 17860
1647515831459 0.4236085812409974 17861
1647515832639 0.4235021697959625 17862
1647515833624 0.42349538284896027 17863
1647515834582 0.4235114162754073 17864
1647515835859 0.42334758431670516 17865
1647515836878 0.4234400447477823 17866
1647515837940 0.4233910783555857 17867
1647515838758 0.42350946180324917 17868
1647515839643 0.42360495641764445 17869
1647515840587 0.42359586372261954 17870
1647515841652 0.4235284472589261 17871
1647515842652 0.42355258290782777 17872
1647515843797 0.423467503805578 17873
1647515844850 0.4234462990116395 17874
1647515845890 0.42341554524082886 17875
1647515846824 0.4234156584294687 17876
1647515847769 0.42343119921616645 17877
1647515848984 0.42337333738553684 17878
1647515849876 0.4235409546479489 17879
1647515850896 0.4235845995355027 17880
1647515851784 0.42362426528434377 17881
1647515852752 0.423746517039018 17882
1647515853984 0.42370290810043976 17883
1647515855022 0.42372668757490867 17884
1647515856026 0.42377448881355423 17885
1647515857069 0.42379059229321336 17886
1647515857958 0.4238869151150858 17887
1647515859032 0.4239341980416951 17888
1647515860051 0.4240651691943036 17889
1647515860925 0.4241454178033097 17890
1647515862325 0.4239982765314495 17891
1647515863443 0.4239882016101815 17892
1647515864437 0.4240637691152736 17893
1647515865307 0.42421256036519756 17894
1647515866523 0.42413330783241804 17895
1647515867356 0.424213896312748 17896
1647515868311 0.42423682661397466 17897
1647515869227 0.4243669531787655 17898
1647515870243 0.4243648515620271 17899
1647515871282 0.4243516893417407 17900
1647515872204 0.42442323623194556 17901
1647515873157 0.4244664518378042 17902
1647515874257 0.4244298549304223 17903
1647515875154 0.4245306228014495 17904
1647515876149 0.4245340878409999 17905
1647515877225 0.4245070874478353 17906
1647515878299 0.4244525644268135 17907
1647515879178 0.42451331697002676 17908
1647515880092 0.4245357847038081 17909
1647515881177 0.4244986879492774 17910
1647515882065 0.4245702625076621 17911
1647515883262 0.4245377848002203 17912
1647515884625 0.42441299067516075 17913
1647515885661 0.42437522468901984 17914
1647515886681 0.42427964380594213 17915
1647515887824 0.4242479985074246 17916
1647515889036 0.42416489741674834 17917
1647515890143 0.424106518802686 17918
1647515891162 0.42415724567304436 17919
1647515892324 0.42416493801315824 17920
1647515893508 0.424127628749992 17921
1647515894528 0.4241334172554217 17922
1647515895464 0.4242180071188835 17923
1647515896947 0.4243220095788394 17924
1647515898436 0.4243498571664095 17925
1647515899964 0.4243823838728172 17926
1647515901213 0.4245532178087625 17927
1647515902388 0.4247701358076107 17928
1647515903871 0.42485244131361344 17929
1647515904977 0.4250575613471406 17930
1647515906142 0.4252332288246032 17931
1647515907450 0.42522242595742216 17932
1647515908484 0.42540947115787914 17933
1647515909746 0.42542600261030866 17934
1647515911129 0.4253720265361342 17935
1647515912126 0.4255700928078915 17936
1647515913192 0.42563759584141814 17937
1647515914386 0.42572320406375724 17938
1647515915480 0.42579147112381294 17939
1647515916510 0.42599040321235 17940
1647515917800 0.4259202342891083 17941
1647515918938 0.4259931107977499 17942
1647515919919 0.4260815175173325 17943
1647515921073 0.42605941395354807 17944
1647515922280 0.4261141873896122 17945
1647515923213 0.4262722316001935 17946
1647515924280 0.4263233651357854 17947
1647515925315 0.4264088311357349 17948
1647515926399 0.42644580120395403 17949
1647515927358 0.42655983330273045 17950
1647515928257 0.42668859336750314 17951
1647515929187 0.42675470445439323 17952
1647515930365 0.42667812890289825 17953
1647515931584 0.4265698518448367 17954
1647515932533 0.42662275420519913 17955
1647515933724 0.4265805036985793 17956
1647515934792 0.4265902441630299 17957
1647515935844 0.4265807244317229 17958
1647515936917 0.42656005006751885 17959
1647515937891 0.4265535991116998 17960
1647515938849 0.42649229490791507 17961
1647515939859 0.4265432762864011 17962
1647515941052 0.42640943599861253 17963
1647515942139 0.4263625918413379 17964
1647515943165 0.4263547801770843 17965
1647515944214 0.4263749741998346 17966
1647515945094 0.4263729503567754 17967
1647515945906 0.4264441534433932 17968
1647515947072 0.42638084636394546 17969
1647515947963 0.4263903654220572 17970
1647515949390 0.42620615917569593 17971
1647515950492 0.42618449178898804 17972
1647515951651 0.4260826550765347 17973
1647515952776 0.4259785670570468 17974
1647515953763 0.4260318415221714 17975
1647515955074 0.42597756918331875 17976
1647515956212 0.4259566710022466 17977
1647515957093 0.4259294206656848 17978
1647515958123 0.42588966561788855 17979
1647515959005 0.42589722448050693 17980
1647515960068 0.4258706617648854 17981
1647515961521 0.42572503058326167 17982
1647515962369 0.42579246713781627 17983
1647515963766 0.42564351526040645 17984
1647515964639 0.4256417152735422 17985
1647515965744 0.4255716870350168 17986
1647515966722 0.4255277497900857 17987
1647515967609 0.4254527685222823 17988
1647515968410 0.42550131258435714 17989
1647515969365 0.42542061324410596 17990
1647515970303 0.425407554653751 17991
1647515971516 0.4253338368674138 17992
1647515972421 0.4253792122062226 17993
1647515973578 0.42526341666675704 17994
1647515974589 0.4251819664908347 17995
1647515975483 0.4252351676883484 17996
1647515976592 0.4250993913790183 17997
1647515977598 0.4251254185103748 17998
1647515978717 0.4251091533533022 17999
1647515979723 0.42507183360499007 18000
1647515980603 0.42505223129540126 18001
1647515981438 0.4251230104498655 18002
1647515982460 0.4251469682508143 18003
1647515983439 0.4251704170429894 18004
1647515984348 0.4251803908083174 18005
1647515985404 0.42516198040267916 18006
1647515986453 0.42512649697098404 18007
1647515987473 0.42511874792318266 18008
1647515988383 0.4251176427871099 18009
1647515989459 0.4250614764228944 18010
1647515990304 0.4251087437457582 18011
1647515991415 0.4250509550018714 18012
1647515992616 0.42497284474837427 18013
1647515993738 0.4249032841186331 18014
1647515994592 0.42496505204690704 18015
1647515995513 0.4249728219592167 18016
1647515996674 0.424901945959954 18017
1647515997671 0.42486848576507324 18018
1647515998851 0.4247755715844836 18019
1647515999926 0.4246631596458557 18020
1647516001032 0.4246678197362127 18021
1647516002008 0.4247068030082212 18022
1647516003042 0.42481708084190695 18023
1647516004154 0.42487295523787544 18024
1647516005241 0.42497953314672815 18025
1647516006442 0.42505363192913426 18026
1647516007509 0.4252778845289874 18027
1647516008416 0.42550354182774225 18028
1647516009546 0.42557492719936196 18029
1647516010364 0.42572793434647954 18030
1647516011526 0.4256947426694642 18031
1647516012629 0.42573495059801636 18032
1647516013471 0.42588637564801995 18033
1647516014438 0.4260983670800521 18034
1647516015480 0.4261451850334803 18035
1647516016845 0.4261237773993979 18036
1647516017835 0.4262501536298999 18037
1647516018814 0.42630406116325364 18038
1647516019956 0.42632780690916566 18039
1647516021357 0.4262935905178566 18040
1647516022516 0.42629920693922213 18041
1647516023910 0.42622275422381417 18042
1647516025001 0.42626856947201097 18043
1647516026263 0.42621468906428156 18044
1647516027351 0.4262550473213196 18045
1647516028261 0.42637988975492574 18046
1647516029130 0.4264999872966671 18047
1647516030011 0.4267383086182449 18048
1647516031008 0.42683618979734034 18049
1647516032138 0.426863276137246 18050
1647516033559 0.4267554103163589 18051
1647516034578 0.42684542873631354 18052
1647516035611 0.42687900195307765 18053
1647516036692 0.42695496455032916 18054
1647516037806 0.4270655734349141 18055
1647516039036 0.427066160950589 18056
1647516039996 0.42727940008307513 18057
1647516041179 0.42735706684027536 18058
1647516042220 0.4274733000068648 18059
1647516043443 0.4275603121860437 18060
1647516044417 0.42773396702824346 18061
1647516045374 0.4279037578491758 18062
1647516046432 0.4280538433517848 18063
1647516047491 0.4281232637255939 18064
1647516048566 0.42828656725193326 18065
1647516049605 0.4283459583047604 18066
1647516050557 0.4284776012868263 18067
1647516051929 0.42845592012242695 18068
1647516053331 0.4284164094060034 18069
1647516054532 0.42840542241475466 18070
1647516055561 0.4284360186175734 18071
1647516056543 0.42860975245755967 18072
1647516057475 0.428791584661198 18073
1647516058531 0.428985899276999 18074
1647516059652 0.42905426180881 18075
1647516060933 0.4289687026800227 18076
1647516062076 0.4289138140415566 18077
1647516063394 0.42888849112952365 18078
1647516064631 0.4288992318268252 18079
1647516065656 0.4288992155681957 18080
1647516067094 0.42884857483388644 18081
1647516068374 0.4288114723761533 18082
1647516069510 0.42885358369103366 18083
1647516070612 0.4289088923423017 18084
1647516071857 0.42886161855582533 18085
1647516072953 0.42887510650636407 18086
1647516073990 0.42892803538994617 18087
1647516075157 0.4289499990456287 18088
1647516076148 0.4291116149001515 18089
1647516077231 0.4290815908509774 18090
1647516078480 0.42898546770138357 18091
1647516079495 0.42903008441589996 18092
1647516080594 0.4290770863578336 18093
1647516081631 0.4291295172619555 18094
1647516082717 0.4292133903910971 18095
1647516083666 0.4293337506580108 18096
1647516084637 0.42943819436807273 18097
1647516085763 0.42949003784044726 18098
1647516086811 0.4295078157312419 18099
1647516087949 0.4295175593964597 18100
1647516088724 0.4297329701331197 18101
1647516089750 0.4298413050002533 18102
1647516091074 0.4297369338306385 18103
1647516092068 0.42980452901837785 18104
1647516093062 0.4298359296079409 18105
1647516094284 0.429800643166882 18106
1647516095333 0.4298315316489102 18107
1647516096276 0.4298409180477929 18108
1647516097318 0.42981415007867524 18109
1647516098702 0.42971637269112634 18110
1647516099649 0.42979479946736343 18111
1647516100734 0.4297748896236066 18112
1647516102128 0.42964714599980247 18113
1647516103149 0.42972758825934165 18114
1647516104274 0.4296651525908158 18115
1647516105358 0.4296222221290835 18116
1647516106432 0.42964771995008394 18117
1647516107384 0.4297056231344835 18118
1647516108420 0.4297146507892976 18119
1647516109367 0.4296896386346059 18120
1647516110416 0.4296900587885276 18121
1647516111533 0.4296593428056441 18122
1647516112451 0.4297779016880838 18123
1647516113376 0.4298533710268162 18124
1647516114546 0.4298339335868756 18125
1647516115541 0.4299128808695311 18126
1647516116689 0.4298721555862173 18127
1647516117692 0.4299497105435144 18128
1647516118571 0.4301216170637315 18129
1647516119484 0.43021315351066747 18130
1647516120381 0.43025125427230276 18131
1647516121431 0.43029073465927237 18132
1647516122525 0.4302737809816338 18133
1647516123498 0.4303653697961613 18134
1647516124499 0.4304352282246282 18135
1647516125382 0.4305228248644623 18136
1647516126387 0.4306244790898298 18137
1647516127370 0.43071994780019995 18138
1647516128294 0.43084936919184846 18139
1647516129408 0.430870874551098 18140
1647516130214 0.43097537380986306 18141
1647516131384 0.43101208028287896 18142
1647516132357 0.43110506730811743 18143
1647516133477 0.4310759626714004 18144
1647516134564 0.4310672316883431 18145
1647516135591 0.4310548004803357 18146
1647516136666 0.4310805416146199 18147
1647516137634 0.43115518206177633 18148
1647516138591 0.43119506649916467 18149
1647516139652 0.43117032822297546 18150
1647516140661 0.4312627091153022 18151
1647516141724 0.43126092415178513 18152
1647516142809 0.4312163594539857 18153
1647516143851 0.4312007402481346 18154
1647516144931 0.43119930755801317 18155
1647516145820 0.4312585980111656 18156
1647516146798 0.4312883267880647 18157
1647516147879 0.4312710831393484 18158
1647516148884 0.4312826204966494 18159
1647516149891 0.4312891227996301 18160
1647516151318 0.4311829425129304 18161
1647516152389 0.431191635112562 18162
1647516153336 0.431238356068947 18163
1647516154549 0.4311847634330885 18164
1647516155588 0.43116190890150685 18165
1647516156548 0.4312171996552362 18166
1647516157830 0.4311342111244294 18167
1647516159185 0.4310217955758854 18168
1647516160410 0.4309395512152715 18169
1647516161483 0.4309491586972432 18170
1647516162366 0.4310349168593772 18171
1647516163568 0.43100483905532977 18172
1647516164508 0.4310245170759467 18173
1647516165465 0.43108277871095246 18174
1647516166348 0.43120116503238676 18175
1647516167276 0.4312653478910978 18176
1647516168173 0.43144871325443346 18177
1647516169546 0.4313270132825171 18178
1647516170738 0.4313945666644752 18179
1647516171788 0.4314752594883223 18180
1647516172736 0.4316175865709402 18181
1647516174177 0.4315291102338425 18182
1647516175288 0.43159603340542374 18183
1647516176499 0.43155453499107727 18184
1647516177675 0.4316059332991403 18185
1647516178638 0.4317265333021377 18186
1647516180035 0.4317070624293692 18187
1647516181234 0.4316971676272244 18188
1647516182711 0.4316075648876685 18189
1647516184183 0.431517224632233 18190
1647516185560 0.4314975473929732 18191
1647516186642 0.4316071913104972 18192
1647516187675 0.4316221243622551 18193
1647516189184 0.43151845215248064 18194
1647516190200 0.4316804791529348 18195
1647516191306 0.4317185363368103 18196
1647516192715 0.4316684294890308 18197
1647516194017 0.4316908991533476 18198
1647516195009 0.4318649703329736 18199
1647516195991 0.4319747096416997 18200
1647516197034 0.4320648689535344 18201
1647516198161 0.4320942906541757 18202
1647516199420 0.43203972189079426 18203
1647516200752 0.4319992285626675 18204
1647516201956 0.43202754952944816 18205
1647516203031 0.4320881493290731 18206
1647516204148 0.432172795818674 18207
1647516205263 0.4321899826602832 18208
1647516206784 0.43210562859368845 18209
1647516207871 0.4321063964515345 18210
1647516208979 0.4320726396507275 18211
1647516210085 0.43206591965527896 18212
1647516211140 0.4321112723454185 18213
1647516212149 0.43218761821233365 18214
1647516213376 0.4321284664231677 18215
1647516214430 0.4321596412858143 18216
1647516215477 0.43223501608098625 18217
1647516216863 0.4321354643974024 18218
1647516218058 0.4320750936658526 18219
1647516219154 0.4321513926660692 18220
1647516220197 0.4322280845616335 18221
1647516221246 0.43230353912759395 18222
1647516222440 0.4322982004546605 18223
1647516223452 0.43233782110350055 18224
1647516224646 0.4323467198243508 18225
1647516225658 0.4324322112425761 18226
1647516225853 0.43225185605146554 18227
