1647510054321 0.5674594640731812 13020
1647510055905 0.6269387602806091 13021
1647510058140 0.5691356658935547 13022
1647510059709 0.5824015736579895 13023
1647510060988 0.5993017554283142 13024
1647510061916 0.6119959950447083 13025
1647510062909 0.6139104621750968 13026
1647510063905 0.6314440295100212 13027
1647510064953 0.6270788775549995 13028
1647510065863 0.6373258888721466 13029
1647510066936 0.6305976455861871 13030
1647510067975 0.6258099228143692 13031
1647510068952 0.6257900595664978 13032
1647510070068 0.6180243917873928 13033
1647510071588 0.5988945364952087 13034
1647510072637 0.599923949688673 13035
1647510073787 0.5965441710808698 13036
1647510075284 0.5847761746909883 13037
1647510076228 0.586506176935999 13038
1647510077429 0.5810347184538841 13039
1647510078547 0.5802979909238362 13040
1647510079719 0.5771030905571851 13041
1647510080824 0.5737229481987332 13042
1647510082193 0.5643183464805285 13043
1647510083353 0.5643451595306397 13044
1647510084460 0.5646655651239249 13045
1647510085343 0.5714630904021086 13046
1647510086447 0.5689845787627357 13047
1647510087678 0.5643921802783834 13048
1647510088788 0.5632896463076273 13049
1647510089896 0.5613458137358388 13050
1647510090902 0.5616023261100054 13051
1647510091898 0.5646667643026873 13052
1647510093158 0.5607441663742065 13053
1647510094460 0.5588188035147531 13054
1647510095628 0.5592126531733407 13055
1647510096597 0.5607999289357984 13056
1647510097560 0.5630640607131155 13057
1647510098820 0.5588998664648105 13058
1647510099760 0.5641443796455861 13059
1647510100892 0.5625837670593727 13060
1647510102184 0.5609821748165857 13061
1647510103329 0.5598107465477877 13062
1647510104206 0.5625962994315408 13063
1647510105523 0.5572593722078535 13064
1647510106468 0.560266229769458 13065
1647510107860 0.55731500526692 13066
1647510108762 0.5607059616595507 13067
1647510109933 0.5572601033716785 13068
1647510111132 0.5558046036958695 13069
1647510112182 0.557077628140356 13070
1647510113333 0.5568952508843862 13071
1647510114443 0.5574301599331621 13072
1647510115327 0.5610085201484186 13073
1647510116295 0.5617085765708577 13074
1647510117258 0.5664904165480819 13075
1647510118705 0.5632227512828091 13076
1647510119815 0.5650339866506642 13077
1647510120868 0.5642987823082228 13078
1647510121984 0.5658193697532018 13079
1647510123076 0.5646352938941268 13080
1647510124006 0.5667991191148758 13081
1647510125106 0.5673504003456661 13082
1647510126373 0.5661636013537645 13083
1647510127914 0.563949681703861 13084
1647510128951 0.5629345381801779 13085
1647510130153 0.5609276917443347 13086
1647510131476 0.5596155204317149 13087
1647510132632 0.5584701230560524 13088
1647510133629 0.5592315103326525 13089
1647510135117 0.5580544606061049 13090
1647510136446 0.5582741250594457 13091
1647510137702 0.5592641463018444 13092
1647510138650 0.5584245738950936 13093
1647510139859 0.5563481613000234 13094
1647510141057 0.5556682407071716 13095
1647510142041 0.5553210853756249 13096
1647510143069 0.5539543540813984 13097
1647510144110 0.5545277787914759 13098
1647510145110 0.5536632761359215 13099
1647510146197 0.5528735507417608 13100
1647510147226 0.5518791261242657 13101
1647510148651 0.5491190297775957 13102
1647510149757 0.5471723402539889 13103
1647510150672 0.547834340614431 13104
1647510151610 0.5475143863018169 13105
1647510152878 0.5451854881884037 13106
1647510154031 0.5444241470911286 13107
1647510155172 0.5432874704344889 13108
1647510156267 0.5420204655991661 13109
1647510157712 0.5396064418357808 13110
1647510158823 0.5387833021257235 13111
1647510159962 0.5386115049803128 13112
1647510161019 0.5375895008761832 13113
1647510162205 0.5357752069046623 13114
1647510163078 0.5360355727995435 13115
1647510163963 0.5365802353804874 13116
1647510164954 0.536581854735102 13117
1647510166010 0.53625845939222 13118
1647510166964 0.5369005241990089 13119
1647510168208 0.5352808777058479 13120
1647510169128 0.5359274572601506 13121
1647510170263 0.5345292861021839 13122
1647510171275 0.5335621478465887 13123
1647510172414 0.5322325155848548 13124
1647510173532 0.531244656949673 13125
1647510174574 0.530391091498259 13126
1647510175569 0.530228959189521 13127
1647510176552 0.5305418782277939 13128
1647510178009 0.5287539479407397 13129
1647510179045 0.5278619275436746 13130
1647510180236 0.5270198179142815 13131
1647510181504 0.5253642792195345 13132
1647510182404 0.5250561514444518 13133
1647510183343 0.5248093573943429 13134
1647510184421 0.5244780873944019 13135
1647510185263 0.5251869903160975 13136
1647510186527 0.5235349386930466 13137
1647510187574 0.5223313890585378 13138
1647510188744 0.5207138292491436 13139
1647510190025 0.5189971310540664 13140
1647510191304 0.5172378843436476 13141
1647510192526 0.5161058859127324 13142
1647510193388 0.5157940005583148 13143
1647510194322 0.5158006293773651 13144
1647510195814 0.5138526298697033 13145
1647510196815 0.5139589492730269 13146
1647510197972 0.513296325225383 13147
1647510199395 0.5121800532174665 13148
1647510200475 0.5114128812001302 13149
1647510201448 0.51112536915386 13150
1647510202323 0.511619061005838 13151
1647510203325 0.5108043764318738 13152
1647510204531 0.509357286255751 13153
1647510205592 0.5094999430356202 13154
1647510206793 0.5081271156668663 13155
1647510207855 0.5078848063075629 13156
1647510209098 0.5064751641905826 13157
1647510209899 0.5065959050929804 13158
1647510211039 0.5058892552341734 13159
1647510211965 0.5053186627989965 13160
1647510212937 0.5055182500624321 13161
1647510213939 0.5052947185256265 13162
1647510215158 0.5036086084114181 13163
1647510216163 0.5032573868488444 13164
1647510217607 0.5020479372102921 13165
1647510218615 0.5017987662026672 13166
1647510219754 0.5007152362047015 13167
1647510221119 0.49886438580567405 13168
1647510222001 0.49869109084208807 13169
1647510223158 0.49828467868416515 13170
1647510224089 0.4983094053244905 13171
1647510224961 0.49801300894590766 13172
1647510225894 0.497875172693234 13173
1647510226953 0.49786619380597147 13174
1647510228173 0.4971606185994087 13175
1647510229317 0.4960536699575983 13176
1647510230346 0.4957030969141405 13177
1647510231703 0.4943592084466286 13178
1647510232763 0.49370527723804114 13179
1647510233967 0.49280407904467965 13180
1647510235092 0.49196500533524856 13181
1647510236241 0.49116125273192585 13182
1647510237269 0.49100152939194586 13183
1647510238149 0.49149371466853403 13184
1647510239114 0.49106679183531954 13185
1647510240098 0.49131407521798937 13186
1647510241173 0.4908330929243848 13187
1647510242151 0.4910537024750512 13188
1647510243239 0.49071021193967146 13189
1647510244186 0.49083540009127724 13190
1647510245059 0.49094036542052444 13191
1647510246082 0.4907131979748004 13192
1647510247281 0.490061581220435 13193
1647510248722 0.4888985719851085 13194
1647510249788 0.48845620665021916 13195
1647510250740 0.4886022972016685 13196
1647510251912 0.4879715008179793 13197
1647510252835 0.4881666353461463 13198
1647510253772 0.487968603356017 13199
1647510254996 0.487421706483509 13200
1647510255981 0.48753327974578836 13201
1647510256932 0.4875134191389292 13202
1647510257881 0.48760996540279494 13203
1647510258848 0.48736145375548184 13204
1647510259719 0.48718782546379236 13205
1647510260691 0.48682212120390195 13206
1647510261885 0.48633239077443774 13207
1647510262976 0.48583792418083815 13208
1647510264061 0.48533935742942913 13209
1647510265105 0.48488870052454985 13210
1647510266122 0.48429937528756756 13211
1647510267425 0.4837355208366028 13212
1647510268457 0.48352636466014015 13213
1647510269500 0.48356029093265535 13214
1647510270438 0.48325505419349185 13215
1647510271672 0.4826525409663389 13216
1647510272830 0.4823253277425814 13217
1647510273769 0.4823244142921726 13218
1647510274725 0.4827088863402605 13219
1647510275652 0.4824524175616639 13220
1647510276698 0.4819731904876114 13221
1647510277600 0.4822520523382525 13222
1647510278840 0.4817648644686914 13223
1647510279993 0.4811833505950323 13224
1647510280995 0.48101920938318216 13225
1647510282047 0.4806523277707722 13226
1647510283513 0.4798409460972135 13227
1647510284522 0.4793406103929264 13228
1647510285562 0.4791858250896136 13229
1647510286703 0.47896143801121915 13230
1647510287491 0.479095671466499 13231
1647510288469 0.4790194887370571 13232
1647510289483 0.47926587834257944 13233
1647510290872 0.4783934965383175 13234
1647510291808 0.4779502414856796 13235
1647510293177 0.47720709889440494 13236
1647510294053 0.4775784777802065 13237
1647510295131 0.4772622594142069 13238
1647510296281 0.4770386181771755 13239
1647510297751 0.4761168548828876 13240
1647510298822 0.4762104550326193 13241
1647510299735 0.47619263360051295 13242
1647510300584 0.4763760640552001 13243
1647510301410 0.47638353447119397 13244
1647510302452 0.47606152566397086 13245
1647510303505 0.47586589926927625 13246
1647510304688 0.47524229456719597 13247
1647510305883 0.4749093854141027 13248
1647510306917 0.4744299965708152 13249
1647510307827 0.47445565197632944 13250
1647510308954 0.47378433155345506 13251
1647510309889 0.4740367960904289 13252
1647510310774 0.4741587600010073 13253
1647510311650 0.47417357329358445 13254
1647510312722 0.47377919007913544 13255
1647510313591 0.47406011260260006 13256
1647510315001 0.4732107703550523 13257
1647510315872 0.47318872566253073 13258
1647510316862 0.4728161786372463 13259
1647510317760 0.47303278830783496 13260
1647510318910 0.4725711756378166 13261
1647510320003 0.4723141428251816 13262
1647510320989 0.4719762297072371 13263
1647510322073 0.4715530478832673 13264
1647510323136 0.4715687353315392 13265
1647510323964 0.47211454724251983 13266
1647510325186 0.4714395825060145 13267
1647510326093 0.4718188251477169 13268
1647510327217 0.47155646258592604 13269
1647510328275 0.4712035434535775 13270
1647510329437 0.47094286877721075 13271
1647510330390 0.4708153406975298 13272
1647510331848 0.4700144026575126 13273
1647510332678 0.47003039337840735 13274
1647510333805 0.4696271286229603 13275
1647510334905 0.46924384054274876 13276
1647510335887 0.46929805668056473 13277
1647510336775 0.4694394943912057 13278
1647510337971 0.46899034237632387 13279
1647510339383 0.46827495058149216 13280
1647510340406 0.4680977209492494 13281
1647510341459 0.4679463489313996 13282
1647510342432 0.46818271725240984 13283
1647510343496 0.4682001544057198 13284
1647510344541 0.46805737335655023 13285
1647510345959 0.467282146606106 13286
1647510347005 0.46710850126040515 13287
1647510347981 0.4669454564724713 13288
1647510349145 0.4664604034136843 13289
1647510350093 0.4664643227064302 13290
1647510351029 0.46654370399739814 13291
1647510352108 0.4663192059421714 13292
1647510353048 0.4662017151713371 13293
1647510354056 0.46666960884224284 13294
1647510354907 0.466733962783347 13295
1647510356178 0.466270138479312 13296
1647510357603 0.4657169111448226 13297
1647510358682 0.46544256630123304 13298
1647510359782 0.4655634685818638 13299
1647510360795 0.46589447038241555 13300
1647510362074 0.4654107945079499 13301
1647510363120 0.4650365373797636 13302
1647510364079 0.46497370853600367 13303
1647510365092 0.464969444118048 13304
1647510366088 0.46488986758293804 13305
1647510367226 0.4643760253431905 13306
1647510368280 0.4641468671357466 13307
1647510369434 0.4638633770823066 13308
1647510370672 0.46358105925650434 13309
1647510372133 0.4628784009783538 13310
1647510373258 0.462765869875885 13311
1647510374276 0.4627480308045299 13312
1647510375265 0.46293442493596043 13313
1647510376725 0.4620405492136034 13314
1647510377971 0.46162085003546766 13315
1647510379138 0.46144974663201405 13316
1647510380041 0.46188961049454325 13317
1647510381107 0.46162768371129115 13318
1647510382234 0.46126187751690545 13319
1647510383394 0.461049641188593 13320
1647510384292 0.46155704360529287 13321
1647510385276 0.461324269130285 13322
1647510386263 0.4615307051296297 13323
1647510387288 0.46125656200236964 13324
1647510388371 0.4610852028419769 13325
1647510389395 0.46097924606419544 13326
1647510390292 0.4613425196571784 13327
1647510391254 0.46145977055756404 13328
1647510392253 0.46141543128798085 13329
1647510393191 0.4617515170880836 13330
1647510394275 0.4616212779894853 13331
1647510395085 0.4615800283587398 13332
1647510396071 0.46150695148167337 13333
1647510397155 0.4610730441789778 13334
1647510398121 0.4611914970829517 13335
1647510399066 0.4612491496541899 13336
1647510400048 0.46135342674060437 13337
1647510401423 0.4609185319896028 13338
1647510402377 0.4608963140286505 13339
1647510403527 0.4606863731907164 13340
1647510404435 0.4609406836654829 13341
1647510405525 0.460699296219061 13342
1647510406748 0.4604130544596248 13343
1647510408170 0.45985699048409096 13344
1647510409213 0.46000425142744567 13345
1647510410262 0.4599623103207404 13346
1647510411403 0.4598210378572708 13347
1647510412452 0.459797961914793 13348
1647510413582 0.45939284427599475 13349
1647510414680 0.4590177237087146 13350
1647510415558 0.4592523788472256 13351
1647510416823 0.45881711496963157 13352
1647510417972 0.4584643137669135 13353
1647510419077 0.4584292711606666 13354
1647510420158 0.4582910573198682 13355
1647510421573 0.45787876066185246 13356
1647510422869 0.4576886568725462 13357
1647510423938 0.4576938489897061 13358
1647510424937 0.4574288795976078 13359
1647510426386 0.4570655789543107 13360
1647510427802 0.45673088380816385 13361
1647510428717 0.45714074312424174 13362
1647510430210 0.45664453610431316 13363
1647510431392 0.45664023955663047 13364
1647510432228 0.4572434862914113 13365
1647510433241 0.45713177933129523 13366
1647510434336 0.4571592269101362 13367
1647510435499 0.45706907128194685 13368
1647510436436 0.4572015963281904 13369
1647510437498 0.45734274336415476 13370
1647510438616 0.45729584204541013 13371
1647510439868 0.45721030091766596 13372
1647510440884 0.45726306062970457 13373
1647510441828 0.45735148527252845 13374
1647510443251 0.45694612108924415 13375
1647510444633 0.4564178140223527 13376
1647510445694 0.456254519980047 13377
1647510446744 0.45620711990385665 13378
1647510447776 0.4563949870566527 13379
1647510448911 0.456304430879054 13380
1647510450112 0.45604583176460056 13381
1647510450998 0.4562278283200645 13382
1647510452010 0.45638884161854837 13383
1647510452906 0.4566348760095361 13384
1647510453864 0.4569515533786002 13385
1647510454782 0.45709318312377306 13386
1647510455936 0.4573969740582549 13387
1647510457131 0.45793102249543516 13388
1647510458046 0.45889730227960124 13389
1647510459153 0.45934308555248293 13390
1647510460246 0.46006624785161787 13391
1647510461675 0.45998266115584896 13392
1647510462733 0.4610192835490334 13393
1647510463717 0.4615896375179291 13394
1647510464736 0.46210368841569477 13395
1647510465995 0.462088733516258 13396
1647510467079 0.462274198336576 13397
1647510467965 0.46306267797475126 13398
1647510469042 0.46324478811339326 13399
1647510469975 0.46377513571361234 13400
1647510470843 0.46426358928231043 13401
1647510472236 0.4643121767137443 13402
1647510473340 0.4644150559324771 13403
1647510474454 0.4645049193462768 13404
1647510475679 0.4644963347541236 13405
1647510476720 0.46486015544689285 13406
1647510477683 0.4653378592938492 13407
1647510479060 0.4652194379994066 13408
1647510480453 0.4652650516002606 13409
1647510481714 0.46522084015714543 13410
1647510482867 0.4652196939806549 13411
1647510483717 0.46604134441938716 13412
1647510484819 0.4662538971090075 13413
1647510486033 0.46622700344158124 13414
1647510487082 0.4664789829591308 13415
1647510488081 0.46685270578494903 13416
1647510489278 0.4669054355004325 13417
1647510490320 0.46742394925060127 13418
1647510491381 0.4676802556961775 13419
1647510492265 0.46836331873166 13420
1647510493249 0.4687467253771587 13421
1647510494279 0.46890143846755583 13422
1647510495212 0.4695181294095398 13423
1647510496615 0.46947446472850846 13424
1647510497577 0.4698995560260829 13425
1647510498711 0.47003280940747083 13426
1647510499863 0.4703003935077611 13427
1647510500830 0.4705039358955141 13428
1647510501834 0.4709260946366845 13429
1647510502852 0.4713778333362292 13430
1647510503900 0.4715796685913234 13431
1647510505047 0.47147576593890894 13432
1647510506055 0.47175296414013645 13433
1647510507450 0.47171505581901735 13434
1647510508595 0.4718470349191473 13435
1647510509865 0.4715954099627708 13436
1647510510949 0.47160625978234855 13437
1647510511811 0.47217322156935715 13438
1647510512803 0.4723109504296666 13439
1647510514156 0.4723363004076226 13440
1647510515217 0.4725465222981304 13441
1647510516646 0.47233815882222874 13442
1647510517570 0.4727435655329587 13443
1647510518640 0.47296060456949124 13444
1647510519668 0.47329724443630433 13445
1647510520802 0.4733751352693214 13446
1647510521849 0.4734911948581722 13447
1647510523075 0.47347049571417427 13448
1647510524213 0.4734459696814071 13449
1647510525638 0.4732820382665869 13450
1647510526709 0.47333565278461687 13451
1647510527602 0.47364286827160085 13452
1647510528660 0.473807250780444 13453
1647510529871 0.4738222335946971 13454
1647510530964 0.47395423519501995 13455
1647510532163 0.47384800804561555 13456
1647510533246 0.47388319092798453 13457
1647510534189 0.4741265875603452 13458
1647510535095 0.47462542246688494 13459
1647510536115 0.47474316823509544 13460
1647510537205 0.47474890846202816 13461
1647510538300 0.4748604046706421 13462
1647510539534 0.4748799860611692 13463
1647510540699 0.4751303949382868 13464
1647510541745 0.4752101158481008 13465
1647510542724 0.47538386115291775 13466
1647510543793 0.47545847409803954 13467
1647510544662 0.47570911660491755 13468
1647510545647 0.47620585766103535 13469
1647510546726 0.4761580781238835 13470
1647510547928 0.47602932359528755 13471
1647510549258 0.47594889912910543 13472
1647510550463 0.47589986518616195 13473
1647510551376 0.4762519117240067 13474
1647510552456 0.47629271303875403 13475
1647510553284 0.47683156110525654 13476
1647510554369 0.47695921302882865 13477
1647510555496 0.47705017481494316 13478
1647510556680 0.47690420837506003 13479
1647510557847 0.47670324104726963 13480
1647510559215 0.4764933596441756 13481
1647510560343 0.47650134190112414 13482
1647510561484 0.4765382931920989 13483
1647510562571 0.4765730917453766 13484
1647510563975 0.4763736128167533 13485
1647510565100 0.476524814995249 13486
1647510566074 0.47674457824383026 13487
1647510567312 0.47659525237103767 13488
1647510568203 0.4768532307224071 13489
1647510569615 0.47673042937955024 13490
1647510570863 0.4766956203443519 13491
1647510572249 0.47653798554210786 13492
1647510573336 0.4765422242351725 13493
1647510574460 0.4765089221377122 13494
1647510575382 0.4768347902333035 13495
1647510576490 0.4768024155678739 13496
1647510577569 0.476827923348758 13497
1647510578621 0.4769321831880382 13498
1647510579596 0.4771617545435826 13499
1647510580952 0.47704252117388957 13500
1647510582332 0.476800421028711 13501
1647510583607 0.47661105304277707 13502
1647510584740 0.4765297570381283 13503
1647510585954 0.4763676205246719 13504
1647510587070 0.4763212841724663 13505
1647510588494 0.47607678413635895 13506
1647510589435 0.47632609387157393 13507
1647510590516 0.47624489799111414 13508
1647510591400 0.47641305199691225 13509
1647510592573 0.4764234225764537 13510
1647510593635 0.47641525599287776 13511
1647510594755 0.47637164556472344 13512
1647510595931 0.4762443233477442 13513
1647510597306 0.4759825485523301 13514
1647510598710 0.47583021704227696 13515
1647510599880 0.4756936539466712 13516
1647510601001 0.47578028795948946 13517
1647510602193 0.4755606144845844 13518
1647510603476 0.475512477517128 13519
1647510604509 0.4753912096014042 13520
1647510605678 0.47569091695238397 13521
1647510606784 0.4761048281643073 13522
1647510608059 0.4761616846635228 13523
1647510609076 0.47654407531908244 13524
1647510610077 0.47692342638498236 13525
1647510611051 0.47741555262364344 13526
1647510612196 0.47761206117671307 13527
1647510613370 0.47777106181109114 13528
1647510614597 0.47777710171306836 13529
1647510615577 0.4783263215813385 13530
1647510616719 0.47847676288802177 13531
1647510617796 0.4787740636522542 13532
1647510618908 0.4789816656001347 13533
1647510620158 0.47900298440340655 13534
1647510621141 0.47916429068228994 13535
1647510622127 0.4795198438245969 13536
1647510623616 0.4793681889542281 13537
1647510624590 0.4795989122579093 13538
1647510625736 0.4796405411110474 13539
1647510626812 0.4798436290128675 13540
1647510628050 0.47968651354312897 13541
1647510629262 0.47958584309308067 13542
1647510630333 0.47964650284470495 13543
1647510631435 0.479685397431964 13544
1647510632575 0.47973496634017376 13545
1647510633841 0.47975181300454617 13546
1647510635066 0.4798327967750304 13547
1647510635909 0.48033644706855877 13548
1647510636879 0.4807164803990778 13549
1647510637881 0.48104574496238695 13550
1647510638991 0.48116800301057056 13551
1647510640113 0.48120084723656886 13552
1647510641259 0.4813374804423543 13553
1647510642330 0.4813633634665302 13554
1647510643805 0.48130772863306215 13555
1647510645241 0.481146103676471 13556
1647510646273 0.4814183176339337 13557
1647510647445 0.48150457306341693 13558
1647510648333 0.4818800905788386 13559
1647510649395 0.48193242506928013 13560
1647510650508 0.4818343349708402 13561
1647510651645 0.4818502244150221 13562
1647510652625 0.4821504232857157 13563
1647510653746 0.4822837853650434 13564
1647510655171 0.48209956261046205 13565
1647510656381 0.4819969056511274 13566
1647510657397 0.48216144762335034 13567
1647510658581 0.4821363303179298 13568
1647510659715 0.48231269598007204 13569
1647510660906 0.48242669994731563 13570
1647510662228 0.4823253270832525 13571
1647510663158 0.4825750179251969 13572
1647510664582 0.48237118512284455 13573
1647510665707 0.4824880342225771 13574
1647510666877 0.48261249354846186 13575
1647510668007 0.48267156153221746 13576
1647510669067 0.4827736848998668 13577
1647510670144 0.4827818669552027 13578
1647510671305 0.4827866162572588 13579
1647510672553 0.4826227066351131 13580
1647510673658 0.4826622900165273 13581
1647510674799 0.48285849543278425 13582
1647510676186 0.48265069263412597 13583
1647510677621 0.48242322971335555 13584
1647510678720 0.48261123079503804 13585
1647510679626 0.48290669618460236 13586
1647510680592 0.48302898172971226 13587
1647510682036 0.48281538585996375 13588
1647510683188 0.4827718533444823 13589
1647510684273 0.48282613650929906 13590
1647510685261 0.4830283969119712 13591
1647510686377 0.48307473772899434 13592
1647510687506 0.48305907778000584 13593
1647510688877 0.48281020045280454 13594
1647510689921 0.4830501858248479 13595
1647510691369 0.4828356415601496 13596
1647510692484 0.482927707342953 13597
1647510693536 0.48316776206868095 13598
1647510694697 0.48333989433173474 13599
1647510696074 0.4832337574581271 13600
1647510697040 0.4833422950452955 13601
1647510697943 0.4835875550633229 13602
1647510698929 0.4836818193123765 13603
1647510700084 0.4837863236411005 13604
1647510701205 0.4838612939107133 13605
1647510702436 0.48400144276464613 13606
1647510703564 0.48400724795805355 13607
1647510704634 0.4840012295946403 13608
1647510705552 0.48423248468819313 13609
1647510706744 0.4842519488834891 13610
1647510707761 0.48435086968380053 13611
1647510708845 0.48434343145026326 13612
1647510709882 0.4844619194265167 13613
1647510710950 0.48453134218183885 13614
1647510712112 0.48457763459058417 13615
1647510713184 0.48458892296706413 13616
1647510714298 0.48463525271734664 13617
1647510715334 0.48479336042436016 13618
1647510716444 0.48465342660744987 13619
1647510717446 0.4847604618493015 13620
1647510718675 0.4847701561213332 13621
1647510719885 0.4849449413925854 13622
1647510720952 0.4849476479240601 13623
1647510722334 0.4847558352572859 13624
1647510723318 0.4849007503427688 13625
1647510724767 0.48476358870108793 13626
1647510726126 0.48465856507812677 13627
1647510727107 0.4847868473463262 13628
1647510728215 0.48486277832359564 13629
1647510729173 0.4852278089172126 13630
1647510730253 0.48529120091519323 13631
1647510731439 0.48533351969757826 13632
1647510732500 0.48538506001913584 13633
1647510733536 0.48546316303857945 13634
1647510734892 0.485326636582613 13635
1647510736365 0.48509649132986704 13636
1647510737400 0.48522752398040303 13637
1647510738458 0.4852928674278814 13638
1647510739434 0.4854633825440561 13639
1647510740572 0.4854478538516255 13640
1647510741698 0.48553217731871406 13641
1647510742818 0.48559907274873837 13642
1647510743893 0.485780723966085 13643
1647510744971 0.48585021810531615 13644
1647510746094 0.4859267278982047 13645
1647510747271 0.485980310508509 13646
1647510748417 0.4859768303621347 13647
1647510749667 0.4858409346855691 13648
1647510750984 0.4857431737676499 13649
1647510751911 0.48605130152354714 13650
1647510753332 0.4857721313174012 13651
1647510754340 0.48583185385565436 13652
1647510755515 0.48574572688773604 13653
1647510756409 0.4859480602534737 13654
1647510757773 0.4857976869123537 13655
1647510758896 0.485873551954467 13656
1647510759937 0.48593207058674864 13657
1647510760989 0.4860937281486947 13658
1647510762101 0.4861516689416021 13659
1647510763187 0.4861076061792567 13660
1647510764623 0.48589904286036983 13661
1647510765670 0.48605579981351527 13662
1647510766801 0.48612595418965593 13663
1647510768190 0.48591432446657223 13664
1647510769354 0.485921203767183 13665
1647510770486 0.48584822133482886 13666
1647510771604 0.4858168771053538 13667
1647510773033 0.4856385965652201 13668
1647510774178 0.48570347900574024 13669
1647510775453 0.48552670195904746 13670
1647510776839 0.4852399054023386 13671
1647510777981 0.4853397278745543 13672
1647510778964 0.48556387757124886 13673
1647510780157 0.485535085110264 13674
1647510781583 0.4852760109323554 13675
1647510782556 0.48565292780257796 13676
1647510783607 0.48586161045136783 13677
1647510784757 0.4858968915002299 13678
1647510785925 0.4858709748044158 13679
1647510787054 0.48575080536677867 13680
1647510788171 0.48565899731529444 13681
1647510789566 0.48545710340164727 13682
1647510790691 0.4855660246348525 13683
1647510791761 0.4856055804213187 13684
1647510792700 0.48591296750682966 13685
1647510793654 0.4861192320329675 13686
1647510794720 0.4862163611604068 13687
1647510795666 0.4865736061058415 13688
1647510796768 0.48660608187540255 13689
1647510797835 0.48657886370816633 13690
1647510799219 0.4863875841367103 13691
1647510800477 0.486284130395433 13692
1647510801550 0.4862311062809268 13693
1647510802776 0.4861263249097047 13694
1647510803874 0.4862042508093563 13695
1647510804794 0.48639478416703474 13696
1647510805955 0.4863356634051399 13697
1647510806990 0.48648864206403974 13698
1647510808450 0.48644998678389717 13699
1647510809612 0.48662834318023773 13700
1647510810656 0.48700323569809584 13701
1647510812091 0.48697816919791753 13702
1647510813118 0.48723793513419333 13703
1647510814432 0.48717000049396153 13704
1647510815487 0.4874790776575272 13705
1647510816550 0.4877303187156522 13706
1647510817727 0.4875110857795144 13707
1647510818809 0.4875057483705623 13708
1647510819996 0.48743002695449883 13709
1647510821419 0.48725841544816534 13710
1647510822381 0.4873680508119522 13711
1647510823399 0.48755069801645706 13712
1647510824358 0.48764103964529393 13713
1647510825541 0.4876816822041711 13714
1647510826628 0.4877156837490098 13715
1647510827546 0.48783663188880966 13716
1647510828630 0.48778212996984277 13717
1647510829722 0.48779344852901835 13718
1647510830555 0.48802529441458836 13719
1647510831536 0.48816547103853264 13720
1647510832497 0.4882905122816053 13721
1647510833498 0.4884264234713097 13722
1647510834535 0.4883920739997517 13723
1647510835463 0.48839769989040727 13724
1647510836510 0.4883294164205746 13725
1647510837644 0.4882348577322009 13726
1647510838732 0.4883006294652567 13727
1647510839634 0.4884865354163354 13728
1647510840615 0.4885941545308476 13729
1647510841549 0.48870792984962463 13730
1647510842499 0.48884366708022825 13731
1647510843500 0.48880837446008124 13732
1647510844492 0.4888800089182306 13733
1647510845444 0.48889497593566256 13734
1647510846568 0.4887620013352879 13735
1647510847780 0.48863749844093535 13736
1647510849176 0.4883497874550833 13737
1647510850172 0.48836879803176053 13738
1647510851202 0.48833990055653786 13739
1647510852386 0.48828287540460924 13740
1647510853423 0.48828419221570285 13741
1647510854318 0.4883710060624166 13742
1647510855245 0.4884825000199824 13743
1647510856182 0.48880080580711366 13744
1647510857121 0.4888634386551938 13745
1647510857993 0.4890369315012941 13746
1647510859152 0.4889310828440792 13747
1647510859961 0.48914824223812714 13748
1647510860894 0.48918740332943117 13749
1647510861970 0.48917843888624585 13750
1647510863348 0.4889711130186508 13751
1647510864490 0.4888639497643116 13752
1647510865518 0.4889239243736709 13753
1647510866587 0.488869049313928 13754
1647510867493 0.4890455953047975 13755
1647510868578 0.48898444873668767 13756
1647510869819 0.4887886129743685 13757
1647510871249 0.4885837155443406 13758
1647510872391 0.48843122539488043 13759
1647510873419 0.4884212920781572 13760
1647510874410 0.48845698847121627 13761
1647510875629 0.48832030636465246 13762
1647510876576 0.48830924559664984 13763
1647510877837 0.48818466775369324 13764
1647510878894 0.488228505002909 13765
1647510879972 0.48828585176582795 13766
1647510881138 0.48825262303658346 13767
1647510882223 0.4882158523248894 13768
1647510883154 0.48825096877415974 13769
1647510884014 0.4884088620364904 13770
1647510885217 0.488292797963987 13771
1647510886621 0.48810384124715334 13772
1647510887535 0.4882030955043965 13773
1647510888551 0.4881589094929348 13774
1647510889660 0.48807568903322573 13775
1647510890614 0.48814450607904514 13776
1647510891547 0.48821980783366903 13777
1647510892594 0.4882603852331089 13778
1647510893672 0.48814376333826465 13779
1647510894721 0.4881143572296012 13780
1647510895567 0.48818629792356116 13781
1647510896536 0.48828683721284877 13782
1647510897442 0.48836140264391276 13783
1647510898398 0.4884094268667932 13784
1647510899401 0.488480933730347 13785
1647510900361 0.48849110960027853 13786
1647510901197 0.48872012679930776 13787
1647510902426 0.4885721428341611 13788
1647510903375 0.4885927734436927 13789
1647510904353 0.48861808875810003 13790
1647510905334 0.4886287653075599 13791
1647510906332 0.4886359994192481 13792
1647510907217 0.4887400443547764 13793
1647510908287 0.48855811707435115 13794
1647510909325 0.4885149632686192 13795
1647510910324 0.48851940254447085 13796
1647510911232 0.48867157300824066 13797
1647510912166 0.48884575166506394 13798
1647510913583 0.4885977102395816 13799
1647510914482 0.48873309571672796 13800
1647510915451 0.48872573643236816 13801
1647510916645 0.48855219318948945 13802
1647510917580 0.4886175096415135 13803
1647510918518 0.4886974396599326 13804
1647510919932 0.4884216874534544 13805
1647510920811 0.48856154977896615 13806
1647510921712 0.4886280144304794 13807
1647510922658 0.48860682677406775 13808
1647510923586 0.48870850737336313 13809
1647510924492 0.4887325510891289 13810
1647510925398 0.4887950765439356 13811
1647510926329 0.4888956412616624 13812
1647510927230 0.4891418245262103 13813
1647510928171 0.489312891277877 13814
1647510929022 0.4895215972359456 13815
1647510930009 0.48951011417501394 13816
1647510930892 0.4895153711164804 13817
1647510932002 0.4894748463275585 13818
1647510933047 0.4895299967005849 13819
1647510934111 0.4895244258247809 13820
1647510934991 0.4896369739586576 13821
1647510936038 0.48973340423288264 13822
1647510937171 0.4897623507315247 13823
1647510938309 0.48966087706340766 13824
1647510939308 0.48979382046842695 13825
1647510940762 0.4896181393437817 13826
1647510941958 0.48957358909272913 13827
1647510942822 0.48961578705549536 13828
1647510943778 0.48968595373041834 13829
1647510944865 0.48963652777172045 13830
1647510945758 0.48973394475253346 13831
1647510946726 0.4898242377853628 13832
1647510947737 0.4899058496483421 13833
1647510948661 0.48992496407105146 13834
1647510949732 0.48994801755921513 13835
1647510950841 0.4899745638250867 13836
1647510952254 0.48977884981772135 13837
1647510953369 0.48975818341322724 13838
1647510954470 0.48967629213158675 13839
1647510955429 0.4897322260505825 13840
1647510956521 0.4897826770071276 13841
1647510957734 0.48971589726202397 13842
1647510958728 0.4897920946111378 13843
1647510959658 0.489919192610365 13844
1647510960877 0.48973545056855705 13845
1647510962036 0.48970566298970286 13846
1647510963227 0.4895883232427104 13847
1647510964214 0.48974023203941824 13848
1647510965295 0.4895815363131374 13849
1647510966385 0.48952014394615534 13850
1647510967307 0.48961134262096423 13851
1647510968461 0.4895467242272962 13852
1647510969527 0.4895583334014856 13853
1647510970622 0.48954685551677635 13854
1647510971525 0.48960109436483473 13855
1647510972609 0.48961421847343445 13856
1647510973554 0.48962668206782783 13857
1647510974515 0.48960582597605234 13858
1647510975459 0.48967273192746297 13859
1647510976555 0.4896264001106961 13860
1647510977625 0.4896618066236129 13861
1647510978715 0.4895776699729096 13862
1647510979880 0.4895037498448697 13863
1647510980771 0.4896499821772942 13864
1647510981819 0.489710412937135 13865
1647510982716 0.48975446440253095 13866
1647510983557 0.4898153393406351 13867
1647510984605 0.4897798704876355 13868
1647510985634 0.489726741103565 13869
1647510986586 0.4898023687294311 13870
1647510987555 0.4897649000298249 13871
1647510988487 0.4898693002192664 13872
1647510989386 0.4899847088359837 13873
1647510990419 0.48998599547391747 13874
1647510991341 0.4900145537663843 13875
1647510992299 0.4901175053840201 13876
1647510993236 0.4902178340858513 13877
1647510994246 0.49021233449992535 13878
1647510995626 0.4900616644080295 13879
1647510996782 0.48994946947081164 13880
1647510997744 0.4900392315019864 13881
1647510998674 0.49011638062992074 13882
1647510999778 0.4901299817763545 13883
1647511000872 0.49022336409271106 13884
1647511002019 0.4901619067987724 13885
1647511003199 0.4901075509592736 13886
1647511004121 0.49020633534077673 13887
1647511005246 0.49008643273928637 13888
1647511006324 0.49007168100483117 13889
1647511007318 0.49010600017899075 13890
1647511008236 0.4901537855899115 13891
1647511009428 0.49008506447725414 13892
1647511010384 0.4900775164433966 13893
1647511011461 0.49007579663821627 13894
1647511012779 0.4898879949224594 13895
1647511013910 0.48973387248703665 13896
1647511015173 0.4896436582801011 13897
1647511016357 0.4895323274214249 13898
1647511017284 0.4896343829956922 13899
1647511018274 0.48962139298507223 13900
1647511019284 0.4896249600143389 13901
1647511020343 0.48955786474563795 13902
1647511021375 0.4896001829618242 13903
1647511022407 0.4895799216577562 13904
1647511023507 0.489586561750074 13905
1647511024576 0.4895761940363698 13906
1647511025657 0.48948997490712115 13907
1647511026579 0.4895047870275006 13908
1647511027634 0.4895692293228728 13909
1647511028640 0.48964938882625464 13910
1647511029746 0.48965474522167257 13911
1647511030849 0.48968410685508273 13912
1647511031835 0.48976384413322344 13913
1647511032952 0.4897289924115442 13914
1647511034021 0.4896558685826936 13915
1647511035038 0.48964415419194746 13916
1647511036114 0.48962767677742547 13917
1647511036960 0.48973562315653374 13918
1647511037915 0.48972332812017866 13919
1647511039015 0.48965976928897226 13920
1647511040116 0.48956940542832184 13921
1647511041322 0.48944585310792343 13922
1647511042197 0.48953851651960767 13923
1647511043419 0.4894158337656306 13924
1647511044663 0.4892283761935518 13925
1647511045631 0.48929227716078966 13926
1647511046678 0.4893250060042096 13927
1647511047626 0.48927101640418025 13928
1647511048822 0.48920121703829084 13929
1647511049740 0.48932268204725665 13930
1647511050612 0.4893688932714755 13931
1647511051492 0.48944422266438914 13932
1647511052424 0.4895083089104367 13933
1647511053389 0.4895957839293558 13934
1647511054521 0.48949012339245285 13935
1647511055481 0.4895439087824577 13936
1647511056414 0.4896430929956353 13937
1647511057321 0.4897721264839691 13938
1647511058687 0.48966080604687984 13939
1647511059577 0.48969381406951806 13940
1647511060646 0.4896800232942089 13941
1647511062092 0.48948829526632603 13942
1647511063192 0.489502443379654 13943
1647511064329 0.4895218080443305 13944
1647511065347 0.4895007443930109 13945
1647511066185 0.4896894318836278 13946
1647511067282 0.48967557178874466 13947
1647511068451 0.4896316682945925 13948
1647511069557 0.4896150512400494 13949
1647511070643 0.48968913165250216 13950
1647511072113 0.48957860728829716 13951
1647511072990 0.4897195911164708 13952
1647511074290 0.48964651563948686 13953
1647511075302 0.48966801472526184 13954
1647511076565 0.48955313988730437 13955
1647511077762 0.4894359372277906 13956
1647511078787 0.4894544978830606 13957
1647511079744 0.4894634370034495 13958
1647511081016 0.48928905922047633 13959
1647511082048 0.4894408760364707 13960
1647511083115 0.4893812623879459 13961
1647511083940 0.489569167064331 13962
1647511084846 0.48973429790240225 13963
1647511085794 0.48981557857422603 13964
1647511086854 0.4897695441452696 13965
1647511087844 0.4898583235055869 13966
1647511089016 0.4897704244854581 13967
1647511090069 0.48975378457060353 13968
1647511091122 0.48975189447402956 13969
1647511092030 0.4897720628857738 13970
1647511092970 0.48980676439129006 13971
1647511094218 0.4897390001718295 13972
1647511095097 0.48999789769544544 13973
1647511096129 0.49006234944178795 13974
1647511097026 0.4901877910397542 13975
1647511097998 0.4903813609259754 13976
1647511099256 0.49034322253846424 13977
1647511100295 0.4904325133941221 13978
1647511101297 0.4905072657391429 13979
1647511102337 0.4905658915065206 13980
1647511103224 0.4907444645486106 13981
1647511104310 0.49092198891307953 13982
1647511105334 0.49125071407848375 13983
1647511106209 0.4914840874894295 13984
1647511107628 0.49137056780898053 13985
1647511108751 0.4914596532591866 13986
1647511109753 0.49163213606215705 13987
1647511110629 0.4919999539544585 13988
1647511111855 0.4919306036737776 13989
1647511112695 0.4923304079980978 13990
1647511113651 0.492440154400382 13991
1647511114564 0.4928307065860831 13992
1647511115603 0.49303756663441906 13993
1647511116637 0.4931443829414172 13994
1647511117562 0.49336067947452183 13995
1647511118517 0.49354941415445097 13996
1647511119615 0.49361216193084095 13997
1647511120511 0.49382858640448674 13998
1647511121505 0.493929358526152 13999
1647511122547 0.4939825041456932 14000
1647511123625 0.4939913483234141 14001
1647511124499 0.49412695855842115 14002
1647511125407 0.49419441370944667 14003
1647511126493 0.4942004841596342 14004
1647511127371 0.4943701878159815 14005
1647511128561 0.494365085252271 14006
1647511129931 0.49424529383298355 14007
1647511130967 0.4942331994809323 14008
1647511131982 0.4941648857461082 14009
1647511133129 0.4941759414737809 14010
1647511134355 0.49410921263117946 14011
1647511135459 0.49408361976000237 14012
1647511136482 0.4941845351841368 14013
1647511137653 0.494240570637449 14014
1647511138840 0.4942286439748653 14015
1647511139859 0.4942520421330883 14016
1647511140799 0.4944122810222821 14017
1647511142295 0.49453369809223247 14018
1647511143797 0.49457433155179026 14019
1647511145384 0.4946303597756556 14020
1647511146704 0.4948450094628001 14021
1647511147881 0.49511384069622455 14022
1647511149385 0.4952150989635532 14023
1647511150500 0.49547108272414897 14024
1647511151674 0.4957301785825024 14025
1647511152984 0.49573492320197104 14026
1647511154027 0.49600926216041286 14027
1647511155295 0.4960331233629977 14028
1647511156689 0.4959790067212416 14029
1647511157700 0.4962423319102041 14030
1647511158786 0.49635000682984415 14031
1647511160008 0.4964608147902173 14032
1647511161101 0.49657941578760656 14033
1647511162138 0.4968311785183517 14034
1647511163442 0.49674934565316975 14035
1647511164592 0.496851107832722 14036
1647511165580 0.49698463070603394 14037
1647511166727 0.49694628623095766 14038
1647511167943 0.4970251859403124 14039
1647511168869 0.4972402990506515 14040
1647511169964 0.4973219686175046 14041
1647511171003 0.49744806057779906 14042
1647511172100 0.4975036015966907 14043
1647511173047 0.497665469123096 14044
1647511173937 0.49780652995927527 14045
1647511174893 0.4979001642318176 14046
1647511176071 0.4978205742829041 14047
1647511177297 0.49769999994828473 14048
1647511178249 0.4977632346662503 14049
1647511179448 0.4977048385732967 14050
1647511180518 0.4977149581608846 14051
1647511181577 0.4977114832701318 14052
1647511182645 0.4976935844933272 14053
1647511183637 0.4976837046192464 14054
1647511184595 0.49763390971311733 14055
1647511185620 0.4976878980948817 14056
1647511186818 0.4975403633420867 14057
1647511187924 0.49746164584871205 14058
1647511188966 0.49743452289929757 14059
1647511190047 0.4974379712406199 14060
1647511190933 0.4974293325260825 14061
1647511191741 0.49753099231340514 14062
1647511192927 0.4974439302851871 14063
1647511193853 0.497449749394467 14064
1647511195335 0.4972272769158019 14065
1647511196442 0.4971997817585097 14066
1647511197616 0.4970740012767661 14067
1647511198764 0.4969551426325672 14068
1647511199764 0.4970170663084303 14069
1647511201103 0.4969323659430902 14070
1647511202243 0.4968951716452497 14071
1647511203120 0.4968995562023134 14072
1647511204134 0.4968442825823174 14073
1647511205049 0.4968937372709338 14074
1647511206153 0.4968637926504016 14075
1647511207649 0.49668333904294326 14076
1647511208498 0.49673930686565787 14077
1647511209894 0.4965534885048979 14078
1647511210777 0.4965645429098381 14079
1647511211872 0.4964813323766976 14080
1647511212853 0.49642580562392197 14081
1647511213748 0.496348877785235 14082
1647511214552 0.49641189354478865 14083
1647511215503 0.49633185443743855 14084
1647511216444 0.49632529536957587 14085
1647511217662 0.4962241864416682 14086
1647511218571 0.4962702509336704 14087
1647511219738 0.49611630076777724 14088
1647511220743 0.4960000498829601 14089
1647511221652 0.496054272747396 14090
1647511222776 0.4958916332350293 14091
1647511223777 0.4958968670537065 14092
1647511224909 0.49585801374090893 14093
1647511225929 0.4957897091189096 14094
1647511226812 0.4957920888985843 14095
1647511227656 0.4958516188872115 14096
1647511228691 0.49586477107152427 14097
1647511229685 0.49588777291984665 14098
1647511230614 0.49590738553691793 14099
1647511231680 0.4958783740748089 14100
1647511232735 0.49582077527002133 14101
1647511233770 0.49580581355513187 14102
1647511234702 0.49579138077823 14103
1647511235784 0.4957081395360182 14104
1647511236638 0.4957647475638662 14105
1647511237757 0.4956759532987249 14106
1647511238958 0.49558097113142996 14107
1647511240080 0.49548053235171363 14108
1647511240927 0.4955362447084637 14109
1647511241825 0.49557594098594626 14110
1647511242987 0.4954611471557355 14111
1647511243994 0.49541795311013387 14112
1647511245188 0.4952946254605567 14113
1647511246238 0.4951665436023991 14114
1647511247348 0.49515849088121505 14115
1647511248327 0.49518823099331954 14116
1647511249358 0.4953079926891622 14117
1647511250468 0.4953547820001434 14118
1647511251557 0.4954598815061829 14119
1647511252732 0.49552001877874813 14120
1647511253788 0.4957720979967048 14121
1647511254703 0.49602836886537366 14122
1647511255869 0.49611077730314457 14123
1647511256692 0.49629279426320105 14124
1647511257858 0.496255589356043 14125
1647511258962 0.4962877929210663 14126
1647511259811 0.496473568037744 14127
1647511260817 0.49671833237298874 14128
1647511261881 0.49677105247974396 14129
1647511263243 0.49672416555355736 14130
1647511264232 0.49685323514419494 14131
1647511265215 0.4968955943365945 14132
1647511266384 0.49689291952649395 14133
1647511267800 0.4968397574307138 14134
1647511268984 0.4968045407565691 14135
1647511270394 0.49667941213934785 14136
1647511271499 0.49672772821991945 14137
1647511272758 0.49663130498230723 14138
1647511273840 0.49665227838392767 14139
1647511274754 0.49681068437105835 14140
1647511275622 0.496946176238451 14141
1647511276508 0.4972217259986636 14142
1647511277520 0.49732744828980163 14143
1647511278659 0.49732717254426745 14144
1647511280068 0.4971847608288482 14145
1647511281123 0.4972639522831738 14146
1647511282157 0.4972828872343327 14147
1647511283232 0.4973370359469769 14148
1647511284329 0.49741990893287996 14149
1647511285561 0.49740244670845996 14150
1647511286526 0.4976646526858158 14151
1647511287725 0.497733856604779 14152
1647511288771 0.49784716506483695 14153
1647511289992 0.4979424371068173 14154
1647511290982 0.4981339251176572 14155
1647511291947 0.4983270303030861 14156
1647511293003 0.4984902122003961 14157
1647511294062 0.49854905234814945 14158
1647511295148 0.49871248038191546 14159
1647511296217 0.4987908842582435 14160
1647511297180 0.49895977775603795 14161
1647511298554 0.49892254172451955 14162
1647511299957 0.49885950729876133 14163
1647511301167 0.4988167660205125 14164
1647511302193 0.49885675196664286 14165
1647511303166 0.4990197474684212 14166
1647511304127 0.49920179520957564 14167
1647511305171 0.4994195354202709 14168
1647511306338 0.49947317403295766 14169
1647511307623 0.4993530725210672 14170
1647511308782 0.4992679271640049 14171
1647511310112 0.4992182884181156 14172
1647511311393 0.49919137485209125 14173
1647511312424 0.4991829870583175 14174
1647511313868 0.4990833068595213 14175
1647511315136 0.49902822243415185 14176
1647511316304 0.4990521014920582 14177
1647511317431 0.4991139266848873 14178
1647511318683 0.4990165632089664 14179
1647511319779 0.49902344327564385 14180
1647511320804 0.4990893736507314 14181
1647511321967 0.4991016875078016 14182
1647511322960 0.4992815402314016 14183
1647511324047 0.4992419549068156 14184
1647511325324 0.49911941168749924 14185
1647511326352 0.49915325496068036 14186
1647511327475 0.4991846785510648 14187
1647511328507 0.4992469463774646 14188
1647511329624 0.4993285032673779 14189
1647511330573 0.49946600705207056 14190
1647511331578 0.49958032519642404 14191
1647511332725 0.4996164324999059 14192
1647511333763 0.49961550518540343 14193
1647511334902 0.4996214951099233 14194
1647511335678 0.49990358606589086 14195
1647511336734 0.500008912818758 14196
1647511338069 0.4998785285927444 14197
1647511339067 0.49993178561848034 14198
1647511340048 0.4999586294010534 14199
1647511341273 0.49990248914798574 14200
1647511342325 0.4999171576877133 14201
1647511343278 0.4999231203622165 14202
1647511344330 0.49986308838265975 14203
1647511345724 0.49972634876327676 14204
1647511346710 0.49977920683097676 14205
1647511347810 0.49973093858263323 14206
1647511349211 0.49956814939726885 14207
1647511350245 0.4996142807981364 14208
1647511351369 0.49952773031066444 14209
1647511352451 0.49945415029697915 14210
1647511353531 0.49946911005465777 14211
1647511354467 0.4995272889271166 14212
1647511355497 0.4995231692315745 14213
1647511356441 0.49947430147286737 14214
1647511357505 0.49942417896312213 14215
1647511358629 0.49936441388743663 14216
1647511359551 0.49947336472832105 14217
1647511360510 0.49952880124731597 14218
1647511361684 0.49943557985126974 14219
1647511362684 0.49948466913487694 14220
1647511363846 0.49937279155468584 14221
1647511364859 0.4993704279214268 14222
1647511365743 0.4994973392532117 14223
1647511366653 0.4995362422030991 14224
1647511367559 0.4995386009637396 14225
1647511368615 0.49949607398752943 14226
1647511369692 0.49944004152488236 14227
1647511370657 0.49945990907643034 14228
1647511371663 0.49950694000918017 14229
1647511372544 0.499570933454397 14230
1647511373545 0.49963783325240163 14231
1647511374534 0.4996817547579197 14232
1647511375466 0.4997970512661549 14233
1647511376597 0.49978434073091044 14234
1647511377414 0.49987775793201045 14235
1647511378587 0.4998891502496348 14236
1647511379566 0.4999404260873403 14237
1647511380693 0.49987181177679096 14238
1647511381790 0.4998305581143645 14239
1647511382813 0.49980025199668315 14240
1647511383900 0.4997850695774325 14241
1647511384865 0.4998334064555772 14242
1647511385839 0.49985183558725066 14243
1647511386900 0.49980352484450047 14244
1647511387902 0.4998838508693079 14245
1647511388965 0.4998596465335013 14246
1647511390048 0.4997854202451846 14247
1647511391111 0.499758230708691 14248
1647511392193 0.4997461805740992 14249
1647511393094 0.49979153561166006 14250
1647511394084 0.49979324428388827 14251
1647511395172 0.4997379456655049 14252
1647511396185 0.49973322422133465 14253
1647511397187 0.49972840443796473 14254
1647511398592 0.49959067677217006 14255
1647511399657 0.49958598702880963 14256
1647511400601 0.4996189714103985 14257
1647511401821 0.4995299819450979 14258
1647511402851 0.49947864377210216 14259
1647511403796 0.49949541913704176 14260
1647511405072 0.49938606066500313 14261
1647511406442 0.49924135644495343 14262
1647511407678 0.49911670535323704 14263
1647511408746 0.4990943894568217 14264
1647511409616 0.49918113175307194 14265
1647511410809 0.4991233418154162 14266
1647511411747 0.49913343830177415 14267
1647511412733 0.49917880108682894 14268
1647511413610 0.499301730632782 14269
1647511414545 0.4993502183688535 14270
1647511415445 0.4995649467927579 14271
1647511416828 0.49940724429471534 14272
1647511418050 0.4994753179225055 14273
1647511419084 0.4995739586087337 14274
1647511420042 0.4997195148496491 14275
1647511421480 0.49961810177910776 14276
1647511422613 0.4996780571905342 14277
1647511423823 0.49961002917873 14278
1647511425000 0.4996529541554905 14279
1647511425974 0.499790122379489 14280
1647511427369 0.4997388817334515 14281
1647511428588 0.4997048307909252 14282
1647511430075 0.4995945252336656 14283
1647511431550 0.49947288408580975 14284
1647511432950 0.4994343678344859 14285
1647511434040 0.49956029964039056 14286
1647511435081 0.49957158005199975 14287
1647511436596 0.49943144289502206 14288
1647511437645 0.49959550363810984 14289
1647511438754 0.4996185662425662 14290
1647511440164 0.4995257209681865 14291
1647511441469 0.4995184892851447 14292
1647511442473 0.4996725437779629 14293
1647511443442 0.49978043846055575 14294
1647511444491 0.49987694807934535 14295
1647511445611 0.49988498889382404 14296
1647511446884 0.4997946684349311 14297
1647511448239 0.49972067145372945 14298
1647511449443 0.4997265075100586 14299
1647511450521 0.49975360112205136 14300
1647511451642 0.4998245027479999 14301
1647511452767 0.4998369815985114 14302
1647511454303 0.49971826604315056 14303
1647511455401 0.49971774303959504 14304
1647511456531 0.4996723084251395 14305
1647511457629 0.4996561128544826 14306
1647511458684 0.49968435159473684 14307
1647511459695 0.49975082578818125 14308
1647511460930 0.49967005920502566 14309
1647511461986 0.49971302946716384 14310
1647511463064 0.4997963765318918 14311
1647511464469 0.49966934493873255 14312
1647511465665 0.4995883846255322 14313
1647511466775 0.4996639338469413 14314
1647511467812 0.4997475328222837 14315
1647511468860 0.4998247380567314 14316
1647511470053 0.49980300501884406 14317
1647511471069 0.4998469198777916 14318
1647511472269 0.49985441407332054 14319
1647511473297 0.4999376566798572 14320
1647511473493 0.49975306143592213 14321
