1647537097650 0.3359730839729309 35154
1647537099749 0.3796193599700928 35155
1647537101529 0.3520459234714508 35156
1647537103461 0.3535793870687485 35157
1647537104810 0.3581468045711517 35158
1647537105770 0.3555671125650406 35159
1647537106786 0.3569496614592416 35160
1647537107803 0.36390383169054985 35161
1647537108887 0.364823149310218 35162
1647537109828 0.36730078160762786 35163
1647537110923 0.3649768287485296 35164
1647537111981 0.36151009052991867 35165
1647537113249 0.3613628905553084 35166
1647537114580 0.3565506658383778 35167
1647537116136 0.3484606901804606 35168
1647537117199 0.34954681247472763 35169
1647537118376 0.34755899976281557 35170
1647537119902 0.34178664369715583 35171
1647537120983 0.34145592466781016 35172
1647537122208 0.3380477763712406 35173
1647537123337 0.3373065299931027 35174
1647537124542 0.3357327018271793 35175
1647537125749 0.3339614369299101 35176
1647537127149 0.3292580669124921 35177
1647537128333 0.32916744709014895 35178
1647537129474 0.32910806972246903 35179
1647537130465 0.3323661177246659 35180
1647537131621 0.3296167893069131 35181
1647537132897 0.3270891062144575 35182
1647537134051 0.32686821023623147 35183
1647537135172 0.32558452217809614 35184
1647537136203 0.32561334129422903 35185
1647537137277 0.3263424544623404 35186
1647537138569 0.32437288673485026 35187
1647537139971 0.32364271453448706 35188
1647537141176 0.3238670908742481 35189
1647537142162 0.32452524513811676 35190
1647537143157 0.3247323396958803 35191
1647537144446 0.3225037375321755 35192
1647537145454 0.32390982173383237 35193
1647537146600 0.32286661536228367 35194
1647537147913 0.3222820804942222 35195
1647537149079 0.3217004464809285 35196
1647537149970 0.32147801701318135 35197
1647537151421 0.31893209119637805 35198
1647537152388 0.3191481812492661 35199
1647537153810 0.31789803409830053 35200
1647537154742 0.3187469445789854 35201
1647537155999 0.31710722495098503 35202
1647537157245 0.3164754146337509 35203
1647537158349 0.31635768565477107 35204
1647537159541 0.3164589599921153 35205
1647537160611 0.31619943818956053 35206
1647537161537 0.31776979675999395 35207
1647537162528 0.3170822024345398 35208
1647537163555 0.3184338664369924 35209
1647537165051 0.3171010307575527 35210
1647537166238 0.3171134316201868 35211
1647537167297 0.3164321282657526 35212
1647537168456 0.3168903497358163 35213
1647537169567 0.31606856843487163 35214
1647537170554 0.31641427812076384 35215
1647537171688 0.3164215430853859 35216
1647537172989 0.3159993977751583 35217
1647537174518 0.3153347677909411 35218
1647537175647 0.3145885451725035 35219
1647537177001 0.3136518439695017 35220
1647537178597 0.3132462538778782 35221
1647537179801 0.3126099798558415 35222
1647537180847 0.31322574807064874 35223
1647537182058 0.31261676906699865 35224
1647537183215 0.3128176416373915 35225
1647537184263 0.31295257745540306 35226
1647537185350 0.3124464023354891 35227
1647537186636 0.31124579449494677 35228
1647537187869 0.3109095031885724 35229
1647537188883 0.310675416093368 35230
1647537189946 0.30989147569888675 35231
1647537191023 0.30980463835257516 35232
1647537192079 0.30954389087855816 35233
1647537193178 0.309131994659518 35234
1647537194230 0.30872003479701715 35235
1647537195683 0.3074741087046014 35236
1647537196863 0.3063881141798837 35237
1647537197821 0.3066662444787867 35238
1647537198794 0.3063404587812202 35239
1647537200177 0.30538896171525975 35240
1647537201380 0.30517041513865645 35241
1647537202476 0.30462980772672077 35242
1647537203596 0.30424548155731623 35243
1647537205049 0.3032907242630864 35244
1647537206192 0.3028638432531253 35245
1647537207331 0.3027659207582474 35246
1647537208397 0.30207869917788405 35247
1647537209586 0.3012881936211335 35248
1647537210471 0.30128618562594056 35249
1647537211420 0.301256128961278 35250
1647537212412 0.3010234776504186 35251
1647537213522 0.3007837231412078 35252
1647537214492 0.30098947510123253 35253
1647537215757 0.30015553622552665 35254
1647537216797 0.300183549961623 35255
1647537217931 0.2995474753738607 35256
1647537218966 0.29908764376663244 35257
1647537220132 0.2985220005114873 35258
1647537221278 0.29808264816144725 35259
1647537222340 0.29766033450576745 35260
1647537223362 0.2976139523088932 35261
1647537224360 0.2976064557602646 35262
1647537225843 0.2968135886571624 35263
1647537226991 0.2963607127333547 35264
1647537228195 0.29601071096424547 35265
1647537229509 0.29528072331331473 35266
1647537230436 0.2951553538441658 35267
1647537231383 0.29479607563951743 35268
1647537232478 0.29445483317149096 35269
1647537233294 0.2945943073584483 35270
1647537234590 0.29378937273207356 35271
1647537236092 0.2931871039777243 35272
1647537237713 0.2924234570314487 35273
1647537239083 0.29174038275214265 35274
1647537240386 0.2908807810945589 35275
1647537241680 0.2904199166753428 35276
1647537242612 0.2900050919382803 35277
1647537243624 0.2900530743598938 35278
1647537245122 0.2890852201316092 35279
1647537246176 0.28937730979262377 35280
1647537247386 0.2892723659751937 35281
1647537248846 0.28890504797761757 35282
1647537249999 0.28845193191216545 35283
1647537251094 0.288239526953406 35284
1647537252055 0.2881468217255491 35285
1647537253124 0.28785322360078197 35286
1647537254422 0.28710530097804854 35287
1647537255555 0.28711065230546173 35288
1647537256835 0.28652094545609813 35289
1647537257981 0.2864036771067738 35290
1647537259241 0.28581443623356195 35291
1647537260130 0.28577856322844253 35292
1647537261266 0.2855054413633687 35293
1647537262211 0.2852503736602499 35294
1647537263177 0.28525144061152363 35295
1647537264172 0.2850866068701644 35296
1647537265381 0.28421992073870367 35297
1647537266396 0.28391376559076636 35298
1647537267823 0.2834295140553827 35299
1647537268820 0.28334760828083067 35300
1647537269952 0.28284899477620384 35301
1647537271312 0.2820174294030106 35302
1647537272195 0.28176998933156333 35303
1647537273360 0.28170578448188227 35304
1647537274272 0.28176824356380265 35305
1647537275149 0.28153619842202054 35306
1647537276087 0.28135778348554263 35307
1647537277149 0.2814378808582983 35308
1647537278376 0.28115486898101294 35309
1647537279523 0.28066245945775586 35310
1647537280572 0.2803890357100511 35311
1647537281936 0.27976455469176453 35312
1647537283003 0.2794391934759915 35313
1647537284217 0.27899110252442566 35314
1647537285375 0.278579236364659 35315
1647537286525 0.27820185201665376 35316
1647537287552 0.27815640526937274 35317
1647537288452 0.2782234591968132 35318
1647537289418 0.2778512169438672 35319
1647537290412 0.2778390647765405 35320
1647537291536 0.27760961642932325 35321
1647537292523 0.2777842846671505 35322
1647537293615 0.2777403464212137 35323
1647537294579 0.27772003368676057 35324
1647537295477 0.27770533213435217 35325
1647537296497 0.27769331892446286 35326
1647537297715 0.2774543483880745 35327
1647537299158 0.2769214562858854 35328
1647537300234 0.2766419777815992 35329
1647537301216 0.2767973136430406 35330
1647537302403 0.2765168436290173 35331
1647537303362 0.27662624968163796 35332
1647537304323 0.27653747027119 35333
1647537305558 0.2764481799213926 35334
1647537306506 0.2764296778119527 35335
1647537307453 0.2764566539903808 35336
1647537308364 0.27649384923279285 35337
1647537309355 0.2765103337732521 35338
1647537310229 0.27637692460770247 35339
1647537311244 0.2762443752371691 35340
1647537312432 0.2761218643727455 35341
1647537313535 0.2760868702458326 35342
1647537314652 0.2760537148306244 35343
1647537315719 0.2759222952327179 35344
1647537316746 0.2756930294757088 35345
1647537318047 0.2756939286395058 35346
1647537319053 0.2757722343673411 35347
1647537320125 0.2759330411752065 35348
1647537321069 0.27587755602233266 35349
1647537322325 0.27567961978428257 35350
1647537323489 0.275761133492595 35351
1647537324422 0.27574499857485596 35352
1647537325364 0.27600351184606553 35353
1647537326304 0.27587628038368417 35354
1647537327358 0.27579935691734353 35355
1647537328281 0.27611582472993823 35356
1647537329493 0.2760118330810584 35357
1647537330678 0.2757415257576035 35358
1647537331695 0.27570263773781584 35359
1647537332779 0.27566371598969336 35360
1647537334248 0.2754055985177939 35361
1647537335254 0.2751573881749331 35362
1647537336292 0.2751873118536813 35363
1647537337421 0.2751427141693531 35364
1647537338216 0.2751302750043149 35365
1647537339196 0.2750005454104831 35366
1647537340217 0.2752571722196641 35367
1647537341609 0.2749169208282648 35368
1647537342549 0.27470504747772656 35369
1647537343886 0.2744494068869797 35370
1647537344806 0.2745672421307739 35371
1647537345863 0.27438123204392384 35372
1647537347052 0.2744239381768487 35373
1647537348546 0.2740011977124538 35374
1647537349608 0.2741081353511896 35375
1647537350537 0.27410083274135677 35376
1647537351408 0.2741031447159393 35377
1647537352264 0.274163601398468 35378
1647537353349 0.2739898297375282 35379
1647537354408 0.27399440995922175 35380
1647537355650 0.27372150031620995 35381
1647537356842 0.27359037029691136 35382
1647537357877 0.2733410031899162 35383
1647537358793 0.273336735251662 35384
1647537359940 0.2730301761807039 35385
1647537360881 0.27313271452684773 35386
1647537361792 0.2732539706123181 35387
1647537362659 0.2732239088479509 35388
1647537363787 0.27299139762328845 35389
1647537364666 0.27311979278230464 35390
1647537366111 0.2727615417552595 35391
1647537366998 0.27267985264127725 35392
1647537368000 0.2725056294972698 35393
1647537368921 0.27259535456841416 35394
1647537370077 0.2724305461507198 35395
1647537371152 0.2722711315984098 35396
1647537372157 0.2721223839726604 35397
1647537373257 0.2719752384691822 35398
1647537374333 0.2719564936994537 35399
1647537375180 0.2720174069105372 35400
1647537376425 0.2717390025575315 35401
1647537377360 0.27179243286929455 35402
1647537378488 0.2716632600426674 35403
1647537379544 0.2714976886235385 35404
1647537380696 0.27139870177895303 35405
1647537381668 0.2714578337937947 35406
1647537383145 0.27113009267669963 35407
1647537384012 0.27099709288746704 35408
1647537385138 0.2707938806852326 35409
1647537386234 0.2706094959366646 35410
1647537387222 0.27060350186603016 35411
1647537388125 0.27071089001235815 35412
1647537389343 0.2704962279361028 35413
1647537390795 0.2701210023342878 35414
1647537391819 0.2699869694828077 35415
1647537392886 0.26988076387476106 35416
1647537393852 0.2700187143389926 35417
1647537394913 0.26998664270032124 35418
1647537395970 0.2699405247891756 35419
1647537397365 0.26955982640887916 35420
1647537398420 0.26950220708081973 35421
1647537399368 0.26941467273191005 35422
1647537400542 0.2691934128050451 35423
1647537401487 0.2690856765776983 35424
1647537402423 0.2690845089142813 35425
1647537403532 0.26896641215125283 35426
1647537404513 0.26887530893304923 35427
1647537405559 0.26917212811383334 35428
1647537406411 0.269094441248023 35429
1647537407684 0.268926573789507 35430
1647537409114 0.2687106713545408 35431
1647537410170 0.26861421144350456 35432
1647537411286 0.26875260935298034 35433
1647537412325 0.2688456374449238 35434
1647537413637 0.26864310607631153 35435
1647537414679 0.268417128562506 35436
1647537415636 0.2683336316070086 35437
1647537416650 0.26834803809199415 35438
1647537417651 0.26829026587359556 35439
1647537418802 0.26800005797309745 35440
1647537419878 0.2678798920371466 35441
1647537421021 0.2677188492460647 35442
1647537422252 0.267615330578952 35443
1647537423745 0.2672760564949095 35444
1647537424869 0.2671759620513002 35445
1647537425896 0.2671481103417003 35446
1647537426903 0.26716940125235084 35447
1647537428378 0.26670676606186366 35448
1647537429656 0.2664507697965648 35449
1647537430809 0.2664296068125702 35450
1647537431712 0.26659094427255975 35451
1647537432774 0.2664203457908088 35452
1647537433947 0.2662211433549722 35453
1647537435111 0.26613741801228635 35454
1647537436008 0.26633456630619945 35455
1647537436984 0.26622852579791945 35456
1647537437984 0.26640331220666047 35457
1647537439003 0.2662407681590221 35458
1647537440129 0.26618990964359707 35459
1647537441154 0.2661861645282286 35460
1647537442065 0.2664388573014891 35461
1647537443030 0.2665119442160461 35462
1647537444086 0.2665344025819532 35463
1647537445046 0.2667616662296835 35464
1647537446177 0.26671052695466924 35465
1647537446988 0.26661504914585393 35466
1647537447990 0.26667985547879697 35467
1647537449092 0.26643993528116316 35468
1647537450082 0.26644965841234486 35469
1647537451051 0.26648040125234645 35470
1647537452084 0.26653951898498357 35471
1647537453441 0.2663229682882751 35472
1647537454386 0.26631387262605133 35473
1647537455518 0.2662515182082898 35474
1647537456431 0.2663187743251368 35475
1647537457541 0.2662399239123052 35476
1647537458772 0.2660976149785666 35477
1647537460200 0.2658693418594507 35478
1647537461239 0.2659071069096495 35479
1647537462286 0.265927429365091 35480
1647537463417 0.265913595922473 35481
1647537464469 0.26588510837417245 35482
1647537465597 0.26567817529042564 35483
1647537466709 0.2655034531639422 35484
1647537467599 0.2656181830778179 35485
1647537468864 0.2654255460779946 35486
1647537470006 0.26518757547625527 35487
1647537471132 0.265096588232624 35488
1647537472219 0.26504005638084244 35489
1647537473613 0.2648454235551619 35490
1647537474903 0.2646995284236394 35491
1647537475977 0.2645784559327241 35492
1647537477016 0.26447677020640936 35493
1647537478451 0.264281612905589 35494
1647537479851 0.26411696597498063 35495
1647537480766 0.2642986784002176 35496
1647537482234 0.2640974390818629 35497
1647537483417 0.26411895570547683 35498
1647537484236 0.2642182725013336 35499
1647537485267 0.26410133728719926 35500
1647537486361 0.2640974522493352 35501
1647537487552 0.26402193828776777 35502
1647537488493 0.2639130998935018 35503
1647537489542 0.2639879860684403 35504
1647537490642 0.26396095799282193 35505
1647537491880 0.2638928348214363 35506
1647537492890 0.2638602637301731 35507
1647537493831 0.26385172983290445 35508
1647537495221 0.2636449354585637 35509
1647537496574 0.2633738468508093 35510
1647537497628 0.263248457588963 35511
1647537498670 0.26318920974445875 35512
1647537499705 0.26322633735835554 35513
1647537500836 0.2631926245554002 35514
1647537502060 0.2630617687303717 35515
1647537502931 0.263063683941673 35516
1647537503947 0.2630890615611941 35517
1647537504848 0.26318212653676126 35518
1647537505823 0.26333285155680664 35519
1647537506745 0.26333932424273737 35520
1647537507883 0.2635160717384323 35521
1647537509063 0.2638589326686006 35522
1647537509998 0.26425275403905557 35523
1647537511096 0.26448730754884425 35524
1647537512198 0.2648884130501619 35525
1647537513615 0.2649359869653354 35526
1647537514562 0.26544289613630684 35527
1647537515541 0.265736741344134 35528
1647537516569 0.2659639785502185 35529
1647537517826 0.2660447293867799 35530
1647537518908 0.26619452328751325 35531
1647537519800 0.26657909717125755 35532
1647537520866 0.2667146358442934 35533
1647537521797 0.26693639092714455 35534
1647537522670 0.26709355097946696 35535
1647537524073 0.2672018255873075 35536
1647537525170 0.2672914384165779 35537
1647537526280 0.2673698470577017 35538
1647537527496 0.2673930122367459 35539
1647537528539 0.2675414262892972 35540
1647537529459 0.26779873012421057 35541
1647537530820 0.2677573206568745 35542
1647537532207 0.26785309310906974 35543
1647537533468 0.2678148238479024 35544
1647537534595 0.267788136910115 35545
1647537535465 0.2681065262804808 35546
1647537536559 0.26823991896386074 35547
1647537537755 0.26826390454286264 35548
1647537538789 0.2683820309437285 35549
1647537539795 0.26856783471569906 35550
1647537540979 0.2685770609196107 35551
1647537542021 0.2688336666290623 35552
1647537543095 0.2689565495029092 35553
1647537543958 0.2692018645882904 35554
1647537544950 0.2692975124242294 35555
1647537545995 0.26930775746666175 35556
1647537546918 0.2695143209899416 35557
1647537548321 0.26953619825251307 35558
1647537549315 0.2697566599020817 35559
1647537550457 0.2698636146157028 35560
1647537551643 0.27001347272273374 35561
1647537552612 0.27009487520074493 35562
1647537553650 0.2703009454578888 35563
1647537554659 0.27047266682424104 35564
1647537555730 0.2706185801008951 35565
1647537556885 0.2706199575206558 35566
1647537557915 0.2708202446068543 35567
1647537559327 0.27084956625139855 35568
1647537560461 0.2709817001237892 35569
1647537561718 0.2708541378914881 35570
1647537562821 0.2708698898625146 35571
1647537563730 0.27109362035634127 35572
1647537564731 0.27117474267170544 35573
1647537566111 0.27123439173941943 35574
1647537567174 0.27134772990410927 35575
1647537568604 0.2712688716943101 35576
1647537569541 0.27133627162086515 35577
1647537570621 0.27147749553708467 35578
1647537571666 0.27160812889886016 35579
1647537572809 0.27168526704612883 35580
1647537573862 0.2717701233923435 35581
1647537575098 0.27179251222204776 35582
1647537576257 0.27180786164000975 35583
1647537577695 0.2717561380907444 35584
1647537578772 0.2717893881102403 35585
1647537579681 0.27189622210299996 35586
1647537580728 0.27203138653309117 35587
1647537581935 0.2721383331150844 35588
1647537583043 0.27223013361933035 35589
1647537584248 0.2722158938032539 35590
1647537585330 0.2722412015069021 35591
1647537586289 0.27237260042942196 35592
1647537587202 0.2726213543929837 35593
1647537588231 0.272689931517015 35594
1647537589344 0.2727112935274435 35595
1647537590430 0.2727877507091376 35596
1647537591649 0.27290445183579987 35597
1647537592827 0.2730732152301274 35598
1647537593888 0.273117084206487 35599
1647537594907 0.27320622857785065 35600
1647537595953 0.2732537515195353 35601
1647537596861 0.27339959562754046 35602
1647537597852 0.2736137425899506 35603
1647537598961 0.27358533134745916 35604
1647537600162 0.27350756018298916 35605
1647537601519 0.2734760097320506 35606
1647537602705 0.273492220280454 35607
1647537603616 0.27366526415059855 35608
1647537604689 0.2737130397244504 35609
1647537605524 0.2739498345283241 35610
1647537606593 0.27409006752822074 35611
1647537607714 0.27416557781317136 35612
1647537608898 0.27414286091275836 35613
1647537610062 0.27408900650100954 35614
1647537611431 0.27404184742665394 35615
1647537612543 0.27409488535596793 35616
1647537613675 0.27416238734691306 35617
1647537614776 0.27421423728748034 35618
1647537616176 0.2741461078368543 35619
1647537617291 0.2743076930337085 35620
1647537618264 0.2744301036000252 35621
1647537619498 0.2743808093355663 35622
1647537620387 0.2745242882916268 35623
1647537621811 0.2745039865469477 35624
1647537623062 0.27453158353849993 35625
1647537624430 0.2745332739317896 35626
1647537625512 0.2745526827211621 35627
1647537626625 0.27457449680880497 35628
1647537627551 0.27472401854871703 35629
1647537628637 0.27471253263375545 35630
1647537629705 0.2747349615002277 35631
1647537630758 0.2748395824233276 35632
1647537631746 0.27493262582768996 35633
1647537633084 0.27490373913067045 35634
1647537634480 0.27485619077296675 35635
1647537635768 0.27479302025483016 35636
1647537636898 0.2747678474084405 35637
1647537638105 0.27472935140747384 35638
1647537639196 0.27471748816133035 35639
1647537640650 0.2746497343391853 35640
1647537641597 0.2748378768990763 35641
1647537642679 0.2748325411954053 35642
1647537643577 0.2749369552853156 35643
1647537644722 0.2750063460555436 35644
1647537645799 0.2750304720811243 35645
1647537646930 0.27502024908215716 35646
1647537648098 0.27498749396217015 35647
1647537649460 0.27486855535194127 35648
1647537650906 0.2748668182701353 35649
1647537652076 0.27482797823081795 35650
1647537653176 0.274942940168352 35651
1647537654374 0.27483923592882786 35652
1647537655653 0.2748576463460922 35653
1647537656705 0.2748531655161205 35654
1647537657879 0.27507291116799965 35655
1647537659013 0.27550928244296885 35656
1647537660301 0.2756457119470551 35657
1647537661307 0.2759518619221036 35658
1647537662305 0.27624463186904846 35659
1647537663267 0.2765368538260225 35660
1647537664424 0.2767565204050597 35661
1647537665598 0.2768949760903544 35662
1647537666831 0.2769650566227296 35663
1647537667823 0.27729035531937957 35664
1647537668998 0.27748218493070453 35665
1647537670075 0.27770614112794517 35666
1647537671202 0.2778453125911928 35667
1647537672452 0.27792225699980283 35668
1647537673428 0.2780687067397805 35669
1647537674422 0.2783530600066342 35670
1647537675913 0.2783760151117465 35671
1647537676896 0.2785602787900752 35672
1647537678069 0.27858813336262334 35673
1647537679134 0.2787685524708021 35674
1647537680370 0.2787433359700601 35675
1647537681637 0.27873798429852004 35676
1647537682696 0.2788155244393203 35677
1647537683820 0.2788945682843526 35678
1647537684960 0.2789974036438837 35679
1647537686225 0.27908135325677935 35680
1647537687444 0.2792179632480397 35681
1647537688296 0.2794670838940121 35682
1647537689265 0.2796671215093361 35683
1647537690258 0.27987521600588566 35684
1647537691373 0.2799729697014156 35685
1647537692497 0.2800430597328558 35686
1647537693664 0.2801569973708092 35687
1647537694735 0.2801741525391552 35688
1647537696258 0.28023895015245054 35689
1647537697678 0.2801944622891353 35690
1647537698709 0.28034258387345806 35691
1647537699907 0.28044953168212594 35692
1647537700798 0.28066615136685197 35693
1647537701865 0.2807663789848744 35694
1647537702967 0.2807512049635398 35695
1647537704117 0.2808276052633043 35696
1647537705075 0.2810192396864295 35697
1647537706196 0.2812124128188562 35698
1647537707596 0.2812066444438019 35699
1647537708793 0.2812087454678154 35700
1647537709812 0.28133181297648563 35701
1647537710992 0.2813765853371994 35702
1647537712110 0.2815494283762845 35703
1647537713295 0.2816751094673593 35704
1647537714619 0.281664682633203 35705
1647537715537 0.28185642627867824 35706
1647537716984 0.2818285057368261 35707
1647537718110 0.2819390090736183 35708
1647537719306 0.28215554629941636 35709
1647537720434 0.28225435939896687 35710
1647537721511 0.2823849630184926 35711
1647537722582 0.2824539174334094 35712
1647537723760 0.2825215914419719 35713
1647537725036 0.2825013094726093 35714
1647537726154 0.2826059286174401 35715
1647537727289 0.28278426357526765 35716
1647537728675 0.2827473078847777 35717
1647537730119 0.2826799065665861 35718
1647537731255 0.28288769237565486 35719
1647537732143 0.283094271833514 35720
1647537733131 0.28316903639007623 35721
1647537734589 0.2831315493018011 35722
1647537735810 0.2831871612030163 35723
1647537736877 0.2832985302717172 35724
1647537737880 0.28344241910047463 35725
1647537739003 0.2835281678519324 35726
1647537740154 0.28362067235886845 35727
1647537741525 0.28354876354984615 35728
1647537742564 0.28374703060318196 35729
1647537744064 0.2837014092161503 35730
1647537745205 0.28379555451313104 35731
1647537746253 0.28398392559230223 35732
1647537747418 0.2841386224432238 35733
1647537748796 0.2841512640607952 35734
1647537749810 0.28425515064156753 35735
1647537750707 0.28446022885025674 35736
1647537751708 0.2845544844406517 35737
1647537752868 0.28466119437645643 35738
1647537754043 0.28473462202544914 35739
1647537755284 0.2848651175350712 35740
1647537756448 0.284919255976977 35741
1647537757527 0.28494368690889843 35742
1647537758442 0.2850923343482664 35743
1647537759627 0.2851185424729249 35744
1647537760719 0.28522585883635926 35745
1647537761825 0.2852515487556313 35746
1647537762871 0.28537009558593385 35747
1647537763952 0.285408451251623 35748
1647537765104 0.2854759671394057 35749
1647537766192 0.2855577544001878 35750
1647537767306 0.2856123044488821 35751
1647537768328 0.28575335950505154 35752
1647537769452 0.28571322647233804 35753
1647537770510 0.28575565277935067 35754
1647537771743 0.28581147631042425 35755
1647537772974 0.2859177437933721 35756
1647537774054 0.2859336758735559 35757
1647537775480 0.2858549424439422 35758
1647537776465 0.2859628199547431 35759
1647537777919 0.285908540842757 35760
1647537779293 0.2858987375603695 35761
1647537780271 0.2859903975269086 35762
1647537781416 0.286053765210949 35763
1647537782379 0.2862065654437007 35764
1647537783581 0.28631873414212583 35765
1647537784773 0.2863719865898518 35766
1647537785930 0.2864066497316578 35767
1647537786961 0.2864485822072843 35768
1647537788323 0.28641339023778967 35769
1647537789796 0.28632797293570283 35770
1647537790899 0.2863835219812239 35771
1647537791974 0.28641330796220194 35772
1647537792939 0.28650266018606 35773
1647537794088 0.286504608757446 35774
1647537795208 0.28655448119931665 35775
1647537796385 0.28662960334153276 35776
1647537797472 0.28671695010211223 35777
1647537798557 0.28674289736747743 35778
1647537799695 0.28682340657749117 35779
1647537800863 0.286857687590415 35780
1647537802010 0.28687353199644455 35781
1647537803246 0.28681387056985985 35782
1647537804552 0.2867932901969032 35783
1647537805485 0.28694100226917657 35784
1647537806899 0.2868056541096561 35785
1647537807938 0.28684078728983187 35786
1647537809109 0.28681432749570734 35787
1647537810019 0.286877320272716 35788
1647537811405 0.2868174686325046 35789
1647537812543 0.286894739820407 35790
1647537813587 0.2869303549952268 35791
1647537814660 0.28700449766594105 35792
1647537815769 0.28705040442291646 35793
1647537816858 0.28705066398320817 35794
1647537818300 0.28698337040957633 35795
1647537819337 0.287083471868865 35796
1647537820490 0.28711597237342634 35797
1647537821956 0.2870331889668176 35798
1647537823126 0.28705351855086836 35799
1647537824266 0.28702972654305065 35800
1647537825374 0.28704387572720463 35801
1647537826896 0.2869752387420055 35802
1647537828048 0.28702942930735076 35803
1647537829328 0.28697193660036574 35804
1647537830704 0.2868498068737106 35805
1647537831943 0.2869234413228028 35806
1647537832923 0.2870075735477133 35807
1647537834110 0.28703493466814056 35808
1647537835537 0.28691059991535617 35809
1647537836584 0.2870745570873742 35810
1647537837648 0.28718689885726456 35811
1647537838787 0.28723059515489974 35812
1647537839948 0.2872173510266073 35813
1647537841069 0.28714889003902266 35814
1647537842181 0.28711295722114355 35815
1647537843572 0.2870333712789628 35816
1647537844669 0.28713271454964057 35817
1647537845744 0.2871571508341266 35818
1647537846759 0.2873088767354911 35819
1647537847702 0.2874419655891015 35820
1647537848769 0.28752732698521216 35821
1647537849797 0.2876915390671458 35822
1647537850900 0.2877420495472737 35823
1647537852081 0.2877464147642721 35824
1647537853454 0.28766223497777466 35825
1647537854708 0.28763844378370057 35826
1647537855799 0.28762061622004836 35827
1647537857026 0.2875901523563597 35828
1647537858176 0.287679401397176 35829
1647537859118 0.28778892722492555 35830
1647537860356 0.28775823852569304 35831
1647537861382 0.2878215700739087 35832
1647537862870 0.2878370826516081 35833
1647537864040 0.287998245566777 35834
1647537865077 0.28820970420701064 35835
1647537866557 0.2882287601557169 35836
1647537867568 0.28835991863705956 35837
1647537868892 0.2883703855920012 35838
1647537869959 0.2884988254126237 35839
1647537871022 0.2886411697973851 35840
1647537872196 0.288535266681466 35841
1647537873277 0.2885408246638294 35842
1647537874490 0.28852225524791775 35843
1647537875912 0.28845239653859917 35844
1647537876900 0.2885025774769356 35845
1647537877906 0.2885948775005547 35846
1647537878900 0.28863492734751717 35847
1647537880091 0.28867115882232036 35848
1647537881184 0.2887012874386434 35849
1647537882120 0.28878728532295145 35850
1647537883221 0.2887612034521335 35851
1647537884316 0.28878179467543 35852
1647537885170 0.2889088269855295 35853
1647537886074 0.2889952970171791 35854
1647537887054 0.28906956287445845 35855
1647537888041 0.2891447909314127 35856
1647537889084 0.2891366660213945 35857
1647537890020 0.2891583056948709 35858
1647537891069 0.2891262719254656 35859
1647537892194 0.2891049443453002 35860
1647537893299 0.2891873668268912 35861
1647537894194 0.2892463436962351 35862
1647537895199 0.2893318435885537 35863
1647537896126 0.28937403568487124 35864
1647537897079 0.2894536305135221 35865
1647537898072 0.2894387010897694 35866
1647537899067 0.2894917502164507 35867
1647537900019 0.2895097077518076 35868
1647537901126 0.2894329587257774 35869
1647537902322 0.28938440623143724 35870
1647537903706 0.2892627735157863 35871
1647537904727 0.28928622926723974 35872
1647537905782 0.28927587163117197 35873
1647537906965 0.2892724638921047 35874
1647537907997 0.2892841728522837 35875
1647537908882 0.28932970774618916 35876
1647537909852 0.28939175235303066 35877
1647537910757 0.28951247030291066 35878
1647537911716 0.28955499171061294 35879
1647537912594 0.2896101551419931 35880
1647537913746 0.28953985626307815 35881
1647537914556 0.28960407158393103 35882
1647537915500 0.2896097919916453 35883
1647537916553 0.2896007326942462 35884
1647537917926 0.28950622519020175 35885
1647537919067 0.289438169149715 35886
1647537920106 0.2894463950225053 35887
1647537921133 0.2893959144548494 35888
1647537922051 0.28946094986294274 35889
1647537923137 0.2894407891070665 35890
1647537924370 0.28935102528834405 35891
1647537925774 0.2892556025952867 35892
1647537926897 0.28919632352284486 35893
1647537927913 0.2891696833285243 35894
1647537928907 0.2892104882315163 35895
1647537930105 0.2891326833260653 35896
1647537931003 0.28910044406450564 35897
1647537932245 0.2890539548741091 35898
1647537933289 0.28910078477843515 35899
1647537934353 0.28912788495880215 35900
1647537935534 0.28912552790766094 35901
1647537936617 0.28910257113234544 35902
1647537937529 0.2891306957999865 35903
1647537938376 0.2891831372017549 35904
1647537939554 0.28913412189626314 35905
1647537940922 0.28904631409353787 35906
1647537941850 0.2890697160355292 35907
1647537942880 0.2890295099343685 35908
1647537943988 0.2889904064081964 35909
1647537944969 0.2890245612892796 35910
1647537945873 0.2890467940188335 35911
1647537946942 0.2890785589755288 35912
1647537948032 0.2890124380980667 35913
1647537949106 0.28901562345325554 35914
1647537949941 0.28904233286230585 35915
1647537950887 0.2890885496123903 35916
1647537951799 0.2891139836289496 35917
1647537952781 0.28911154761033897 35918
1647537953805 0.28911292805839767 35919
1647537954770 0.28911239608170314 35920
1647537955596 0.2891901397379115 35921
1647537956819 0.2891228102118513 35922
1647537957773 0.2891189613125541 35923
1647537958766 0.2891156676910267 35924
1647537959776 0.2891205487473641 35925
1647537960782 0.2891257805472666 35926
1647537961676 0.28914401974788934 35927
1647537962767 0.2890648158519499 35928
1647537963823 0.28905892514230047 35929
1647537964825 0.289075315382183 35930
1647537965762 0.2891406965822671 35931
1647537966687 0.28922227235446385 35932
1647537968110 0.2891158908414535 35933
1647537968996 0.2891788056237139 35934
1647537969972 0.2891958878587579 35935
1647537971156 0.2891156769346917 35936
1647537972088 0.28914615036729646 35937
1647537973024 0.28922124820150386 35938
1647537974444 0.2891155826946858 35939
1647537975313 0.28916580531997027 35940
1647537976201 0.2892381624711044 35941
1647537977138 0.2892321956512744 35942
1647537978063 0.2892764868049682 35943
1647537978968 0.28929526881607986 35944
1647537979892 0.2893424772215311 35945
1647537980832 0.2894409176568215 35946
1647537981727 0.2895953777792772 35947
1647537982663 0.28971039647201324 35948
1647537983497 0.28979638363024096 35949
1647537984479 0.2897783357607974 35950
1647537985347 0.28978608957582846 35951
1647537986416 0.28974688730117526 35952
1647537987464 0.28981562757864593 35953
1647537988526 0.2898329718319813 35954
1647537989414 0.28989932032074417 35955
1647537990467 0.2899962278224463 35956
1647537991581 0.2900460233995274 35957
1647537992714 0.29000956384661775 35958
1647537993720 0.2901290587655664 35959
1647537995156 0.2900577361477352 35960
1647537996338 0.2900413866385375 35961
1647537997197 0.29006001824796274 35962
1647537998152 0.2901062084568871 35963
1647537999235 0.29010790391709157 35964
1647538000112 0.2901468688044055 35965
1647538001074 0.2902043632255709 35966
1647538002099 0.29025256666709515 35967
1647538003050 0.2902754958787579 35968
1647538004119 0.2902960920450734 35969
1647538005235 0.29033002020241727 35970
1647538006625 0.290225133973841 35971
1647538007750 0.29020545299600475 35972
1647538008880 0.29020369737976937 35973
1647538009837 0.2901941695580674 35974
1647538010935 0.2902033566667216 35975
1647538012111 0.2901764468426838 35976
1647538013121 0.290204911212464 35977
1647538014052 0.2902436295964501 35978
1647538015293 0.29015097101433224 35979
1647538016448 0.2901674387244532 35980
1647538017620 0.2901099185652779 35981
1647538018600 0.2902395783488799 35982
1647538019671 0.29017986897603576 35983
1647538020739 0.29015242323620083 35984
1647538021642 0.2901683945674449 35985
1647538022784 0.29014875628009423 35986
1647538023860 0.29018506402377603 35987
1647538024967 0.2901913291144514 35988
1647538025869 0.2901802573299579 35989
1647538026943 0.2901991531875968 35990
1647538027879 0.2901909607584835 35991
1647538028844 0.2901468907657198 35992
1647538029806 0.29017853845088254 35993
1647538030905 0.2901607934168488 35994
1647538031943 0.2901703777796016 35995
1647538033031 0.2901368807395865 35996
1647538034182 0.2901229689436219 35997
1647538035096 0.2901713219443722 35998
1647538036134 0.2902012979765874 35999
1647538037004 0.2902302749921186 36000
1647538037838 0.29025018153677007 36001
1647538038872 0.29023937154363827 36002
1647538039927 0.2902063455125865 36003
1647538040866 0.29023533739088286 36004
1647538041848 0.29022778103679 36005
1647538042779 0.2902956521629868 36006
1647538043696 0.2903627705622892 36007
1647538044719 0.29037957025898825 36008
1647538045639 0.2904195239436682 36009
1647538046594 0.2904960957715503 36010
1647538047521 0.29055323389235077 36011
1647538048511 0.2905512755179433 36012
1647538049874 0.29049546609437743 36013
1647538051030 0.2904318357351627 36014
1647538051971 0.2904706108632331 36015
1647538052897 0.2905029940266736 36016
1647538053982 0.2905202231162952 36017
1647538055067 0.29060421691120014 36018
1647538056194 0.2905918607707662 36019
1647538057331 0.2905651355181598 36020
1647538058267 0.2905984528637427 36021
1647538059390 0.29053904820915194 36022
1647538060491 0.29053073138341134 36023
1647538061490 0.29056042449893144 36024
1647538062432 0.2905901089447354 36025
1647538063610 0.2905632258827061 36026
1647538064589 0.29056949647531355 36027
1647538065646 0.29056909840447565 36028
1647538066961 0.29049111931631555 36029
1647538068082 0.29040602073837984 36030
1647538069346 0.2903879209504312 36031
1647538070508 0.2903403001535468 36032
1647538071438 0.2903961127962578 36033
1647538072411 0.2903820617075811 36034
1647538073448 0.29037984159865887 36035
1647538074515 0.29034494552107387 36036
1647538075581 0.2903766977470115 36037
1647538076628 0.29036796215900595 36038
1647538077731 0.29038279796225225 36039
1647538078800 0.2903711390434822 36040
1647538079926 0.2903206029588038 36041
1647538080875 0.29030971847583525 36042
1647538081954 0.2903347437636236 36043
1647538082995 0.2903828603517594 36044
1647538084125 0.2904077081068214 36045
1647538085287 0.290437322581335 36046
1647538086275 0.2904754419054761 36047
1647538087429 0.2904552556948955 36048
1647538088526 0.2904217013024858 36049
1647538089598 0.290435221548729 36050
1647538090700 0.2904391787896443 36051
1647538091582 0.2904834055794492 36052
1647538092532 0.2904606229397986 36053
1647538093649 0.2904383437284222 36054
1647538094769 0.2903945161207288 36055
1647538096002 0.29033915205123284 36056
1647538096876 0.29037840568781953 36057
1647538098087 0.29030600507944326 36058
1647538099335 0.2902123208998581 36059
1647538100310 0.2902361895178487 36060
1647538101348 0.29027573153836084 36061
1647538102288 0.2902283280005943 36062
1647538103479 0.29018776757376535 36063
1647538104395 0.29023832220146606 36064
1647538105271 0.2902648030665883 36065
1647538106153 0.29026143163083545 36066
1647538107082 0.2902810107631287 36067
1647538108041 0.29027015358372465 36068
1647538109162 0.2902252418538108 36069
1647538110136 0.2902290237866415 36070
1647538111076 0.29028221830108847 36071
1647538111993 0.2903563952128179 36072
1647538113332 0.2903118858518808 36073
1647538114237 0.2902975006031032 36074
1647538115299 0.29030501412595433 36075
1647538116768 0.2902118414801869 36076
1647538117861 0.2901962011794507 36077
1647538119027 0.2902224506558599 36078
1647538120028 0.29021452154891797 36079
1647538120854 0.29024935447025196 36080
1647538121940 0.2902345307620949 36081
1647538123088 0.29019176668063434 36082
1647538124189 0.29014341911321045 36083
1647538125289 0.29016827464615874 36084
1647538126722 0.2901165386733835 36085
1647538127620 0.2901355489880837 36086
1647538128943 0.29010363317212406 36087
1647538130058 0.29011501626853636 36088
1647538131349 0.29004737120280916 36089
1647538132542 0.28997909874837197 36090
1647538133519 0.289959543724177 36091
1647538134479 0.28995493579659853 36092
1647538135744 0.2898629813752276 36093
1647538136789 0.2899133542138889 36094
1647538137842 0.2898816694752679 36095
1647538138680 0.28991298714093666 36096
1647538139556 0.2899845593877263 36097
1647538140487 0.2899546936075523 36098
1647538141528 0.2899180473976357 36099
1647538142515 0.28992729088824554 36100
1647538143648 0.2898782637394682 36101
1647538144687 0.2898828671936994 36102
1647538145721 0.2898759123369267 36103
1647538146641 0.28987010349798653 36104
1647538147619 0.2898730516214581 36105
1647538148828 0.2898332638136362 36106
1647538149749 0.28987595106258335 36107
1647538150782 0.28988283384220764 36108
1647538151722 0.28988686810290465 36109
1647538152727 0.28994029677836003 36110
1647538153991 0.28990568741689393 36111
1647538155086 0.28990904800399625 36112
1647538156104 0.28992456280005474 36113
1647538157151 0.2899222622211716 36114
1647538158040 0.28995909709134865 36115
1647538159123 0.28998733029496754 36116
1647538160226 0.2900731532189114 36117
1647538161140 0.29013052587373267 36118
1647538162599 0.29005195985607973 36119
1647538163747 0.2900509289865533 36120
1647538164784 0.29010770462207064 36121
1647538165700 0.2901856561717111 36122
1647538166912 0.2901392315159139 36123
1647538167751 0.2901910554797961 36124
1647538168703 0.2902082956622167 36125
1647538169617 0.2902576990448559 36126
1647538170697 0.2902600516161635 36127
1647538171754 0.2902609079923385 36128
1647538172682 0.2903114477569451 36129
1647538173644 0.2903238714900451 36130
1647538174815 0.2903092843013795 36131
1647538175712 0.2903707863361526 36132
1647538176729 0.2903817490959654 36133
1647538177791 0.29036891700417017 36134
1647538178893 0.2903256529521068 36135
1647538179785 0.2903737499779384 36136
1647538180713 0.29036330695195894 36137
1647538181820 0.29032687541797075 36138
1647538182733 0.29037970147316644 36139
1647538183950 0.2903913088603343 36140
1647538185334 0.2903257452916761 36141
1647538186372 0.29030713768952776 36142
1647538187374 0.2902592958374457 36143
1647538188505 0.2902377264500867 36144
1647538189734 0.29019768841023885 36145
1647538190859 0.2901686498255648 36146
1647538191892 0.29019783591660453 36147
1647538193090 0.29020917779536703 36148
1647538194274 0.2901923671275018 36149
1647538195334 0.2902039714090324 36150
1647538196277 0.2902544326706974 36151
1647538197772 0.29034925508009896 36152
1647538199261 0.29039675371348855 36153
1647538200786 0.29044867947801845 36154
1647538202096 0.2905743964864108 36155
1647538203293 0.2907308102515735 36156
1647538204787 0.29083456875259184 36157
1647538205908 0.29097762485938283 36158
1647538207075 0.2910990726432317 36159
1647538208396 0.2911008601895392 36160
1647538209404 0.29123345935451134 36161
1647538210694 0.2912534126057497 36162
1647538212142 0.2912298738808915 36163
1647538213189 0.2913382872128463 36164
1647538214280 0.2913935797458345 36165
1647538215486 0.29145698981894674 36166
1647538216571 0.2915198982085232 36167
1647538217604 0.2916112171752112 36168
1647538218897 0.2915820767883006 36169
1647538220074 0.2916325479745865 36170
1647538221078 0.2916702633551624 36171
1647538222266 0.2916650884548043 36172
1647538223459 0.2916917109460223 36173
1647538224403 0.2917649705805811 36174
1647538225495 0.29178052311015923 36175
1647538226546 0.2918065017123842 36176
1647538227685 0.29182558874890674 36177
1647538228642 0.29186223772967734 36178
1647538229560 0.29191193540832916 36179
1647538230489 0.29194013083747206 36180
1647538231672 0.2918847541719791 36181
1647538232891 0.2918132611191076 36182
1647538233868 0.29183696506960877 36183
1647538235090 0.2918115814228178 36184
1647538236161 0.29181512466870074 36185
1647538237227 0.2918233638205579 36186
1647538238315 0.2918188354176986 36187
1647538239313 0.2918059891404737 36188
1647538240313 0.2917532000158514 36189
1647538241364 0.29179329526401415 36190
1647538242567 0.29172242303631896 36191
1647538243659 0.2916981840472134 36192
1647538244699 0.2916921847858108 36193
1647538245777 0.29168235913534557 36194
1647538246691 0.2916666686449078 36195
1647538247535 0.29168060643389493 36196
1647538248718 0.2916514894200696 36197
1647538249613 0.2916174179201491 36198
1647538251041 0.29150341899912396 36199
1647538252132 0.29149779294543643 36200
1647538253309 0.2914455939965849 36201
1647538254436 0.29138080089630913 36202
1647538255447 0.29140676881585803 36203
1647538256765 0.2913774365929623 36204
1647538257915 0.2913823825494871 36205
1647538258806 0.291359629895952 36206
1647538259852 0.2913340386109289 36207
1647538260748 0.29134790391718607 36208
1647538261813 0.29133563299635146 36209
1647538263257 0.2912509867969051 36210
1647538264106 0.2912831340541461 36211
1647538265500 0.2912096603086695 36212
1647538266382 0.29120086112393523 36213
1647538267494 0.2911427578450822 36214
1647538268466 0.29109726634346605 36215
1647538269382 0.29102593939313326 36216
1647538270197 0.2910334056565412 36217
1647538271159 0.29097997116650776 36218
1647538272095 0.290948569928392 36219
1647538273304 0.2909054780185167 36220
1647538274208 0.2909336862213603 36221
1647538275355 0.2908561976297198 36222
1647538276353 0.29078714226450875 36223
1647538277252 0.290812028918057 36224
1647538278362 0.2907163423916964 36225
1647538279362 0.29072141920920297 36226
1647538280474 0.29070138236164383 36227
1647538281495 0.29067225169303806 36228
1647538282379 0.2906718007998617 36229
1647538283222 0.29068482745380014 36230
1647538284261 0.29069356002424995 36231
1647538285243 0.2907079148751039 36232
1647538286162 0.29067926800085436 36233
1647538287209 0.2906707096414143 36234
1647538288275 0.2906431280172907 36235
1647538289303 0.29063098996685044 36236
1647538290232 0.2906291367025613 36237
1647538291309 0.29061088747417874 36238
1647538292175 0.290630127912178 36239
1647538293286 0.2906091608442949 36240
1647538294501 0.29057265616789024 36241
1647538295618 0.2905298875656776 36242
1647538296471 0.29056560244035284 36243
1647538297370 0.2905679220567593 36244
1647538298562 0.29051719253862296 36245
1647538299554 0.2905027775565965 36246
1647538300758 0.29044565864901656 36247
1647538301801 0.2903619017094782 36248
1647538302899 0.2903806708182079 36249
1647538303885 0.2903897811063551 36250
1647538304920 0.2904403608000561 36251
1647538306034 0.2904720372970371 36252
1647538307126 0.29053957645188677 36253
1647538308297 0.2905890715463285 36254
1647538309355 0.29073869634399396 36255
1647538310273 0.2908973069566007 36256
1647538311407 0.2909615139571437 36257
1647538312227 0.291023340497621 36258
1647538313380 0.2910110516234505 36259
1647538314474 0.2910603366004742 36260
1647538315310 0.29115020797086966 36261
1647538316285 0.2912868898634012 36262
1647538317330 0.2913343939024049 36263
1647538318692 0.29134649806844554 36264
1647538319690 0.29142125453397955 36265
1647538320686 0.2914508596825792 36266
1647538321836 0.2914775989187256 36267
1647538323232 0.29147238468108155 36268
1647538324386 0.29149052881265197 36269
1647538325805 0.2914492251383159 36270
1647538326886 0.29147427358492967 36271
1647538328131 0.2914358422466428 36272
1647538329226 0.2914657613262534 36273
1647538330136 0.29154238152674117 36274
1647538331002 0.2916218991957459 36275
1647538331904 0.2917491615561641 36276
1647538332940 0.2917994406617833 36277
1647538334070 0.29181729263729517 36278
1647538335471 0.2917667304564327 36279
1647538336484 0.291823898188393 36280
1647538337534 0.29185245203263793 36281
1647538338608 0.2919002594385029 36282
1647538339724 0.29194818834024194 36283
1647538340936 0.2919680368020195 36284
1647538341900 0.29210262370457074 36285
1647538343080 0.2921752828548992 36286
1647538344118 0.2922516932852264 36287
1647538345323 0.292311085228878 36288
1647538346291 0.2923975668611451 36289
1647538347247 0.2924900940482619 36290
1647538348300 0.29260822071289555 36291
1647538349352 0.29264725896483246 36292
1647538350421 0.29274707947645273 36293
1647538351462 0.292785310659045 36294
1647538352407 0.2928734658817694 36295
1647538353784 0.2928625411848592 36296
1647538355156 0.2928496833004943 36297
1647538356384 0.2928577743112781 36298
1647538357426 0.29288433683324233 36299
1647538358403 0.29294679760153436 36300
1647538359350 0.2930538478706564 36301
1647538360403 0.2931676395853464 36302
1647538361536 0.2932074387565903 36303
1647538362791 0.29314882895358224 36304
1647538363946 0.29311653173580354 36305
1647538365271 0.2931262470671951 36306
1647538366537 0.29315062772411615 36307
1647538367566 0.29315230754804816 36308
1647538369013 0.2931310758123555 36309
1647538370291 0.29311471014519447 36310
1647538371435 0.29316125767681883 36311
1647538372550 0.29323043692873096 36312
1647538373799 0.29319663719627365 36313
1647538374904 0.29321642338100123 36314
1647538375922 0.29323737252753695 36315
1647538377075 0.29326222350088976 36316
1647538378068 0.29339881713703736 36317
1647538379155 0.2933824973684524 36318
1647538380398 0.2933315809298543 36319
1647538381420 0.2933490819265011 36320
1647538382499 0.29339017165339976 36321
1647538383521 0.2934505768929719 36322
1647538384604 0.2935119299297659 36323
1647538385549 0.29358671202199466 36324
1647538386512 0.2936513929694586 36325
1647538387642 0.29369671064772773 36326
1647538388675 0.2937335091209899 36327
1647538389805 0.2937515535760433 36328
1647538390571 0.2938878169777442 36329
1647538391576 0.2939500313951692 36330
1647538392901 0.2939005908263762 36331
1647538393906 0.29395723095174764 36332
1647538394900 0.2939845027559895 36333
1647538396117 0.2939808226863173 36334
1647538397171 0.2939943186119325 36335
1647538398101 0.29401182153420435 36336
1647538399142 0.2939888992774728 36337
1647538400529 0.29394312635504244 36338
1647538401537 0.2939930227640105 36339
1647538402621 0.29400038627535735 36340
1647538404066 0.2939349134587479 36341
1647538405093 0.29396670403803365 36342
1647538406224 0.29394012197476477 36343
1647538407306 0.2939138934579244 36344
1647538408374 0.29394157519626535 36345
1647538409302 0.2939772152116293 36346
1647538410329 0.2939794560148688 36347
1647538411261 0.29395218590064026 36348
1647538412317 0.2939432423972964 36349
1647538413424 0.2939336488743872 36350
1647538414331 0.29400247351603837 36351
1647538415259 0.29404561246455563 36352
1647538416423 0.29401525553315877 36353
1647538417413 0.2940609756729982 36354
1647538418571 0.29401002467273674 36355
1647538419593 0.29402321292178785 36356
1647538420463 0.29408543814357335 36357
1647538421378 0.29412567370660075 36358
1647538422277 0.2941160949802715 36359
1647538423344 0.2941082727346128 36360
1647538424437 0.2940873342584695 36361
1647538425414 0.2941155430696738 36362
1647538426410 0.29413588596277 36363
1647538427294 0.2941712652672233 36364
1647538428324 0.29420971007335306 36365
1647538429326 0.29424687964505436 36366
1647538430297 0.2943129764357352 36367
1647538431423 0.2943109088964423 36368
1647538432277 0.2943474264619382 36369
1647538433461 0.2943683504176708 36370
1647538434481 0.2944210394849918 36371
1647538435614 0.2944029481612433 36372
1647538436735 0.29440218046551847 36373
1647538437778 0.29438388389119546 36374
1647538438875 0.29438240901733187 36375
1647538439839 0.2944229328525135 36376
1647538440815 0.2944457635916526 36377
1647538441892 0.29441984125546045 36378
1647538442930 0.2944737414405552 36379
1647538443999 0.2944719712959622 36380
1647538445088 0.2944455103348055 36381
1647538446131 0.29443651059471176 36382
1647538447212 0.2944438955163568 36383
1647538448133 0.294473820590663 36384
1647538449120 0.29448441108809664 36385
1647538450227 0.2944683943303349 36386
1647538451251 0.2944866877707322 36387
1647538452261 0.2944892781466125 36388
1647538453697 0.2944413799081227 36389
1647538454765 0.29445135768084346 36390
1647538455717 0.2944952260961633 36391
1647538456934 0.29446657928033065 36392
1647538457993 0.29444012844995143 36393
1647538458971 0.29446190733711725 36394
1647538460256 0.2944170859868784 36395
1647538461666 0.2943481551790468 36396
1647538462904 0.29430369030193115 36397
1647538463985 0.2943053819927346 36398
1647538464874 0.29435275977008035 36399
1647538466092 0.2943391242477544 36400
1647538467061 0.2943440002675813 36401
1647538468043 0.2943681062484761 36402
1647538468923 0.2944305410027504 36403
1647538469864 0.294455234393132 36404
1647538470753 0.2945557943048378 36405
1647538472163 0.29449003878966007 36406
1647538473385 0.2945298935736766 36407
1647538474453 0.2945829804793772 36408
1647538475423 0.2946626557167738 36409
1647538476870 0.2946192330562983 36410
1647538478093 0.2946384377149785 36411
1647538479323 0.2946152915975421 36412
1647538480502 0.2946585146917237 36413
1647538481489 0.2947222892960133 36414
1647538482893 0.2947070597421537 36415
1647538484126 0.29470167007601084 36416
1647538485621 0.2946604760599476 36417
1647538487102 0.2946018844253932 36418
1647538488540 0.29460145391841636 36419
1647538489630 0.29467781366752466 36420
1647538490705 0.29468562028573514 36421
1647538492200 0.2946236352689441 36422
1647538493245 0.2946972233338619 36423
1647538494403 0.29471590188804525 36424
1647538495859 0.2946801568445919 36425
1647538497183 0.29469375250288943 36426
1647538498183 0.2947903195252785 36427
1647538499148 0.29483830522088444 36428
1647538500193 0.29489139142828674 36429
1647538501355 0.2948975436792023 36430
1647538502653 0.2948616080813938 36431
1647538503968 0.2948375284625181 36432
1647538505188 0.29485738368239256 36433
1647538506269 0.2948792360891689 36434
1647538507385 0.2949441622553303 36435
1647538508515 0.2949569815085999 36436
1647538510041 0.29491443457401056 36437
1647538511154 0.29491165051896284 36438
1647538512278 0.2948914264005784 36439
1647538513386 0.2948632032003343 36440
1647538514460 0.29489863803899435 36441
1647538515492 0.2949153930180012 36442
1647538516742 0.29488810992749165 36443
1647538517824 0.29489967281231116 36444
1647538518898 0.29495248709439126 36445
1647538520304 0.294891801713883 36446
1647538521523 0.2948467529377392 36447
1647538522642 0.29490243245966186 36448
1647538523692 0.2949412195931798 36449
1647538524770 0.2949761193972325 36450
1647538525997 0.2949713864729658 36451
1647538527019 0.29499211224847066 36452
1647538528223 0.2949911590837515 36453
1647538529257 0.2950668441136006 36454
1647538529459 0.2949006441700202 36455
