1647540304844 0.3430965840816498 37758
1647540306757 0.3699481636285782 37759
1647540308583 0.3414821922779083 37760
1647540310554 0.3514212816953659 37761
1647540311772 0.36075031757354736 37762
1647540313170 0.36440278589725494 37763
1647540314192 0.3647253470761435 37764
1647540315277 0.37225858494639397 37765
1647540316376 0.36916247341367936 37766
1647540317333 0.3714551627635956 37767
1647540318387 0.36870254440741107 37768
1647540319457 0.3651412973801295 37769
1647540320503 0.3642473587623009 37770
1647540321667 0.35924735239573885 37771
1647540323203 0.3507794698079427 37772
1647540324284 0.35064003244042397 37773
1647540325472 0.3487856773769154 37774
1647540326988 0.3430689084861014 37775
1647540327949 0.34351238373078796 37776
1647540329169 0.34019574597477914 37777
1647540330310 0.3384226667029517 37778
1647540331526 0.3368531743233854 37779
1647540332669 0.33472658823365753 37780
1647540334083 0.3300481829792261 37781
1647540335275 0.32968450725078585 37782
1647540336422 0.3303272110911516 37783
1647540337319 0.3324085623025894 37784
1647540338451 0.3298252081232412 37785
1647540339725 0.3271367113138067 37786
1647540340832 0.3270702357093493 37787
1647540341966 0.3257331506859872 37788
1647540343008 0.3252731845714152 37789
1647540344049 0.32641232871648035 37790
1647540345323 0.3250218178419506 37791
1647540346597 0.32454434250082287 37792
1647540347774 0.3252873971230454 37793
1647540348752 0.3256068145101135 37794
1647540349721 0.32592254288886724 37795
1647540350980 0.32372933817215455 37796
1647540351951 0.3260269869118929 37797
1647540353080 0.325313884674049 37798
1647540354384 0.32493739220358075 37799
1647540355572 0.32443461827067444 37800
1647540356434 0.32440890473398293 37801
1647540357743 0.32173821363184185 37802
1647540358706 0.3223531560405441 37803
1647540360108 0.3213041415239902 37804
1647540361061 0.32184335806717473 37805
1647540362244 0.319936208579005 37806
1647540363461 0.3192456948757172 37807
1647540364564 0.3191291608062445 37808
1647540365757 0.3193952590227127 37809
1647540366833 0.3192568297656077 37810
1647540367739 0.320593042506112 37811
1647540368744 0.32030532251704824 37812
1647540369722 0.32165471464395523 37813
1647540371189 0.3203247534601312 37814
1647540372287 0.3202167322923397 37815
1647540373363 0.31915809643470633 37816
1647540374502 0.3193825120727221 37817
1647540375644 0.31845465546748675 37818
1647540376592 0.3189563270538084 37819
1647540377708 0.31900273854770356 37820
1647540378982 0.31838760850951076 37821
1647540380514 0.3173204153776169 37822
1647540381583 0.316247870073174 37823
1647540382807 0.31505709864310366 37824
1647540384128 0.3145206914666821 37825
1647540385340 0.3138513895480529 37826
1647540386366 0.3142114364675113 37827
1647540387577 0.3136156908643078 37828
1647540388747 0.3136512899978293 37829
1647540389822 0.3139134471955365 37830
1647540390809 0.31311888690735845 37831
1647540392057 0.31174733956654865 37832
1647540393300 0.311390472870124 37833
1647540394323 0.3111556377503779 37834
1647540395393 0.31053485664037556 37835
1647540396485 0.31046851639506184 37836
1647540397564 0.3105982687324286 37837
1647540398684 0.3102968548551018 37838
1647540399787 0.30984150127666754 37839
1647540401239 0.3085607171776783 37840
1647540402395 0.307385490054176 37841
1647540403364 0.3077245834995719 37842
1647540404320 0.3072801928880603 37843
1647540405615 0.306201480757231 37844
1647540406788 0.30598775314336474 37845
1647540407886 0.30560720820775195 37846
1647540409404 0.30486628396643534 37847
1647540411121 0.30394093970676045 37848
1647540412290 0.303498194269512 37849
1647540413440 0.3032311701005505 37850
1647540414540 0.30261641661537453 37851
1647540415735 0.30213743997247594 37852
1647540416635 0.30229525500908494 37853
1647540417560 0.3022895045194429 37854
1647540418593 0.3022162699881865 37855
1647540419698 0.30187328521049384 37856
1647540420695 0.3022110559046268 37857
1647540421970 0.30148591307720335 37858
1647540422935 0.3015911463721126 37859
1647540424063 0.30081425028518566 37860
1647540425085 0.30021069614359963 37861
1647540426253 0.2995754243362518 37862
1647540427400 0.2991062468796406 37863
1647540428465 0.29864038680201377 37864
1647540429497 0.2983212070884528 37865
1647540430499 0.29827789757229867 37866
1647540431954 0.29748845222321424 37867
1647540433030 0.29691087971399494 37868
1647540434212 0.2964396368978279 37869
1647540435520 0.2956361605794029 37870
1647540436430 0.29522258304713067 37871
1647540437382 0.29503212493398917 37872
1647540438475 0.29470349822578756 37873
1647540439303 0.2947042915556166 37874
1647540440574 0.29390799329947614 37875
1647540441646 0.2932295095519859 37876
1647540442836 0.2925089061260223 37877
1647540444125 0.29193394046184445 37878
1647540445424 0.2912510948591545 37879
1647540446635 0.2908149732322228 37880
1647540447530 0.29043489514339355 37881
1647540448485 0.29072528207302095 37882
1647540449954 0.2897687996663744 37883
1647540450960 0.28988720300629384 37884
1647540452102 0.2896112895105034 37885
1647540453513 0.28923384787500367 37886
1647540454558 0.28883717541511245 37887
1647540455571 0.28865839802581844 37888
1647540456448 0.2885319793766195 37889
1647540457449 0.2880224946298097 37890
1647540458670 0.2873805014055167 37891
1647540459761 0.2874038356321829 37892
1647540460959 0.2867496918667765 37893
1647540462030 0.2866768384501882 37894
1647540463253 0.2862241789698601 37895
1647540464036 0.2863097635747717 37896
1647540465192 0.28597191838281494 37897
1647540466123 0.2857851008785532 37898
1647540467082 0.28578132758258096 37899
1647540468094 0.2856258886468994 37900
1647540469295 0.2847990071814921 37901
1647540470299 0.2846074765098506 37902
1647540471733 0.2841675703043807 37903
1647540472735 0.28407283370592157 37904
1647540473856 0.2837123911123018 37905
1647540475191 0.2828393163497016 37906
1647540476074 0.2827194928129514 37907
1647540477225 0.2826162589504229 37908
1647540478151 0.28261988639439406 37909
1647540479029 0.2823575940591837 37910
1647540479955 0.2821731427079671 37911
1647540480994 0.2822016540073579 37912
1647540482209 0.28197316443308806 37913
1647540483370 0.28141972640897056 37914
1647540484402 0.2811881768741185 37915
1647540485738 0.2806065653292638 37916
1647540486787 0.28022766057401893 37917
1647540487984 0.27980961285022476 37918
1647540489098 0.2794463232527544 37919
1647540490246 0.2790354751736108 37920
1647540491271 0.278862756563396 37921
1647540492151 0.2790254298484687 37922
1647540493105 0.27881669675011234 37923
1647540494094 0.2788366377353668 37924
1647540495198 0.27860822315726963 37925
1647540496164 0.27870721859339426 37926
1647540497261 0.2785603202441159 37927
1647540498221 0.27844224495497366 37928
1647540499113 0.2783742801741112 37929
1647540500124 0.2782732398179225 37930
1647540501350 0.2779134076902236 37931
1647540502765 0.27734571593148366 37932
1647540503836 0.27712453105910256 37933
1647540504799 0.27722865949242803 37934
1647540505972 0.2769194073723943 37935
1647540506881 0.27701300091250647 37936
1647540507819 0.27682908491955865 37937
1647540509027 0.2766326584374707 37938
1647540509987 0.2764457622235948 37939
1647540510934 0.2763683850485119 37940
1647540511852 0.2764566045902345 37941
1647540512808 0.27630451933757677 37942
1647540513687 0.2761625670777854 37943
1647540514649 0.2758941362726497 37944
1647540515840 0.2756890396171428 37945
1647540516919 0.27549153716160507 37946
1647540517994 0.2753049468523578 37947
1647540519019 0.2751043722891683 37948
1647540520043 0.27482616032163304 37949
1647540521311 0.27467536586553937 37950
1647540522305 0.2746020894996899 37951
1647540523346 0.27461220698478894 37952
1647540524280 0.27433060314886426 37953
1647540525492 0.2740609913610565 37954
1647540526648 0.2741114658237708 37955
1647540527602 0.27410496688967373 37956
1647540528567 0.2742185777425766 37957
1647540529506 0.2740551583950792 37958
1647540530559 0.2738301064265837 37959
1647540531452 0.2740452573657623 37960
1647540532667 0.27385585470234647 37961
1647540533820 0.2736050965582452 37962
1647540534827 0.2735369971510276 37963
1647540535876 0.27345768445067936 37964
1647540537314 0.27317786725381243 37965
1647540538337 0.27303932564395467 37966
1647540539371 0.27301616959628605 37967
1647540540517 0.27303997932169677 37968
1647540541307 0.27296476916603324 37969
1647540542303 0.27282854494914205 37970
1647540543323 0.2730748806601373 37971
1647540544816 0.27274181475473 37972
1647540545769 0.27251003503247545 37973
1647540547108 0.27219347326162224 37974
1647540547989 0.272446262658736 37975
1647540549041 0.2723212942276915 37976
1647540550180 0.27232473093000326 37977
1647540551652 0.27188177103370564 37978
1647540552727 0.27199538924672584 37979
1647540553637 0.2719434765689576 37980
1647540554499 0.2718965416508062 37981
1647540555343 0.27191858609517416 37982
1647540556387 0.27172996360907514 37983
1647540557449 0.2716817624112058 37984
1647540558627 0.2713904719342265 37985
1647540559819 0.27124201307911017 37986
1647540560855 0.27097996149374093 37987
1647540561767 0.27101353468833034 37988
1647540562893 0.2706908920201762 37989
1647540563828 0.270737311998662 37990
1647540564723 0.27084574689213026 37991
1647540565584 0.2708487494194761 37992
1647540566649 0.2706636992298951 37993
1647540567529 0.27080931593094193 37994
1647540568928 0.27048238028748695 37995
1647540569805 0.2703847460542264 37996
1647540570798 0.270172074995935 37997
1647540571702 0.27034578178680785 37998
1647540572853 0.27013607304697196 37999
1647540573939 0.2700460783125442 38000
1647540574950 0.26989992146120695 38001
1647540576035 0.2696889214977926 38002
1647540577102 0.2696675191201815 38003
1647540577930 0.26970198430754394 38004
1647540579143 0.26940125269034215 38005
1647540580059 0.2695479480976082 38006
1647540581176 0.2694130707979202 38007
1647540582226 0.26926787535982777 38008
1647540583377 0.2691915070726758 38009
1647540584343 0.26919140893480054 38010
1647540585784 0.26884411979378675 38011
1647540586619 0.2688412666320801 38012
1647540587772 0.26872606080723926 38013
1647540588861 0.26864500024903143 38014
1647540589877 0.2686673169450242 38015
1647540590748 0.26867569171784006 38016
1647540591971 0.2684580163313792 38017
1647540593394 0.26811191713672944 38018
1647540594404 0.26795875940841574 38019
1647540595498 0.2678209003273525 38020
1647540596461 0.2679369521299095 38021
1647540597508 0.267931286175296 38022
1647540598545 0.2678866590884395 38023
1647540599932 0.26751667054628164 38024
1647540600968 0.2674682808122528 38025
1647540601908 0.267435502440956 38026
1647540603071 0.2671924579474661 38027
1647540604004 0.26713899993148676 38028
1647540604928 0.26718352641910315 38029
1647540606038 0.26707152334543377 38030
1647540606983 0.2669804309950258 38031
1647540607975 0.26719875807111915 38032
1647540608813 0.2671291851371095 38033
1647540610074 0.26695557691775507 38034
1647540611479 0.2667212395144881 38035
1647540612552 0.2665796209407109 38036
1647540613656 0.2666667896722044 38037
1647540614681 0.26677880539588655 38038
1647540615946 0.266558143211172 38039
1647540616981 0.26635535693210766 38040
1647540617932 0.26625265013164195 38041
1647540618935 0.2662454502624378 38042
1647540619928 0.2661515852058684 38043
1647540621079 0.2658800331142306 38044
1647540622129 0.26570887082359856 38045
1647540623272 0.26556857270559225 38046
1647540624494 0.26546014701497966 38047
1647540625927 0.26514209054180027 38048
1647540627064 0.2650950842932479 38049
1647540628081 0.2651639742452537 38050
1647540629089 0.2652175666726365 38051
1647540630513 0.2647515680325233 38052
1647540631732 0.26454541011637933 38053
1647540632884 0.26450950975971993 38054
1647540633797 0.2647507125199241 38055
1647540634854 0.26458210729835024 38056
1647540635980 0.26435035551587743 38057
1647540637129 0.26425580066501897 38058
1647540638023 0.264448622451318 38059
1647540639002 0.2643069905711479 38060
1647540639978 0.26444653573593024 38061
1647540640996 0.2642454771233387 38062
1647540642079 0.2641963083175273 38063
1647540643086 0.26415413753994127 38064
1647540643987 0.26432325545843544 38065
1647540644974 0.264398198683285 38066
1647540645970 0.2644007816430061 38067
1647540646914 0.2644729074749533 38068
1647540648017 0.2643922150899202 38069
1647540648848 0.26425609644799947 38070
1647540649829 0.26422131806612015 38071
1647540650901 0.2639560800696176 38072
1647540651862 0.2639487905404236 38073
1647540652812 0.26395720177644433 38074
1647540653821 0.263979915552919 38075
1647540655178 0.2637446392385937 38076
1647540656103 0.2637051851954311 38077
1647540657228 0.2635979473683693 38078
1647540658131 0.26358046567773225 38079
1647540659193 0.2634622763738544 38080
1647540660399 0.2633048206751729 38081
1647540661800 0.2630220049619675 38082
1647540662806 0.2630311561965504 38083
1647540663831 0.2629823094114251 38084
1647540664961 0.26295493679439147 38085
1647540666063 0.26289629034901824 38086
1647540667204 0.26266639625484295 38087
1647540668319 0.26248794222346244 38088
1647540669192 0.26253692846161775 38089
1647540670474 0.26229306008364706 38090
1647540671634 0.26204491482523384 38091
1647540672733 0.2619278439834936 38092
1647540673823 0.26183919865815414 38093
1647540675197 0.26163126077248716 38094
1647540676450 0.2614997042530387 38095
1647540677512 0.26138327013602297 38096
1647540678537 0.2612301975926932 38097
1647540679978 0.2610012026301577 38098
1647540681378 0.2608153441844628 38099
1647540682293 0.2609578691661879 38100
1647540683714 0.2607612671807062 38101
1647540684869 0.2607513110274854 38102
1647540685674 0.2608190002727371 38103
1647540686694 0.2606989308891104 38104
1647540687811 0.2606985418704049 38105
1647540689012 0.2605877654002526 38106
1647540689967 0.26044282504490446 38107
1647540690993 0.2604652807923124 38108
1647540692085 0.2604229945943437 38109
1647540693296 0.26036258265587153 38110
1647540694288 0.26028819887314814 38111
1647540695223 0.2602352784553044 38112
1647540696596 0.26004718474290345 38113
1647540697975 0.25977737967874487 38114
1647540699023 0.25962347624688176 38115
1647540700060 0.259563044253166 38116
1647540701091 0.2595520786113209 38117
1647540702229 0.2594915131865446 38118
1647540703458 0.2593592397909797 38119
1647540704336 0.25936549491461974 38120
1647540705366 0.259408610698941 38121
1647540706264 0.2594264531788761 38122
1647540707214 0.25951097140220997 38123
1647540708126 0.25951740153803815 38124
1647540709266 0.2596526399416768 38125
1647540710461 0.2599572221922681 38126
1647540711391 0.26029790623767957 38127
1647540712504 0.2605318034273595 38128
1647540713601 0.2609185637325369 38129
1647540715029 0.26097858767087595 38130
1647540715969 0.2614120320680945 38131
1647540716980 0.2616224767367045 38132
1647540718088 0.26180213396536545 38133
1647540719348 0.26184305169221894 38134
1647540720460 0.26195369645085914 38135
1647540721356 0.26222792653106447 38136
1647540722433 0.26234371019037145 38137
1647540723363 0.2625000451024123 38138
1647540724546 0.26262253429253063 38139
1647540725930 0.2626992294433534 38140
1647540727049 0.2627185007246832 38141
1647540728178 0.2627788150465334 38142
1647540729390 0.2628070603998214 38143
1647540730447 0.26288738631154834 38144
1647540731399 0.26312908422701137 38145
1647540732819 0.2630595601616298 38146
1647540734220 0.2631236152771192 38147
1647540735473 0.26304685128161975 38148
1647540736632 0.26303341213081566 38149
1647540737495 0.26333408929767804 38150
1647540738613 0.2634785920003344 38151
1647540739834 0.26349597856213774 38152
1647540740904 0.263547887066097 38153
1647540741908 0.26372640135156117 38154
1647540743131 0.2636857817146047 38155
1647540744176 0.2638600148578037 38156
1647540745243 0.2639317621663213 38157
1647540746136 0.2641317839560069 38158
1647540747146 0.2642029765900688 38159
1647540748177 0.26423969417440685 38160
1647540749120 0.2644244965424042 38161
1647540750514 0.2644407600900273 38162
1647540751494 0.2646214548369934 38163
1647540752627 0.26465975172836015 38164
1647540753781 0.26475182084330157 38165
1647540754745 0.26477341179014124 38166
1647540755736 0.26497380788006436 38167
1647540756738 0.26510398031876325 38168
1647540757800 0.26518738953378596 38169
1647540758981 0.26515798580992883 38170
1647540760016 0.2652566471465544 38171
1647540761421 0.26525220486773066 38172
1647540762563 0.2653238194851348 38173
1647540763834 0.26518478617965463 38174
1647540764913 0.26521158945617496 38175
1647540765781 0.26532135181893596 38176
1647540766781 0.2654044991447812 38177
1647540768141 0.2654498758197114 38178
1647540769213 0.2655817446832973 38179
1647540770632 0.2655028428169007 38180
1647540771583 0.26556584042198256 38181
1647540772655 0.2657207314407124 38182
1647540773712 0.265860066937169 38183
1647540774836 0.26593593488811607 38184
1647540775897 0.26602298327695545 38185
1647540777125 0.26608815351566234 38186
1647540778267 0.2661288682111474 38187
1647540779691 0.2661022279074463 38188
1647540780755 0.26618421602028386 38189
1647540781637 0.2663836642996544 38190
1647540782673 0.266505705870791 38191
1647540783874 0.2666179071897748 38192
1647540784958 0.26670968628257785 38193
1647540786169 0.26671800365164294 38194
1647540787245 0.2667201505676252 38195
1647540788203 0.26678658679025863 38196
1647540789129 0.26703461930155753 38197
1647540790156 0.2671184164731681 38198
1647540791238 0.26709711383101087 38199
1647540792340 0.26715892378417416 38200
1647540793582 0.2672807348069844 38201
1647540794783 0.26743722008855153 38202
1647540795844 0.26747747460555604 38203
1647540796843 0.26757834255028623 38204
1647540797907 0.2676246876030096 38205
1647540798793 0.26771825890498596 38206
1647540799787 0.2678966411617067 38207
1647540800910 0.267871314696885 38208
1647540802124 0.2677666677771944 38209
1647540803483 0.2677551731960663 38210
1647540804677 0.26777281828782634 38211
1647540805589 0.26791562814633924 38212
1647540806672 0.2679575193804084 38213
1647540807489 0.26815784769846 38214
1647540808552 0.26824897765202294 38215
1647540809665 0.268328884360837 38216
1647540810836 0.26829408015245976 38217
1647540812005 0.26825710882204473 38218
1647540813422 0.26819731433799254 38219
1647540814553 0.26825321618604353 38220
1647540815676 0.26831965138814573 38221
1647540816758 0.2683412823946245 38222
1647540818134 0.26826754839123573 38223
1647540819265 0.2684082601386934 38224
1647540820245 0.2685249639499901 38225
1647540821499 0.26850443322267104 38226
1647540822409 0.2686204536164061 38227
1647540823841 0.268630623058149 38228
1647540825067 0.2686304410887977 38229
1647540826436 0.2686278373948111 38230
1647540827532 0.2686355149192649 38231
1647540828666 0.2686851537855048 38232
1647540829613 0.2688352902020727 38233
1647540830706 0.2688435451664515 38234
1647540831794 0.2688396506977879 38235
1647540832839 0.2689350119214466 38236
1647540833822 0.26900669069339833 38237
1647540835158 0.2689776892101938 38238
1647540836557 0.2688745213865739 38239
1647540837861 0.2688157774708533 38240
1647540838994 0.26877666021550983 38241
1647540840205 0.2687349076123582 38242
1647540841308 0.26871995382593494 38243
1647540842725 0.2686485441313632 38244
1647540843673 0.2687731739438948 38245
1647540844772 0.2687552426855988 38246
1647540845667 0.26885270062758 38247
1647540846839 0.2688677167698225 38248
1647540847913 0.26887510650283925 38249
1647540849047 0.268871003546531 38250
1647540850232 0.26882989912742544 38251
1647540851599 0.26873549033295024 38252
1647540853003 0.26871735882014036 38253
1647540854172 0.2686759488923209 38254
1647540855285 0.26876810240937044 38255
1647540856507 0.26868772306638156 38256
1647540857797 0.2687029161155224 38257
1647540858842 0.26866430344576847 38258
1647540860014 0.26885515792792536 38259
1647540861102 0.26920481073571956 38260
1647540862368 0.26933050554777893 38261
1647540863383 0.26959177712992866 38262
1647540864408 0.2698397002966979 38263
1647540865406 0.27007714951414563 38264
1647540866595 0.2702413594687548 38265
1647540867806 0.270350695212604 38266
1647540869054 0.27039257337649664 38267
1647540870029 0.27069167232910013 38268
1647540871197 0.27083537154248916 38269
1647540872280 0.27104717925859007 38270
1647540873400 0.27118530646256434 38271
1647540874665 0.2712345010157928 38272
1647540875667 0.2713376013056714 38273
1647540876669 0.27155847380539433 38274
1647540878123 0.2715374807535912 38275
1647540879141 0.27167257095233094 38276
1647540880284 0.27170563257084446 38277
1647540881388 0.2718106088677203 38278
1647540882639 0.27178921190829114 38279
1647540883888 0.2717571776809018 38280
1647540884961 0.2718077425112706 38281
1647540886053 0.27182598616395676 38282
1647540887194 0.27191318189123287 38283
1647540888460 0.27198246531400555 38284
1647540889712 0.27206205432726577 38285
1647540890546 0.2722858100678835 38286
1647540891549 0.27248110369129 38287
1647540892548 0.27268334243818415 38288
1647540893755 0.2727724087137477 38289
1647540894886 0.2728548038464326 38290
1647540896069 0.2729704412125916 38291
1647540897123 0.2729981676161846 38292
1647540898593 0.27304186074257786 38293
1647540900030 0.2730130966981696 38294
1647540901056 0.273184466843933 38295
1647540902254 0.27329709885403486 38296
1647540903158 0.2734516326200079 38297
1647540904280 0.27349003414019196 38298
1647540905415 0.27347202937211496 38299
1647540906586 0.27349007796516733 38300
1647540907569 0.2736764772904708 38301
1647540908671 0.27377563887233036 38302
1647540910102 0.2737527755754335 38303
1647540911314 0.2737243569692702 38304
1647540912357 0.27377213899345293 38305
1647540913542 0.2737876209133527 38306
1647540914703 0.2739177426153963 38307
1647540915908 0.2739744558795178 38308
1647540917238 0.2739553935555876 38309
1647540918169 0.27403893864715295 38310
1647540919612 0.2739742670463741 38311
1647540920771 0.2740224447336283 38312
1647540921955 0.2741294813027485 38313
1647540923102 0.2741993355365801 38314
1647540924173 0.2742652651122821 38315
1647540925254 0.27429601107599055 38316
1647540926415 0.27433317436703614 38317
1647540927656 0.27426645451901005 38318
1647540928804 0.2742823476362907 38319
1647540929962 0.2744238599473164 38320
1647540931372 0.27433333086206557 38321
1647540932826 0.27424352314092415 38322
1647540933935 0.2743781320882349 38323
1647540934876 0.2744984372635577 38324
1647540935869 0.27455666758329933 38325
1647540937326 0.2744771905492186 38326
1647540938500 0.2744593125424887 38327
1647540939597 0.27447753427011956 38328
1647540940612 0.27455790676958075 38329
1647540941754 0.27461276469950485 38330
1647540942890 0.27463680570653093 38331
1647540944302 0.27454302616741344 38332
1647540945390 0.27467356746395427 38333
1647540946847 0.27462895490887673 38334
1647540947982 0.2746817744417587 38335
1647540949058 0.2747877479526045 38336
1647540950243 0.27488945722579955 38337
1647540951620 0.274888847145074 38338
1647540952622 0.274950246118598 38339
1647540953547 0.2750698897993994 38340
1647540954545 0.2751266684842436 38341
1647540955742 0.275188851611227 38342
1647540956865 0.2752578881006599 38343
1647540958129 0.2753598756542401 38344
1647540959263 0.2753787517142134 38345
1647540960351 0.27536721469388553 38346
1647540961274 0.275499691296432 38347
1647540962449 0.2755116139571679 38348
1647540963489 0.2755754442029708 38349
1647540964578 0.2756138503249942 38350
1647540965624 0.27568614808999325 38351
1647540966712 0.27570768514601124 38352
1647540967879 0.2757319746001455 38353
1647540968945 0.2757435527878191 38354
1647540970082 0.27579051933958376 38355
1647540971096 0.27584385235042924 38356
1647540972256 0.2757988968739907 38357
1647540973274 0.2757982253383678 38358
1647540974521 0.2758303167564528 38359
1647540975753 0.27591892847077765 38360
1647540976840 0.27590908788588664 38361
1647540978230 0.2758152189579877 38362
1647540979236 0.2758517098357969 38363
1647540980677 0.2757806382471883 38364
1647540982054 0.27577010181879524 38365
1647540983051 0.2758273571631787 38366
1647540984175 0.2758696725378271 38367
1647540985134 0.2759952107886441 38368
1647540986223 0.27605565858919634 38369
1647540987438 0.2760591465876503 38370
1647540988525 0.2760921097588073 38371
1647540989581 0.27611642724614804 38372
1647540990965 0.2760714947112969 38373
1647540992442 0.27597696736237604 38374
1647540993500 0.2760001392763795 38375
1647540994570 0.2760249844516036 38376
1647540995557 0.27609323145401093 38377
1647540996696 0.27607929137881826 38378
1647540997846 0.2761195630937144 38379
1647540999010 0.27614805731402164 38380
1647541000088 0.27617410907092005 38381
1647541001195 0.2761832850217819 38382
1647541002321 0.27625027063269963 38383
1647541003519 0.2762694499756921 38384
1647541004633 0.27628033430238436 38385
1647541005881 0.2762125640491613 38386
1647541007157 0.276184064575604 38387
1647541008080 0.2763023486511454 38388
1647541009485 0.2762079136092452 38389
1647541010483 0.27622968801201614 38390
1647541011687 0.2761968186695117 38391
1647541012568 0.2762522173209453 38392
1647541013950 0.27619804205290927 38393
1647541015072 0.276254445758869 38394
1647541016117 0.27627061697476335 38395
1647541017163 0.2763300317693764 38396
1647541018261 0.2763739407761022 38397
1647541019339 0.2763564343246023 38398
1647541020764 0.27626832509616456 38399
1647541021819 0.27635334534092604 38400
1647541022953 0.2763993355289379 38401
1647541024364 0.27630377384119253 38402
1647541025554 0.2763187248640385 38403
1647541026718 0.27626384688768724 38404
1647541027859 0.2762583805317128 38405
1647541029304 0.27620060746493436 38406
1647541030472 0.276237230690626 38407
1647541031765 0.2761700276039346 38408
1647541033164 0.2760434683435168 38409
1647541034350 0.27611174980951486 38410
1647541035357 0.2762093245755277 38411
1647541036581 0.27622929872902297 38412
1647541037970 0.2761143726274008 38413
1647541038955 0.2762653129558041 38414
1647541040021 0.2763672425301242 38415
1647541041162 0.276408946658845 38416
1647541042317 0.2763923777775331 38417
1647541043439 0.2763343090459186 38418
1647541044594 0.2762979895236629 38419
1647541046003 0.27622107210741864 38420
1647541047122 0.276306677475033 38421
1647541048221 0.2762992206372713 38422
1647541049176 0.2764539067541157 38423
1647541050149 0.2765709720719522 38424
1647541051234 0.2766493747155823 38425
1647541052198 0.2768051777541726 38426
1647541053323 0.2768241547826511 38427
1647541054390 0.2768348824071813 38428
1647541055758 0.27676010630758746 38429
1647541057046 0.27671992059182626 38430
1647541058114 0.276726932549512 38431
1647541059374 0.2766847935208568 38432
1647541060470 0.27675669598420694 38433
1647541061396 0.2768284291293103 38434
1647541062544 0.2767755324378126 38435
1647541063550 0.27683875260981616 38436
1647541065014 0.2768684102112756 38437
1647541066174 0.27700184031817704 38438
1647541067291 0.2772027781326051 38439
1647541068734 0.27723266886844466 38440
1647541069740 0.2773309499678904 38441
1647541071017 0.27734451992233305 38442
1647541072053 0.2774951663682829 38443
1647541073098 0.2776503833837731 38444
1647541074279 0.2775333101406347 38445
1647541075343 0.27754662846619227 38446
1647541076527 0.27753291376259015 38447
1647541077961 0.2774684769242959 38448
1647541078918 0.27754451224655774 38449
1647541079944 0.27762095045303714 38450
1647541080881 0.2776579304842509 38451
1647541082072 0.27770220467941364 38452
1647541083152 0.277740020626064 38453
1647541084068 0.27783024873333306 38454
1647541085138 0.27780240387749194 38455
1647541086263 0.27781754393178504 38456
1647541087113 0.27789189289723126 38457
1647541088037 0.2779748332015798 38458
1647541088993 0.2780176142809058 38459
1647541090002 0.2781094274302126 38460
1647541091036 0.2781084290155294 38461
1647541091982 0.2781169254940452 38462
1647541093015 0.27809923614979465 38463
1647541094130 0.27808236028298294 38464
1647541095203 0.2781525491868372 38465
1647541096113 0.27821235728616944 38466
1647541097092 0.27828898881102954 38467
1647541098022 0.27832228622272215 38468
1647541098985 0.27839477952527864 38469
1647541099975 0.27837711741930976 38470
1647541100966 0.27842172289512407 38471
1647541101921 0.2784505264950799 38472
1647541103011 0.2783726039628743 38473
1647541104213 0.27831537009449353 38474
1647541105599 0.27820352440009877 38475
1647541106608 0.2782372463188848 38476
1647541107607 0.2782448880167471 38477
1647541108806 0.2782273925169166 38478
1647541109831 0.27823423759346194 38479
1647541110751 0.2782384356069037 38480
1647541111670 0.2782927121534861 38481
1647541112589 0.2784094000890337 38482
1647541113516 0.2784107610911706 38483
1647541114389 0.27849169469027274 38484
1647541115546 0.2784325726494029 38485
1647541116357 0.2784806009591525 38486
1647541117286 0.2785158914654222 38487
1647541118331 0.2785109381832274 38488
1647541119678 0.2784136010160863 38489
1647541120816 0.2783553358192821 38490
1647541121829 0.2783759446454308 38491
1647541122864 0.2783564117287292 38492
1647541123769 0.2784358525203298 38493
1647541124836 0.27843412665935835 38494
1647541126064 0.27833683061890485 38495
1647541127469 0.2782633814139037 38496
1647541128593 0.278219622776315 38497
1647541129602 0.2782079555727692 38498
1647541130584 0.27823933573424653 38499
1647541131782 0.2781755740116294 38500
1647541132687 0.2781651779128018 38501
1647541133917 0.27812808116010374 38502
1647541134952 0.2781508582926308 38503
1647541136032 0.2781933095640287 38504
1647541137171 0.27820960420338225 38505
1647541138233 0.2781844586730799 38506
1647541139148 0.278209476351738 38507
1647541139984 0.2782836257220902 38508
1647541141159 0.2782455569212424 38509
1647541142529 0.2781611798333615 38510
1647541143452 0.2781985729181798 38511
1647541144451 0.2781589787330059 38512
1647541145536 0.2781102934053966 38513
1647541146488 0.2781600689950991 38514
1647541147390 0.2781582335526207 38515
1647541148433 0.2781846530352656 38516
1647541149510 0.27810989892796467 38517
1647541150564 0.27810789443033596 38518
1647541151412 0.2781134627544348 38519
1647541152342 0.2781263377766465 38520
1647541153239 0.27814408742788577 38521
1647541154189 0.2781755030155182 38522
1647541155188 0.27820192390260123 38523
1647541156169 0.27820504582068134 38524
1647541156977 0.2783059087814763 38525
1647541158214 0.2782424913116177 38526
1647541159152 0.2782355704477855 38527
1647541160130 0.2782552585914132 38528
1647541161107 0.278250284068325 38529
1647541162116 0.2782516656841066 38530
1647541162997 0.2782687957588708 38531
1647541164055 0.2781813068351438 38532
1647541165091 0.27814122452640655 38533
1647541166092 0.2781652346962974 38534
1647541166980 0.2782420525399149 38535
1647541167899 0.278329435472923 38536
1647541169309 0.27823687849136497 38537
1647541170215 0.27827273448511824 38538
1647541171183 0.27828772689985193 38539
1647541172375 0.2782079106241959 38540
1647541173322 0.2782220725654339 38541
1647541174255 0.2782524480561542 38542
1647541175674 0.2781280710648641 38543
1647541176565 0.2782092098208213 38544
1647541177447 0.2782627962870041 38545
1647541178380 0.27825159242397934 38546
1647541179286 0.2782982667412939 38547
1647541180185 0.2783096166311112 38548
1647541181093 0.27833839701582685 38549
1647541182015 0.27839267317764693 38550
1647541182932 0.2784917987789255 38551
1647541183891 0.2785442127371734 38552
1647541184749 0.2786367868808047 38553
1647541185746 0.27861857264673096 38554
1647541186632 0.2786007808488712 38555
1647541187678 0.27855723171269936 38556
1647541188716 0.27860186658799646 38557
1647541189786 0.27861531489946123 38558
1647541190656 0.2786468246259594 38559
1647541191692 0.2786870850795233 38560
1647541192802 0.2786981539050145 38561
1647541193923 0.2786484742386741 38562
1647541194928 0.2787049494813157 38563
1647541196359 0.27862346469617394 38564
1647541197567 0.27859880983608193 38565
1647541198439 0.2785647197802665 38566
1647541199403 0.2785937450366256 38567
1647541200506 0.2785683910186723 38568
1647541201439 0.27858099310195505 38569
1647541202403 0.27861885964723826 38570
1647541203439 0.27864064409852907 38571
1647541204367 0.27863268034955474 38572
1647541205472 0.2786108113496619 38573
1647541206596 0.2786175500478418 38574
1647541208031 0.2785094109498201 38575
1647541209133 0.2784855864459924 38576
1647541210239 0.27845117996742086 38577
1647541211208 0.27843558648544453 38578
1647541212294 0.278452313530039 38579
1647541213473 0.2784130393118934 38580
1647541214475 0.27841488291844 38581
1647541215403 0.2784412101362691 38582
1647541216618 0.2783417863721709 38583
1647541217775 0.2783225403226993 38584
1647541218963 0.2782624988560227 38585
1647541219995 0.278338406877581 38586
1647541221080 0.2782604214836316 38587
1647541222185 0.27821717299207166 38588
1647541223105 0.278211547796113 38589
1647541224300 0.2781711098204712 38590
1647541225372 0.27815341665376003 38591
1647541226502 0.2781605952692603 38592
1647541227392 0.27813608689527763 38593
1647541228431 0.2781229636753189 38594
1647541229365 0.2780819096400231 38595
1647541230360 0.27802060125340156 38596
1647541231305 0.278019188397697 38597
1647541232418 0.27799465066967055 38598
1647541233448 0.27799753796955184 38599
1647541234563 0.27796007650390636 38600
1647541235720 0.2779379500279212 38601
1647541236632 0.2779633123317414 38602
1647541237674 0.27799451405768133 38603
1647541238594 0.27800865070245623 38604
1647541239454 0.2780211542750586 38605
1647541240523 0.27800194287257984 38606
1647541241552 0.27796341284232984 38607
1647541242501 0.2780028822034002 38608
1647541243427 0.2779476683359471 38609
1647541244370 0.2779810376736092 38610
1647541245276 0.27802535387266436 38611
1647541246352 0.278036420439419 38612
1647541247300 0.27804582588653143 38613
1647541248288 0.27809067216539884 38614
1647541249263 0.2781313651682058 38615
1647541250300 0.2781076225017363 38616
1647541251724 0.27804185893646505 38617
1647541252897 0.2779698422423085 38618
1647541253863 0.27799954802973365 38619
1647541254822 0.27802773529657204 38620
1647541255946 0.27804019967852917 38621
1647541257076 0.2781376641609765 38622
1647541258222 0.2781319134367531 38623
1647541259373 0.2780841578661777 38624
1647541260287 0.27813905082677365 38625
1647541261400 0.2780868452046628 38626
1647541262474 0.27809856525440324 38627
1647541263490 0.27812775423756697 38628
1647541264403 0.27813464972199103 38629
1647541265582 0.27811004142922363 38630
1647541266540 0.27809797791717256 38631
1647541267610 0.27808668277944837 38632
1647541268887 0.278016908357949 38633
1647541270035 0.2779291996322445 38634
1647541271301 0.2779056944784651 38635
1647541272505 0.2778599824718241 38636
1647541273458 0.27790695797990667 38637
1647541274458 0.2778943281506572 38638
1647541275484 0.2779039193172844 38639
1647541276582 0.2778905887633461 38640
1647541277616 0.2779180272334841 38641
1647541278655 0.2779352133893697 38642
1647541279746 0.27795088681356633 38643
1647541280815 0.2779554946110778 38644
1647541281902 0.2779067121110521 38645
1647541282836 0.2778987313282369 38646
1647541283911 0.2779568366120371 38647
1647541284936 0.27801704192669974 38648
1647541286089 0.2780366717699932 38649
1647541287231 0.278055351031454 38650
1647541288273 0.2780947642571707 38651
1647541289430 0.2780797695647405 38652
1647541290559 0.2780482013975935 38653
1647541291626 0.27803321423605 38654
1647541292763 0.27802328101643475 38655
1647541293623 0.27806478990728783 38656
1647541294602 0.27805495106511646 38657
1647541295710 0.27803278224052785 38658
1647541296836 0.2779893193666528 38659
1647541298035 0.2779305217042978 38660
1647541298916 0.27796692386335503 38661
1647541300099 0.2779041333257823 38662
1647541301347 0.2778305299333389 38663
1647541302331 0.2778605862942657 38664
1647541303364 0.27787792021285596 38665
1647541304336 0.27784119066100965 38666
1647541305552 0.27780389662954835 38667
1647541306503 0.2778498959102955 38668
1647541307417 0.2778654849287449 38669
1647541308319 0.27788053279964975 38670
1647541309246 0.27790361181455836 38671
1647541310165 0.2778999630056444 38672
1647541311316 0.2778443602202501 38673
1647541312263 0.27785126621161577 38674
1647541313198 0.2779044441895028 38675
1647541314105 0.27794783261642103 38676
1647541315456 0.27791111768911714 38677
1647541316353 0.27788994297077807 38678
1647541317440 0.27789723654954396 38679
1647541318900 0.27780500746948616 38680
1647541320022 0.2778016338648992 38681
1647541321187 0.2778194460192242 38682
1647541322217 0.2778177815720793 38683
1647541323071 0.2778512657556719 38684
1647541324180 0.27784209025638373 38685
1647541325331 0.27780420268185047 38686
1647541326423 0.2777530443764502 38687
1647541327523 0.277761784727284 38688
1647541328953 0.27771324189499724 38689
1647541329832 0.2777471831278019 38690
1647541331121 0.27772550085435843 38691
1647541332108 0.2777188946378422 38692
1647541333344 0.27766586010718447 38693
1647541334536 0.2776029376808073 38694
1647541335551 0.2776016542779357 38695
1647541336537 0.27761728164994803 38696
1647541337827 0.277527179093437 38697
1647541338880 0.27758375625744636 38698
1647541339994 0.2775507257053047 38699
1647541340814 0.27758288598389286 38700
1647541341696 0.27763623488530265 38701
1647541342629 0.27764454616440665 38702
1647541343687 0.2776019032611403 38703
1647541344704 0.27759464775873965 38704
1647541345876 0.2775480640494119 38705
1647541346947 0.27753835045060316 38706
1647541348007 0.27752291957014485 38707
1647541348940 0.27749505816135245 38708
1647541349889 0.2774864399977842 38709
1647541351117 0.27745506414461485 38710
1647541352019 0.2775194542462971 38711
1647541353076 0.2775302671949277 38712
1647541353991 0.27753322343946 38713
1647541354956 0.277590488627662 38714
1647541356175 0.27756365212866557 38715
1647541357216 0.2775762065297247 38716
1647541358222 0.2775899196043611 38717
1647541359265 0.2775772607475364 38718
1647541360155 0.27762850121500093 38719
1647541361239 0.2776523061321037 38720
1647541362293 0.27773979330953225 38721
1647541363203 0.27778937878386345 38722
1647541364639 0.27772408703777857 38723
1647541365803 0.2777439760354337 38724
1647541366863 0.2777925370923005 38725
1647541367771 0.2778460005888383 38726
1647541369035 0.27779885630324946 38727
1647541369911 0.27781775917562473 38728
1647541370920 0.2778236422795082 38729
1647541371866 0.2778600992640635 38730
1647541372948 0.277851148690164 38731
1647541374021 0.27785863547753065 38732
1647541375008 0.2779115972368688 38733
1647541376001 0.2779242695445536 38734
1647541377154 0.2779119147448696 38735
1647541378094 0.27796688190336977 38736
1647541379142 0.2779765762084601 38737
1647541380213 0.27798076848918146 38738
1647541381342 0.27794094643197087 38739
1647541382255 0.2779841951017826 38740
1647541383227 0.27796925757292323 38741
1647541384355 0.27793854317689304 38742
1647541385314 0.277947648724968 38743
1647541386533 0.2779451138523937 38744
1647541387933 0.2778756216409718 38745
1647541388980 0.2778549791889075 38746
1647541390014 0.277806305975625 38747
1647541391163 0.27780666586489056 38748
1647541392403 0.2777666354611997 38749
1647541393538 0.27773646680189884 38750
1647541394576 0.27777043807974283 38751
1647541395769 0.27778580381942153 38752
1647541396967 0.2777650089837222 38753
1647541397999 0.27777185248455766 38754
1647541398933 0.2778296945299319 38755
1647541400442 0.2779275619082742 38756
1647541401948 0.2779630995839834 38757
1647541403515 0.2780196919039889 38758
1647541404783 0.27814319900826306 38759
1647541406002 0.2783100598919784 38760
1647541407543 0.2784101690993129 38761
1647541408684 0.2785334469815392 38762
1647541409891 0.27866131273166794 38763
1647541411229 0.2786732509717449 38764
1647541412257 0.27878087379097466 38765
1647541413519 0.278812822268314 38766
1647541414955 0.2787871498725202 38767
1647541415980 0.2788798827180523 38768
1647541417085 0.27893032417761476 38769
1647541418284 0.2790057183577066 38770
1647541419387 0.2790663252186023 38771
1647541420481 0.2791555161987032 38772
1647541421788 0.27911482100177 38773
1647541422987 0.2791587158290334 38774
1647541424008 0.27920113700077903 38775
1647541425175 0.2792008056783349 38776
1647541426403 0.27924081355917685 38777
1647541427351 0.2793254536466197 38778
1647541428433 0.2793409859072672 38779
1647541429494 0.27937782023426144 38780
1647541430586 0.27940194233087823 38781
1647541431553 0.2794322807905151 38782
1647541432476 0.2794719950148934 38783
1647541433431 0.2794972188052555 38784
1647541434616 0.27944083574159134 38785
1647541435834 0.27937590414106095 38786
1647541436809 0.27937670646651275 38787
1647541438010 0.2793419172501356 38788
1647541439075 0.2793479100187389 38789
1647541440142 0.2793329683676117 38790
1647541441239 0.2793098753696484 38791
1647541442241 0.27927639660052056 38792
1647541443235 0.2792239187709613 38793
1647541444258 0.2792480484498961 38794
1647541445457 0.2791792091147289 38795
1647541446572 0.2791548013916603 38796
1647541447642 0.2791370637141741 38797
1647541448706 0.2791342260056568 38798
1647541449636 0.2791334160115577 38799
1647541450459 0.27912677731632846 38800
1647541451644 0.27910395103624497 38801
1647541452559 0.2790632023908305 38802
1647541454020 0.2789507800032942 38803
1647541455128 0.27894161366915404 38804
1647541456300 0.2788964193172127 38805
1647541457424 0.2788348930494574 38806
1647541458414 0.2788608364406086 38807
1647541459730 0.2788351113091867 38808
1647541460864 0.27882874203215535 38809
1647541461768 0.2787888806741349 38810
1647541462802 0.27875779976315473 38811
1647541463706 0.2787355502917303 38812
1647541464761 0.27874104904406 38813
1647541466197 0.2786584598987646 38814
1647541467073 0.27866807319435144 38815
1647541468486 0.27858382616828814 38816
1647541469389 0.2785726971361997 38817
1647541470517 0.27852761727195097 38818
1647541471522 0.278501462450921 38819
1647541472458 0.2784377835123245 38820
1647541473281 0.27843612464691014 38821
1647541474227 0.2783668649588392 38822
1647541475170 0.2783344687988342 38823
1647541476394 0.27829323693649055 38824
1647541477312 0.27831559678476847 38825
1647541478481 0.2782575074788897 38826
1647541479496 0.2781945885759648 38827
1647541480414 0.2782101512483967 38828
1647541481542 0.2781216597684951 38829
1647541482546 0.27813276461041764 38830
1647541483688 0.2780965072704649 38831
1647541484749 0.2780316656273465 38832
1647541485659 0.27801348262061415 38833
1647541486519 0.27802551549512583 38834
1647541487571 0.27801729350286863 38835
1647541488583 0.27803786789464996 38836
1647541489524 0.2780060340132978 38837
1647541490586 0.2779922871596277 38838
1647541491641 0.27795767504549734 38839
1647541492662 0.277930557026097 38840
1647541493592 0.277912180018491 38841
1647541494677 0.27788341450526416 38842
1647541495576 0.2779013267126531 38843
1647541496714 0.277876795147029 38844
1647541497975 0.27783784960560937 38845
1647541499111 0.2777937811322996 38846
1647541500088 0.2777937038502562 38847
1647541501020 0.2777751984397388 38848
1647541502204 0.27771183563184826 38849
1647541503228 0.27766773979923426 38850
1647541504443 0.2775997996221295 38851
1647541505588 0.27752817047241074 38852
1647541506708 0.2775350380552946 38853
1647541507724 0.2775473816349165 38854
1647541508760 0.2776185455706602 38855
1647541509904 0.2776572088472837 38856
1647541511014 0.27774262704632496 38857
1647541512229 0.2778072435946815 38858
1647541513299 0.27794418198659937 38859
1647541514232 0.27809532166391965 38860
1647541515356 0.2781619418790375 38861
1647541516193 0.2782250444004439 38862
1647541517370 0.2782078284844352 38863
1647541518483 0.27824522200854057 38864
1647541519339 0.2783265450855024 38865
1647541520344 0.2784522125267359 38866
1647541521432 0.27850004354038754 38867
1647541522831 0.2785116107908055 38868
1647541523838 0.2785626154312556 38869
1647541524826 0.27859243019571844 38870
1647541525991 0.2786120029443898 38871
1647541527401 0.2786020168007222 38872
1647541528573 0.27861566392965215 38873
1647541529989 0.27859035144987765 38874
1647541531091 0.27862825379282075 38875
1647541532359 0.278604940871664 38876
1647541533441 0.27863208409398793 38877
1647541534361 0.27870018236558425 38878
1647541535237 0.27875894934948325 38879
1647541536119 0.27888023771033793 38880
1647541537130 0.2789372392396486 38881
1647541538262 0.27895578161875406 38882
1647541539665 0.2789158757451796 38883
1647541540694 0.2789848615426137 38884
1647541541736 0.27901312683755203 38885
1647541542837 0.2790752048641311 38886
1647541543969 0.2791265105911061 38887
1647541545231 0.27914923338580194 38888
1647541546204 0.279283697463493 38889
1647541547423 0.2793481318248865 38890
1647541548489 0.27943680474840144 38891
1647541549712 0.27949776406592736 38892
1647541550704 0.2795865267488948 38893
1647541551689 0.27968790808736804 38894
1647541552771 0.2797872602337274 38895
1647541553866 0.27982802364625253 38896
1647541554975 0.27991449361046156 38897
1647541556025 0.2799585312343709 38898
1647541557004 0.28004693192953406 38899
1647541558385 0.28003995415158994 38900
1647541559790 0.28002787249853145 38901
1647541561004 0.2800329429223548 38902
1647541562050 0.2800478093053034 38903
1647541563047 0.28009362425249146 38904
1647541563994 0.2802003349343036 38905
1647541565059 0.28030681512841354 38906
1647541566211 0.2803403987703116 38907
1647541567490 0.2802871869865653 38908
1647541568637 0.2802495606398831 38909
1647541569968 0.2802393182091163 38910
1647541571220 0.2802552039536488 38911
1647541572257 0.2802615267115754 38912
1647541573695 0.28023129677122854 38913
1647541574974 0.280208474013861 38914
1647541576157 0.28023975321923306 38915
1647541577294 0.28028379666126424 38916
1647541578579 0.2802586515016597 38917
1647541579703 0.28026783662711 38918
1647541580746 0.28030788066208673 38919
1647541581913 0.28033397397345133 38920
1647541582911 0.2804422807524499 38921
1647541584012 0.2804195800692227 38922
1647541585275 0.28038783261542866 38923
1647541586333 0.28040461976403547 38924
1647541587443 0.28045110669854567 38925
1647541588527 0.28049045895490005 38926
1647541589655 0.2805704065877148 38927
1647541590659 0.280648207761201 38928
1647541591666 0.2807140609459259 38929
1647541592851 0.28074943610266145 38930
1647541593915 0.2807693673865759 38931
1647541595076 0.28079375670311296 38932
1647541595891 0.2809274237425554 38933
1647541596968 0.28098903121640345 38934
1647541598313 0.28094074095904525 38935
1647541599337 0.2809913505857733 38936
1647541600343 0.28099938387335355 38937
1647541601581 0.2809949284458847 38938
1647541602646 0.28101662702719776 38939
1647541603618 0.28102193981887724 38940
1647541604698 0.28100607026922136 38941
1647541606100 0.2809589558261356 38942
1647541607082 0.28100388113905567 38943
1647541608184 0.28101222419196453 38944
1647541609623 0.2809519569706235 38945
1647541610663 0.28097918711107656 38946
1647541611788 0.2809606115482435 38947
1647541612881 0.280927573315843 38948
1647541613966 0.28095775558894515 38949
1647541614930 0.2809853425994203 38950
1647541615980 0.280995188982942 38951
1647541616947 0.2809757158721341 38952
1647541618029 0.28097033895626916 38953
1647541619176 0.28095805504318067 38954
1647541620109 0.2809996907047318 38955
1647541621055 0.28103669882566357 38956
1647541622237 0.28100816984971366 38957
1647541623240 0.2810323762953232 38958
1647541624406 0.28098757933211604 38959
1647541625413 0.28100145245876695 38960
1647541626285 0.2810718432885666 38961
1647541627195 0.28111392743112634 38962
1647541628104 0.28110738127039836 38963
1647541629161 0.2810958701293135 38964
1647541630247 0.28108338134622335 38965
1647541631229 0.28110039827003275 38966
1647541632234 0.28112011927464775 38967
1647541633118 0.2811272891836655 38968
1647541634135 0.2811812853729567 38969
1647541635133 0.28120981134713824 38970
1647541636096 0.2812718998340052 38971
1647541637242 0.281280651958391 38972
1647541638059 0.2813121569710539 38973
1647541639233 0.2813320301087449 38974
1647541640251 0.28139063058962377 38975
1647541641378 0.2813733447346167 38976
1647541642484 0.28136307862205584 38977
1647541643506 0.28135963377407786 38978
1647541644588 0.2813711368193798 38979
1647541645566 0.281412128203732 38980
1647541646537 0.2814256705562858 38981
1647541647599 0.2814015119294731 38982
1647541648598 0.2814503887616596 38983
1647541649669 0.28147183052630764 38984
1647541650764 0.2814444333242089 38985
1647541651827 0.2814264819450355 38986
1647541652924 0.28142836809885213 38987
1647541653835 0.2814564687100782 38988
1647541654834 0.28146676183375835 38989
1647541655938 0.2814712922866037 38990
1647541656951 0.28147859995765084 38991
1647541657969 0.281473298847434 38992
1647541659401 0.28141984537629633 38993
1647541660478 0.28142825594185433 38994
1647541661423 0.2814582184149684 38995
1647541662649 0.28144221202657527 38996
1647541663694 0.2814230960823836 38997
1647541664670 0.28144304154142075 38998
1647541665956 0.28140564184881833 38999
1647541667342 0.2813445401714391 39000
1647541668572 0.2812894589456331 39001
1647541669640 0.2812891490248791 39002
1647541670516 0.281328292901405 39003
1647541671724 0.2813151192693779 39004
1647541672690 0.28132964164400714 39005
1647541673662 0.28137309862385756 39006
1647541674585 0.28145294978618624 39007
1647541675533 0.28148071685855053 39008
1647541676440 0.2815849541332394 39009
1647541677824 0.28151792040464885 39010
1647541679008 0.2815516974414555 39011
1647541680057 0.28159817267224135 39012
1647541681033 0.28167411806002546 39013
1647541682458 0.28163340901133554 39014
1647541683577 0.28165046617222894 39015
1647541684781 0.2816346773701684 39016
1647541685952 0.2816750917169783 39017
1647541686914 0.28174277631939637 39018
1647541688293 0.28173276928449775 39019
1647541689483 0.2817293318933848 39020
1647541690949 0.2816949683960669 39021
1647541692401 0.28165035562317364 39022
1647541693778 0.2816413995378767 39023
1647541694832 0.2817254243470029 39024
1647541695882 0.2817408064914991 39025
1647541697359 0.28169077282538085 39026
1647541698371 0.2817721112975924 39027
1647541699464 0.2817853117533128 39028
1647541700848 0.2817452743930637 39029
1647541702150 0.28176059162438805 39030
1647541703140 0.2818633249874579 39031
1647541704112 0.28189358634107253 39032
1647541705139 0.281931581542036 39033
1647541706289 0.2819356022631646 39034
1647541707540 0.281891444327779 39035
1647541708846 0.28186598671796825 39036
1647541710042 0.2818764118710533 39037
1647541711094 0.2818949134623418 39038
1647541712179 0.2819423911026599 39039
1647541713277 0.28195386974029213 39040
1647541714802 0.2819098800977814 39041
1647541715881 0.281900082372042 39042
1647541716992 0.28187125543506114 39043
1647541718085 0.2818347848054505 39044
1647541719123 0.28185666458947317 39045
1647541720132 0.281874397334616 39046
1647541721349 0.281851460698039 39047
1647541722402 0.2818558405620197 39048
1647541723442 0.2819013593274373 39049
1647541724827 0.2818378256396185 39050
1647541726021 0.2817881406159637 39051
1647541727125 0.28182386149540833 39052
1647541728154 0.28186053356132756 39053
1647541729202 0.28189372142048735 39054
1647541730381 0.28189779782469726 39055
1647541731393 0.28192657088893847 39056
1647541732579 0.2819363608153967 39057
1647541733600 0.2819965529519718 39058
1647541733794 0.2818574104887275 39059
