1647538709064 0.3344316780567169 36456
1647538710847 0.3726384788751602 36457
1647538712695 0.34977758924166363 36458
1647538714261 0.35168468952178955 36459
1647538715595 0.3553277015686035 36460
1647538716870 0.351870725552241 36461
1647538717893 0.3549469028200422 36462
1647538718936 0.36329954117536545 36463
1647538720021 0.3600563903649648 36464
1647538720961 0.36369732916355135 36465
1647538722058 0.3613351746038957 36466
1647538723137 0.3581022669871648 36467
1647538724144 0.35780733594527614 36468
1647538725284 0.35321445763111115 36469
1647538726831 0.34467829863230387 36470
1647538727920 0.3440619371831417 36471
1647538729397 0.341396326527876 36472
1647538730964 0.33636852271027035 36473
1647538731949 0.33519024284262405 36474
1647538733231 0.3323948845267296 36475
1647538734381 0.3310284330731347 36476
1647538735597 0.3295647474852475 36477
1647538736744 0.3271493626677472 36478
1647538738162 0.322665070494016 36479
1647538739378 0.32276448130607605 36480
1647538740513 0.3221190250836886 36481
1647538741434 0.3246547778447469 36482
1647538742594 0.3223673275538853 36483
1647538743870 0.31953836309498757 36484
1647538745017 0.3190262724955877 36485
1647538746154 0.3173465286531756 36486
1647538747206 0.31647850200533867 36487
1647538748229 0.3169522159027331 36488
1647538749540 0.31554565622526054 36489
1647538750833 0.31489172407558985 36490
1647538752041 0.3160070834888352 36491
1647538753043 0.316827612954217 36492
1647538754055 0.31859823120267766 36493
1647538755348 0.31755222647618025 36494
1647538756327 0.3202974021434784 36495
1647538757511 0.32015740289920713 36496
1647538758813 0.3206195859681992 36497
1647538760008 0.3201656369275825 36498
1647538760892 0.32011524655602197 36499
1647538762243 0.3176839080121782 36500
1647538763230 0.31865217633869336 36501
1647538764644 0.3179127903694802 36502
1647538765598 0.31909151499470073 36503
1647538766790 0.31740989216736387 36504
1647538768056 0.3166501674056053 36505
1647538769142 0.31661202480979994 36506
1647538770347 0.31694328584350073 36507
1647538771419 0.3167055887433718 36508
1647538772341 0.31768173393276 36509
1647538773313 0.3172592664306814 36510
1647538774326 0.31899819283613134 36511
1647538775788 0.31782796116251694 36512
1647538776890 0.3182455088044035 36513
1647538777964 0.31715940444146173 36514
1647538779112 0.3180520517130693 36515
1647538780242 0.31742085565309053 36516
1647538781202 0.31767434530681177 36517
1647538782343 0.3179367234309514 36518
1647538783634 0.3175054907333106 36519
1647538785193 0.31655269150550547 36520
1647538786256 0.3155010419361519 36521
1647538787494 0.3144552271757553 36522
1647538788850 0.3139725822736235 36523
1647538790043 0.31354799391566845 36524
1647538791088 0.3141241133213043 36525
1647538792282 0.3138905662885854 36526
1647538793437 0.3139123751057519 36527
1647538794500 0.3142963753987665 36528
1647538795516 0.31336389784071894 36529
1647538797213 0.3122006303071976 36530
1647538798520 0.3118384090301238 36531
1647538799534 0.31188846621420474 36532
1647538800601 0.31111872864839357 36533
1647538801685 0.31116540541377247 36534
1647538802742 0.3110826475545764 36535
1647538803870 0.31077897677451005 36536
1647538804963 0.31046974967892577 36537
1647538806448 0.30909247678446483 36538
1647538807646 0.3080353366122359 36539
1647538808628 0.30863648249822506 36540
1647538809624 0.3082450879521148 36541
1647538810938 0.30739228444537897 36542
1647538812139 0.3070742745291103 36543
1647538813271 0.30656772416629147 36544
1647538814401 0.3061745829052395 36545
1647538815884 0.3051736531676827 36546
1647538817013 0.30468003581399505 36547
1647538818157 0.3047331267146654 36548
1647538819225 0.3041746143965011 36549
1647538820431 0.30348369949742365 36550
1647538821326 0.30349045743544895 36551
1647538822242 0.30347034765273023 36552
1647538823247 0.30339929643942387 36553
1647538824346 0.3030535870730275 36554
1647538825313 0.3034140828251839 36555
1647538826579 0.3026660654214349 36556
1647538827538 0.302647513793964 36557
1647538828674 0.3019757523988057 36558
1647538829700 0.3014278801587912 36559
1647538830854 0.3008688002824783 36560
1647538832006 0.30046241364951404 36561
1647538833071 0.2999460825296206 36562
1647538834131 0.2999452410472764 36563
1647538835121 0.2999801400604598 36564
1647538836630 0.299106413396922 36565
1647538837690 0.29863396045323964 36566
1647538838891 0.2983093980167593 36567
1647538840205 0.2976240720105382 36568
1647538841142 0.2973609311800254 36569
1647538842102 0.29720377935015635 36570
1647538843191 0.29704124981473234 36571
1647538844007 0.29731672785730445 36572
1647538845276 0.296563040528257 36573
1647538846350 0.29582196774602937 36574
1647538847560 0.2950630490978559 36575
1647538848894 0.2942746833336255 36576
1647538850201 0.2934065364667627 36577
1647538851430 0.2928995150860732 36578
1647538852327 0.2923707363586272 36579
1647538853291 0.29235573530197145 36580
1647538854751 0.2914550453424454 36581
1647538855769 0.2916382203890583 36582
1647538856931 0.2913395478390157 36583
1647538858316 0.29093321210654205 36584
1647538859371 0.29047180196413624 36585
1647538860368 0.29031161281443735 36586
1647538861253 0.29022444773352507 36587
1647538862288 0.2902282408081499 36588
1647538863554 0.28954314118001 36589
1647538864642 0.2894763747851054 36590
1647538865851 0.28893270288758416 36591
1647538866919 0.288889529169911 36592
1647538868161 0.288334626974403 36593
1647538868995 0.2883057775471708 36594
1647538870154 0.2879305260522025 36595
1647538871096 0.2876353320923257 36596
1647538872084 0.287655094349888 36597
1647538873102 0.2873608539779703 36598
1647538874336 0.2865096583134598 36599
1647538875369 0.28625429005458436 36600
1647538876816 0.2857805998766259 36601
1647538877844 0.28568120797475177 36602
1647538878999 0.2851906828582287 36603
1647538880357 0.2842845524717497 36604
1647538881250 0.2841138380765915 36605
1647538882434 0.28400175816175954 36606
1647538883369 0.2840241513362056 36607
1647538884274 0.28380685031803604 36608
1647538885254 0.2836526647790686 36609
1647538886319 0.2837940481401259 36610
1647538887577 0.2835810872224661 36611
1647538888755 0.28302358574927994 36612
1647538889820 0.2828287733129308 36613
1647538891214 0.2822334264059487 36614
1647538892297 0.2819422400556505 36615
1647538893525 0.28147163144920184 36616
1647538894672 0.2810222922283926 36617
1647538895844 0.28069645193822546 36618
1647538896898 0.2806157123570035 36619
1647538897824 0.2808691302032182 36620
1647538898828 0.28068201225924205 36621
1647538899846 0.28073841190623666 36622
1647538900953 0.2804708827641748 36623
1647538901970 0.28062664483778577 36624
1647538903074 0.28055329752318997 36625
1647538904073 0.2807118233010086 36626
1647538904977 0.2809291167487932 36627
1647538906027 0.2808897354871551 36628
1647538907249 0.28068941934355374 36629
1647538908713 0.28012360623904636 36630
1647538909803 0.27996895208277484 36631
1647538910815 0.28018478400963176 36632
1647538912011 0.28001967340372924 36633
1647538912940 0.2801407813692892 36634
1647538913906 0.28003991080654994 36635
1647538915179 0.2798567788047685 36636
1647538916178 0.2798258842347742 36637
1647538917139 0.2798421558786611 36638
1647538918079 0.27982551653100096 36639
1647538919097 0.2796110717831431 36640
1647538919987 0.27937871081534255 36641
1647538921019 0.2790539226429985 36642
1647538922235 0.2788795445986251 36643
1647538923359 0.2786729882949244 36644
1647538924465 0.27846093428762336 36645
1647538925531 0.278218056362961 36646
1647538926636 0.27790734148584306 36647
1647538927937 0.27776467622561773 36648
1647538928979 0.27775659857644247 36649
1647538930059 0.2777699298583544 36650
1647538931045 0.27747815809383686 36651
1647538932288 0.27722389466568903 36652
1647538933476 0.2771317083576713 36653
1647538934444 0.27693531958002543 36654
1647538935521 0.27714719079434874 36655
1647538936529 0.2769661129855398 36656
1647538937628 0.27678353612375733 36657
1647538938556 0.2769063076949472 36658
1647538939798 0.27682245537346484 36659
1647538940977 0.2764936327207379 36660
1647538942029 0.27649192157590274 36661
1647538943103 0.27629005153110064 36662
1647538944598 0.2759503305961306 36663
1647538945627 0.27568256983346345 36664
1647538946863 0.275611764334497 36665
1647538948020 0.2755968812235159 36666
1647538948840 0.2756726235713599 36667
1647538949847 0.2754958539221768 36668
1647538950885 0.2758492590668045 36669
1647538952351 0.2754848781020142 36670
1647538953306 0.27539589076682375 36671
1647538954708 0.27526728266395184 36672
1647538955606 0.2753987868718051 36673
1647538956803 0.2753511397805932 36674
1647538957977 0.2754205442287705 36675
1647538959482 0.27499460519978364 36676
1647538960596 0.2751371212773495 36677
1647538961540 0.2752907941026003 36678
1647538962453 0.27526342888761846 36679
1647538963319 0.2753267465035121 36680
1647538964386 0.2751909358575281 36681
1647538965469 0.275297642541877 36682
1647538966669 0.27512849318353755 36683
1647538967891 0.27502384105103506 36684
1647538968994 0.27477628666421644 36685
1647538969942 0.2749027402111978 36686
1647538971127 0.2746412803515278 36687
1647538972069 0.27482989308915934 36688
1647538973013 0.27511748754315907 36689
1647538973899 0.2750054159062974 36690
1647538975002 0.2747951201715712 36691
1647538975898 0.2749878589362535 36692
1647538977346 0.27464774144547327 36693
1647538978248 0.2745952937268812 36694
1647538979290 0.27438388057053087 36695
1647538980201 0.2745331331654703 36696
1647538981401 0.27443198908951655 36697
1647538982509 0.27439642430823524 36698
1647538983560 0.2742850544755576 36699
1647538984695 0.2740735806980912 36700
1647538985825 0.2741532479602147 36701
1647538986683 0.2743931061584457 36702
1647538987963 0.2740880289986249 36703
1647538988898 0.2743055323161275 36704
1647538990069 0.27415609395504 36705
1647538991154 0.2740383152349062 36706
1647538992318 0.27391826308199335 36707
1647538993324 0.27396516513683106 36708
1647538994808 0.273652126704614 36709
1647538995690 0.27362844523261576 36710
1647538996845 0.27346807037247345 36711
1647538997963 0.27330095944237615 36712
1647538998964 0.2732773865609206 36713
1647538999898 0.27326351657337206 36714
1647539001126 0.273017773949183 36715
1647539002594 0.2726542466102432 36716
1647539003634 0.27253161558440625 36717
1647539004716 0.2724450584146913 36718
1647539005687 0.2725721877632719 36719
1647539006749 0.27256446334550966 36720
1647539007810 0.2725163788947844 36721
1647539009218 0.272144691383794 36722
1647539010283 0.2720593938520595 36723
1647539011246 0.27200069951523637 36724
1647539012437 0.271786718401644 36725
1647539013382 0.2717023169642445 36726
1647539014352 0.27165702829027877 36727
1647539015444 0.2715933750837277 36728
1647539016409 0.27154683109617583 36729
1647539017412 0.2718608101931485 36730
1647539018249 0.27183134119579755 36731
1647539019517 0.27166919130495737 36732
1647539020963 0.2714677507178389 36733
1647539022027 0.2713147125684232 36734
1647539023133 0.27143487669527533 36735
1647539024154 0.27155867457601945 36736
1647539025422 0.2713355429946108 36737
1647539026481 0.2711147984535871 36738
1647539027443 0.2710275916041623 36739
1647539028456 0.2710038470071659 36740
1647539029443 0.27091451119501275 36741
1647539030594 0.2706030332564477 36742
1647539031650 0.2704906288223962 36743
1647539032799 0.27034588374687313 36744
1647539034031 0.27020547574964066 36745
1647539035498 0.2698857610168326 36746
1647539036625 0.2697940324369359 36747
1647539037661 0.2698283307890029 36748
1647539038651 0.2699118185104156 36749
1647539040113 0.2694376874273106 36750
1647539041356 0.26922072439983086 36751
1647539042522 0.2691571052226956 36752
1647539043448 0.2693135750373738 36753
1647539044518 0.26914170623623007 36754
1647539045673 0.2689356057345867 36755
1647539046839 0.26889285291746207 36756
1647539047734 0.26899643494001285 36757
1647539048723 0.2688671669157425 36758
1647539049727 0.2690509897901824 36759
1647539050747 0.26884240024402495 36760
1647539051859 0.2688043542644557 36761
1647539052892 0.26878122732965487 36762
1647539053825 0.26901625004875196 36763
1647539054792 0.269054967463981 36764
1647539055831 0.2689975487128381 36765
1647539056787 0.2691170372476148 36766
1647539057906 0.2690662041019935 36767
1647539058732 0.2689492509673579 36768
1647539059727 0.26887135345275237 36769
1647539060811 0.2686075129679271 36770
1647539061767 0.26854276086522055 36771
1647539062723 0.2685618871111975 36772
1647539063720 0.26860610826772713 36773
1647539065075 0.26838785624803047 36774
1647539066031 0.2684179118834436 36775
1647539067172 0.268319904247177 36776
1647539068097 0.2683639056193903 36777
1647539069178 0.2682506453142078 36778
1647539070427 0.2680966815462819 36779
1647539071863 0.26785126149654387 36780
1647539072893 0.26783003722048976 36781
1647539073933 0.26782473169882365 36782
1647539075085 0.2677750368943302 36783
1647539076147 0.26775981866298837 36784
1647539077287 0.26752862388437443 36785
1647539078390 0.26729994458554374 36786
1647539079268 0.267366082867585 36787
1647539080539 0.26711553666326737 36788
1647539081697 0.26686523256901495 36789
1647539082821 0.26679536157579564 36790
1647539083915 0.2667017105878109 36791
1647539085349 0.2664772462243496 36792
1647539086639 0.2663166008052036 36793
1647539087705 0.26620228201766283 36794
1647539088734 0.26603178386302556 36795
1647539090198 0.2657902467110989 36796
1647539091614 0.2655968872165819 36797
1647539092537 0.26569778582966364 36798
1647539093998 0.2654843647032976 36799
1647539095169 0.2654532083998556 36800
1647539095995 0.26554787576715383 36801
1647539097026 0.2653883870379726 36802
1647539098135 0.2653819690404952 36803
1647539099330 0.26525405211571634 36804
1647539100281 0.26505655642066683 36805
1647539101328 0.2650448562327953 36806
1647539102453 0.26499768397347495 36807
1647539103691 0.2649702993736051 36808
1647539104699 0.2649427247417849 36809
1647539105645 0.264869981332564 36810
1647539107034 0.26466785923818525 36811
1647539108414 0.2644128109894547 36812
1647539109466 0.2643596147858231 36813
1647539110519 0.26433010884978314 36814
1647539111566 0.2644154409567515 36815
1647539112709 0.2643931686382875 36816
1647539113942 0.2642891462171934 36817
1647539114821 0.2643566707113229 36818
1647539115866 0.26445916033053135 36819
1647539116772 0.2645329774242558 36820
1647539117744 0.2646519480670085 36821
1647539118684 0.26464282093970587 36822
1647539119852 0.2648306565926127 36823
1647539121049 0.26523789133482834 36824
1647539122009 0.2656565289239626 36825
1647539123120 0.2659244377497393 36826
1647539124226 0.2662956677777793 36827
1647539125651 0.2663903852410355 36828
1647539126597 0.2669173699808631 36829
1647539127608 0.26720609617233276 36830
1647539128632 0.26745707224658194 36831
1647539129872 0.26751388312967134 36832
1647539130965 0.26768282986191844 36833
1647539131862 0.26801356869825904 36834
1647539132935 0.2681300941266512 36835
1647539133860 0.268368941279534 36836
1647539134735 0.26863630326630555 36837
1647539136113 0.2687569490145143 36838
1647539137212 0.2688080708806713 36839
1647539138312 0.268897052167298 36840
1647539139524 0.26897716051247456 36841
1647539140588 0.2691985324063658 36842
1647539141521 0.26946386356943663 36843
1647539142914 0.2694487333450955 36844
1647539144290 0.26956241910274215 36845
1647539145533 0.26957224945887887 36846
1647539146665 0.2696065879902061 36847
1647539147507 0.2699714264341893 36848
1647539148601 0.2701530523106531 36849
1647539149806 0.27016526604000524 36850
1647539150869 0.2703433195599402 36851
1647539151855 0.27057157648300345 36852
1647539153061 0.27054826233854246 36853
1647539154093 0.270814522690044 36854
1647539155185 0.2709491191059351 36855
1647539156070 0.2712232425177187 36856
1647539157075 0.2713387730109751 36857
1647539158101 0.271378724214161 36858
1647539159041 0.2716131074593799 36859
1647539160421 0.27161695390571783 36860
1647539161406 0.27179914903758196 36861
1647539162530 0.27187567312242944 36862
1647539163705 0.271974836786588 36863
1647539164637 0.27204605179194424 36864
1647539165655 0.2722379849451344 36865
1647539166644 0.2723884612974459 36866
1647539167724 0.2725158561635943 36867
1647539168869 0.2724715511677629 36868
1647539169877 0.27258188223493274 36869
1647539171267 0.2725957540144403 36870
1647539172405 0.27270100817370874 36871
1647539173645 0.2725383072591228 36872
1647539174718 0.27249916004792357 36873
1647539175602 0.27264684040392784 36874
1647539176604 0.2727205798739479 36875
1647539177948 0.27277195658932957 36876
1647539179000 0.2728496849254409 36877
1647539180437 0.27276622914394305 36878
1647539181371 0.2728186729451958 36879
1647539182442 0.27294362611630385 36880
1647539183473 0.27303755426770643 36881
1647539184601 0.2730988032016598 36882
1647539185639 0.2731383047719425 36883
1647539186859 0.27312342086177327 36884
1647539187997 0.27312075284331344 36885
1647539189403 0.27305230135292574 36886
1647539190499 0.2731140143134528 36887
1647539191391 0.273160096782735 36888
1647539192456 0.2732511257177674 36889
1647539193660 0.2733121995610752 36890
1647539194742 0.27339641514037727 36891
1647539195936 0.273350117578932 36892
1647539197007 0.27334396551324897 36893
1647539197951 0.2734267675319945 36894
1647539198864 0.27361560907553545 36895
1647539199884 0.27366735966973293 36896
1647539200964 0.2736786655508555 36897
1647539202048 0.2737523722662075 36898
1647539203263 0.2738504757819412 36899
1647539204420 0.2740134857008966 36900
1647539205460 0.2740511178903516 36901
1647539206435 0.27411989500991985 36902
1647539207484 0.2741567468869367 36903
1647539208350 0.27428333149322687 36904
1647539209340 0.27446266634596717 36905
1647539210423 0.27442154959009385 36906
1647539211619 0.2743189689925814 36907
1647539212943 0.27426167394941214 36908
1647539214123 0.27427216858853326 36909
1647539215051 0.274365320113989 36910
1647539216125 0.2743989072347942 36911
1647539216974 0.2745705744500233 36912
1647539218045 0.27467980349688553 36913
1647539219184 0.2747422847612751 36914
1647539220362 0.2746838961282502 36915
1647539221551 0.2746081197404034 36916
1647539222901 0.2745398398472633 36917
1647539224014 0.2745633693673441 36918
1647539225129 0.27462521124759626 36919
1647539226220 0.27465157726759554 36920
1647539227605 0.2745639519374258 36921
1647539228719 0.27467622963723587 36922
1647539229687 0.27479995850823885 36923
1647539230906 0.27474836353808324 36924
1647539231789 0.27487414295369006 36925
1647539233192 0.2748588544421388 36926
1647539234437 0.2748816828480211 36927
1647539235809 0.2748821403587091 36928
1647539236880 0.27489837645729887 36929
1647539238011 0.27492502356830395 36930
1647539238921 0.27509779589516775 36931
1647539240027 0.27510289557325013 36932
1647539241093 0.27509076656407394 36933
1647539242143 0.275226415945742 36934
1647539243105 0.2753246288746595 36935
1647539244472 0.2752959277798381 36936
1647539245845 0.2751992358149829 36937
1647539247120 0.27511784927938787 36938
1647539248267 0.2750796795137658 36939
1647539249454 0.27504042006030527 36940
1647539250556 0.27500821459931113 36941
1647539251990 0.2749236865577267 36942
1647539252934 0.2750478967657832 36943
1647539254021 0.27501404766899923 36944
1647539254936 0.27511922017652163 36945
1647539256077 0.2751527325441784 36946
1647539257125 0.2751612798348675 36947
1647539258245 0.2751471167524736 36948
1647539259420 0.27507469106299676 36949
1647539260801 0.2749575160368524 36950
1647539262204 0.27492699934349907 36951
1647539263358 0.27486933977671074 36952
1647539264454 0.2749441523089945 36953
1647539265643 0.27482719250575816 36954
1647539266914 0.27484322142601014 36955
1647539267951 0.27479019841391167 36956
1647539269109 0.2749944986159583 36957
1647539270200 0.275308490184619 36958
1647539271483 0.275412533757469 36959
1647539272489 0.27566239276144766 36960
1647539273491 0.27590893170696945 36961
1647539274470 0.27615999414253045 36962
1647539275632 0.2763639740411222 36963
1647539276809 0.2764731262955075 36964
1647539278034 0.27653973613883936 36965
1647539279037 0.2768033680208975 36966
1647539280178 0.2769627260568086 36967
1647539281278 0.277200461043949 36968
1647539282383 0.2773530889403959 36969
1647539283641 0.2774124319981603 36970
1647539284619 0.2775253675762535 36971
1647539285622 0.27774689180823314 36972
1647539287068 0.27773002794005236 36973
1647539288038 0.2779011356290825 36974
1647539289169 0.2779321415206561 36975
1647539290239 0.2780729204759488 36976
1647539291527 0.278040142836927 36977
1647539292738 0.2779951695331424 36978
1647539293796 0.27804165632101413 36979
1647539294895 0.27810867227259134 36980
1647539296048 0.2782222611879215 36981
1647539297315 0.27826631665795304 36982
1647539298543 0.2783623459382039 36983
1647539299405 0.27863659798422924 36984
1647539300359 0.2788104441649509 36985
1647539301356 0.27901404633023646 36986
1647539302468 0.2791115694532269 36987
1647539303602 0.279168661299387 36988
1647539304738 0.2792421689584907 36989
1647539305829 0.27924619130442074 36990
1647539307312 0.27926250572191247 36991
1647539308747 0.27920985457728476 36992
1647539309766 0.27933875022656857 36993
1647539310928 0.2793862944907735 36994
1647539311827 0.2795623483757178 36995
1647539312891 0.27960132833659757 36996
1647539314004 0.27956912545590384 36997
1647539315159 0.2795776923223095 36998
1647539316187 0.27973676979651346 36999
1647539317281 0.27984792658495244 37000
1647539318729 0.2797815030092721 37001
1647539319935 0.27974374082886105 37002
1647539320949 0.2798001947302888 37003
1647539322126 0.2797827113738694 37004
1647539323255 0.27988878445191817 37005
1647539324464 0.2799452227927379 37006
1647539325769 0.27991536567392555 37007
1647539326707 0.280023287961539 37008
1647539328168 0.27995115973136053 37009
1647539329285 0.28001385215703434 37010
1647539330455 0.28015911035078894 37011
1647539331584 0.28023100014327884 37012
1647539332682 0.28029175548677376 37013
1647539333757 0.2803274269127462 37014
1647539334944 0.28035278168639965 37015
1647539336184 0.28030055700245177 37016
1647539337290 0.28032543001119775 37017
1647539338443 0.28046894610775086 37018
1647539339833 0.28037495208336105 37019
1647539341300 0.2803011403147098 37020
1647539342414 0.2804138811022149 37021
1647539343339 0.2805306460491564 37022
1647539344318 0.28059052938306833 37023
1647539345786 0.28051803490189553 37024
1647539346963 0.28051452840629376 37025
1647539348032 0.2805330906252519 37026
1647539349026 0.28064404975075824 37027
1647539350142 0.2806972714618863 37028
1647539351270 0.28070278933031634 37029
1647539352655 0.2806079783387806 37030
1647539353693 0.2807297563025107 37031
1647539355135 0.2806675415776631 37032
1647539356266 0.2807276545666081 37033
1647539357322 0.2808674258631952 37034
1647539358497 0.2809829409009424 37035
1647539359911 0.280963232641376 37036
1647539360890 0.2810477345311355 37037
1647539361806 0.28119955256606866 37038
1647539362794 0.28124609092020825 37039
1647539363965 0.28127692609261246 37040
1647539365094 0.2813168132722174 37041
1647539366342 0.2814069664204141 37042
1647539367463 0.2814289628192276 37043
1647539368535 0.2814324128050958 37044
1647539369450 0.281525798596568 37045
1647539370611 0.28154881469993626 37046
1647539371643 0.28159444847119014 37047
1647539372741 0.2816098601028047 37048
1647539373804 0.2817009569268034 37049
1647539374865 0.28172241932704667 37050
1647539376024 0.2817698896381279 37051
1647539377082 0.2817651701083335 37052
1647539378228 0.2818180047299551 37053
1647539379232 0.281910640792377 37054
1647539380355 0.28186744801700114 37055
1647539381361 0.28188088667670425 37056
1647539382597 0.281915827422245 37057
1647539383802 0.2820144719992506 37058
1647539384857 0.2820174621775845 37059
1647539386234 0.2819397870420424 37060
1647539387220 0.2819826847108284 37061
1647539388640 0.28191581307074187 37062
1647539389983 0.2819201422021969 37063
1647539390956 0.2819951187164717 37064
1647539392044 0.2820367782575185 37065
1647539392991 0.2821666846835282 37066
1647539394063 0.2822466572758809 37067
1647539395260 0.28228747997840115 37068
1647539396316 0.28230511528175894 37069
1647539397342 0.2823288241779901 37070
1647539398693 0.28226876493495007 37071
1647539400158 0.28216706402297925 37072
1647539401193 0.28220511529245035 37073
1647539402239 0.28222670953762935 37074
1647539403202 0.28228428330152266 37075
1647539404340 0.28226636774873964 37076
1647539405459 0.2823228677944355 37077
1647539406578 0.282382779385458 37078
1647539407655 0.2824416833046155 37079
1647539408735 0.2824752054214478 37080
1647539409837 0.2825438845843172 37081
1647539410987 0.28257925311724347 37082
1647539412102 0.28260240210279536 37083
1647539413375 0.28254343780121854 37084
1647539414653 0.2825284612084192 37085
1647539415593 0.282668014241474 37086
1647539417007 0.282557291061252 37087
1647539418036 0.28261173089251135 37088
1647539419267 0.2825795375633315 37089
1647539420154 0.28264644016900403 37090
1647539421493 0.28259526785908257 37091
1647539422613 0.282678396655963 37092
1647539423684 0.28272851990962106 37093
1647539424740 0.28280608346671193 37094
1647539425873 0.2828273574123159 37095
1647539426960 0.2827870634016864 37096
1647539428402 0.2827003472412115 37097
1647539429438 0.28280595167428485 37098
1647539430583 0.2828326068402077 37099
1647539431978 0.2827473713446033 37100
1647539433162 0.28276735193589153 37101
1647539434316 0.28274042561212687 37102
1647539435437 0.28274987877151114 37103
1647539436882 0.2827026448650243 37104
1647539438060 0.28274362940054676 37105
1647539439345 0.2826889432199906 37106
1647539440713 0.2825773074948715 37107
1647539441849 0.2826678079266278 37108
1647539442832 0.2827560485594134 37109
1647539444021 0.2827799293831105 37110
1647539445418 0.2826579713785067 37111
1647539446383 0.2828335236740983 37112
1647539447448 0.2829304063030289 37113
1647539448590 0.28297578641785837 37114
1647539449758 0.28296033202698734 37115
1647539450880 0.28290584992262313 37116
1647539451992 0.2828470773297134 37117
1647539453390 0.28276126383386585 37118
1647539454514 0.28285691705364063 37119
1647539455609 0.282866647391391 37120
1647539456575 0.2830095107893686 37121
1647539457538 0.2831013779277387 37122
1647539458629 0.28318824576671253 37123
1647539459601 0.2833430373481571 37124
1647539460745 0.2833669900226949 37125
1647539461832 0.28338494348366106 37126
1647539463223 0.283308682830206 37127
1647539464481 0.2832725814157574 37128
1647539465571 0.283280453669565 37129
1647539466797 0.2832597321492654 37130
1647539467896 0.2833495278506589 37131
1647539468869 0.28344236580624715 37132
1647539470031 0.2834013909277311 37133
1647539471088 0.2834766597565214 37134
1647539472567 0.28348034444977255 37135
1647539473756 0.2836149191803869 37136
1647539474814 0.2838086758540872 37137
1647539476278 0.28384415523897677 37138
1647539477332 0.2839658905191031 37139
1647539478636 0.28397509755879424 37140
1647539479709 0.28409647867735205 37141
1647539480779 0.2842538040538022 37142
1647539481963 0.28414641790698436 37143
1647539483055 0.28415564850989206 37144
1647539484265 0.28412520848754524 37145
1647539485700 0.28405376173307856 37146
1647539486658 0.2841191613949792 37147
1647539487693 0.2842112294093183 37148
1647539488653 0.28422886901870587 37149
1647539489879 0.2842700652081332 37150
1647539490967 0.28427347729260893 37151
1647539491906 0.28432553938163746 37152
1647539492987 0.2843075278495308 37153
1647539494114 0.28433320830137776 37154
1647539494961 0.28441320329904557 37155
1647539495908 0.2844577165115917 37156
1647539496875 0.2845084893482703 37157
1647539497908 0.284586634778366 37158
1647539498976 0.2845560093833642 37159
1647539499959 0.28455776208681416 37160
1647539501013 0.28451848612628644 37161
1647539502157 0.28447640169796545 37162
1647539503241 0.2845293019114241 37163
1647539504173 0.2845913092743695 37164
1647539505170 0.28467360814692266 37165
1647539506133 0.28471194683415646 37166
1647539507091 0.2847960078984164 37167
1647539508093 0.2847639020913781 37168
1647539509088 0.28480521253511015 37169
1647539510052 0.2848262116625592 37170
1647539511148 0.2847486810769116 37171
1647539512351 0.28470241165144505 37172
1647539513738 0.28457913701331716 37173
1647539514722 0.2845926461987436 37174
1647539515746 0.2846084227785468 37175
1647539516933 0.2845984828166261 37176
1647539517976 0.28459507158836167 37177
1647539518866 0.2846432722496953 37178
1647539519813 0.28472415438096826 37179
1647539520752 0.28484599267614297 37180
1647539521703 0.28486376054605506 37181
1647539522598 0.28493071772783296 37182
1647539523766 0.2848785313890203 37183
1647539524593 0.28495964111532857 37184
1647539525522 0.28499138610411995 37185
1647539526580 0.28495863065755483 37186
1647539527933 0.2848747182291388 37187
1647539529115 0.28482464287242004 37188
1647539530179 0.2848492107818497 37189
1647539531253 0.284815164102989 37190
1647539532165 0.28490084403639904 37191
1647539533270 0.2848629059631433 37192
1647539534505 0.28477251028949974 37193
1647539535894 0.2846852919850524 37194
1647539537031 0.28461154312700837 37195
1647539538056 0.2846106433594919 37196
1647539539050 0.2846564257723302 37197
1647539540262 0.2845842671827545 37198
1647539541204 0.28456803094795957 37199
1647539542463 0.2845224739321126 37200
1647539543561 0.2845798290207303 37201
1647539544636 0.28460771032924476 37202
1647539545839 0.28460922618122664 37203
1647539546907 0.28458041832030057 37204
1647539547845 0.2845999269088109 37205
1647539548710 0.2846428228916722 37206
1647539549930 0.28458898649253744 37207
1647539551323 0.28450101303310193 37208
1647539552229 0.28450241263965714 37209
1647539553231 0.28445271608845285 37210
1647539554314 0.28440276091849365 37211
1647539555268 0.28442677831870244 37212
1647539556167 0.28441965646825557 37213
1647539557210 0.28443488989108795 37214
1647539558286 0.28436452401311774 37215
1647539559345 0.2843741027738669 37216
1647539560169 0.2843673179938099 37217
1647539561121 0.2843966398139144 37218
1647539562057 0.28441009440347165 37219
1647539563037 0.2844169508397969 37220
1647539564076 0.28441533290686244 37221
1647539565049 0.284417759214262 37222
1647539565885 0.2844921415283655 37223
1647539567121 0.2844284773841791 37224
1647539568102 0.284414057162675 37225
1647539569104 0.28443405772384195 37226
1647539570102 0.2844372071866236 37227
1647539571106 0.28443380440422666 37228
1647539572001 0.28445282545739675 37229
1647539573093 0.28437454604333445 37230
1647539574149 0.2843274583790413 37231
1647539575148 0.2843013255254029 37232
1647539576048 0.28436749026294234 37233
1647539576989 0.2844494182774283 37234
1647539578415 0.2843311595420043 37235
1647539579327 0.28436236995512026 37236
1647539580304 0.28435671708696636 37237
1647539581495 0.2842538524252549 37238
1647539582450 0.28429060174646426 37239
1647539583389 0.2843249147105369 37240
1647539584796 0.284203536486201 37241
1647539585673 0.28424077105188916 37242
1647539586581 0.2842600456046574 37243
1647539587522 0.28421535797143316 37244
1647539588435 0.2842254325558868 37245
1647539589357 0.2842411118572491 37246
1647539590267 0.2842677433532898 37247
1647539591216 0.2843098655474592 37248
1647539592113 0.2844069469485535 37249
1647539593062 0.2844940018353972 37250
1647539593919 0.28459620779033884 37251
1647539594943 0.28458532174976736 37252
1647539595827 0.2845680124329445 37253
1647539596874 0.2845327540467469 37254
1647539597939 0.28456656258553265 37255
1647539599000 0.28457712929942336 37256
1647539599879 0.28461891141466966 37257
1647539600921 0.2846684749812296 37258
1647539602032 0.2847042973732474 37259
1647539603171 0.2846627306123698 37260
1647539604167 0.2846967078024341 37261
1647539605630 0.2846210783594455 37262
1647539606824 0.2845985728989143 37263
1647539607710 0.28456709459331925 37264
1647539608669 0.2845842836447704 37265
1647539609759 0.28457611553031037 37266
1647539610631 0.2846103906264446 37267
1647539611629 0.28463598114391386 37268
1647539612638 0.284657846541311 37269
1647539613601 0.2846541274910324 37270
1647539614672 0.28462893928529 37271
1647539615829 0.2846391369911273 37272
1647539617233 0.2845361046219805 37273
1647539618336 0.2845100222999214 37274
1647539619447 0.2844662598720411 37275
1647539620406 0.28444568720282065 37276
1647539621502 0.28446314391428534 37277
1647539622662 0.2844286785887629 37278
1647539623679 0.2844433507439002 37279
1647539624666 0.2844803435152227 37280
1647539625879 0.28438840261671794 37281
1647539627034 0.2843640251704542 37282
1647539628263 0.28430990230490044 37283
1647539629260 0.284385758767801 37284
1647539630360 0.2843028095113226 37285
1647539631447 0.2842668506140887 37286
1647539632369 0.2842706388507325 37287
1647539633514 0.2842307489316146 37288
1647539634587 0.2842257821159683 37289
1647539635690 0.28423993848041146 37290
1647539636581 0.28421474836374583 37291
1647539637633 0.2842028470022277 37292
1647539638589 0.28416431903270095 37293
1647539639583 0.28413301372414407 37294
1647539640563 0.28412504930581367 37295
1647539641689 0.2840998803180123 37296
1647539642760 0.28411742860800865 37297
1647539643863 0.28408440466735996 37298
1647539645028 0.2840519588776109 37299
1647539645926 0.28410609011819377 37300
1647539646970 0.28412961329269637 37301
1647539647866 0.28415865247899835 37302
1647539648721 0.2841601542566182 37303
1647539649793 0.28415134914210605 37304
1647539650851 0.28411480605602263 37305
1647539651836 0.28414892751097537 37306
1647539652797 0.2840973071649041 37307
1647539653761 0.28412383571179783 37308
1647539654695 0.2841653183137505 37309
1647539655749 0.28417885101329515 37310
1647539656666 0.28419004725379365 37311
1647539657638 0.2842156786901948 37312
1647539658560 0.28427198626500466 37313
1647539659580 0.2842525906071535 37314
1647539660949 0.2841886596277703 37315
1647539662121 0.28412593421758814 37316
1647539663088 0.2841477968369172 37317
1647539664028 0.2841664642475433 37318
1647539665155 0.28418193060766767 37319
1647539666249 0.28425630775490246 37320
1647539667420 0.28424158141739647 37321
1647539668569 0.28420458003586413 37322
1647539669500 0.28424347634963726 37323
1647539670636 0.2841889195324225 37324
1647539671732 0.2841801846849507 37325
1647539672739 0.28419253004267897 37326
1647539673660 0.28420844062342554 37327
1647539674851 0.2841810060394042 37328
1647539675816 0.2841808785699325 37329
1647539676882 0.28418139273779736 37330
1647539678165 0.2841014267204831 37331
1647539679282 0.28401620718337245 37332
1647539680529 0.28399768692350064 37333
1647539681707 0.2839425377573169 37334
1647539682636 0.28401335699653085 37335
1647539683647 0.2840045910924842 37336
1647539684646 0.2840167291276579 37337
1647539685731 0.28398397846710643 37338
1647539686751 0.2840057860436213 37339
1647539687788 0.28399554920398584 37340
1647539688879 0.28400409243513175 37341
1647539689964 0.2840063575457828 37342
1647539691054 0.2839580890764524 37343
1647539692010 0.28395258505379256 37344
1647539693057 0.28399509382381866 37345
1647539694101 0.2840568110530759 37346
1647539695246 0.28406477746273906 37347
1647539696372 0.28408510100267503 37348
1647539697366 0.2841354258175131 37349
1647539698501 0.2841189325521778 37350
1647539699575 0.2840876549681915 37351
1647539700619 0.28409184347692806 37352
1647539701691 0.28409006123022407 37353
1647539702550 0.28412666290302296 37354
1647539703525 0.28410071505440604 37355
1647539704708 0.2840833158855565 37356
1647539705827 0.284039178404734 37357
1647539707056 0.2839920031832962 37358
1647539707946 0.28401448552917063 37359
1647539709157 0.2839559116580868 37360
1647539710409 0.283875339292401 37361
1647539711407 0.2839154941671607 37362
1647539712454 0.2839386936950001 37363
1647539713412 0.2838970612902584 37364
1647539714609 0.283858698278993 37365
1647539715540 0.28389484180969676 37366
1647539716423 0.2839166896842551 37367
1647539717314 0.2839211450087933 37368
1647539718254 0.2839421337751643 37369
1647539719220 0.2839316046954504 37370
1647539720355 0.28387336537046726 37371
1647539721343 0.2838720375409953 37372
1647539722266 0.2839258050217348 37373
1647539723215 0.2839703764502968 37374
1647539724534 0.2839307372984679 37375
1647539725458 0.28391371067132026 37376
1647539726542 0.2839132489842603 37377
1647539728031 0.2838230935911187 37378
1647539729126 0.2838336033061211 37379
1647539730284 0.2838553323455759 37380
1647539731294 0.28386271136690167 37381
1647539732133 0.28389522547410656 37382
1647539733234 0.28390209744523826 37383
1647539734409 0.2838524085328191 37384
1647539735531 0.28380390825451063 37385
1647539736640 0.2838287987655267 37386
1647539738137 0.28378952996477547 37387
1647539739032 0.2837957456979465 37388
1647539740366 0.28376231412752284 37389
1647539741391 0.283764242791237 37390
1647539742658 0.2837068910718474 37391
1647539743862 0.28365235937125144 37392
1647539744854 0.28364490377686935 37393
1647539745857 0.2836665612217971 37394
1647539747144 0.2835704415243991 37395
1647539748205 0.28363062238655234 37396
1647539749280 0.2835911781133613 37397
1647539750132 0.2836220718106435 37398
1647539751013 0.2836774482344419 37399
1647539751960 0.28366002804703183 37400
1647539753022 0.28362539182190666 37401
1647539754019 0.2836249052313842 37402
1647539755176 0.28356812190154435 37403
1647539756251 0.28356122421012414 37404
1647539757294 0.28354387694283534 37405
1647539758227 0.2835426664314811 37406
1647539759157 0.28355283747200205 37407
1647539760368 0.28351505364976426 37408
1647539761261 0.2835669238237465 37409
1647539762287 0.2835808937774279 37410
1647539763185 0.28359130074788336 37411
1647539764178 0.2836353117395718 37412
1647539765417 0.28359772425168245 37413
1647539766460 0.2836118223489387 37414
1647539767474 0.2836229416386535 37415
1647539768519 0.28360814741511253 37416
1647539769407 0.28362810006074746 37417
1647539770494 0.28364774283033295 37418
1647539771527 0.28372888716857464 37419
1647539772404 0.28376575858172975 37420
1647539773819 0.2836929612771818 37421
1647539774975 0.28370179314524585 37422
1647539775980 0.28375327544025153 37423
1647539776873 0.2838174645376648 37424
1647539778120 0.2837755823104652 37425
1647539778996 0.28380577336808804 37426
1647539779977 0.28380724206689456 37427
1647539780936 0.28386122982217743 37428
1647539781969 0.28387179372552973 37429
1647539783033 0.2838810482544777 37430
1647539783983 0.2839219913527858 37431
1647539784947 0.28394458687720303 37432
1647539786056 0.28392509770234914 37433
1647539786965 0.2839896994147286 37434
1647539787967 0.2839975018130273 37435
1647539789015 0.2839839325555117 37436
1647539790130 0.2839320625525628 37437
1647539791031 0.2839554301477279 37438
1647539791946 0.2839507360041626 37439
1647539793040 0.28391612700096847 37440
1647539793927 0.28395328196200104 37441
1647539795132 0.2839683247947161 37442
1647539796489 0.28390696175728247 37443
1647539797552 0.2838948516832444 37444
1647539798569 0.2838496772327808 37445
1647539799745 0.28383236510000603 37446
1647539800975 0.283798661263239 37447
1647539802104 0.2837680977997103 37448
1647539803134 0.283818385610638 37449
1647539804309 0.28383128666997554 37450
1647539805523 0.2838041204585129 37451
1647539806556 0.2838095437619488 37452
1647539807506 0.2838640738286093 37453
1647539809013 0.28395976694496544 37454
1647539810539 0.2840059760510921 37455
1647539812083 0.2840692148461089 37456
1647539813393 0.2841960178342408 37457
1647539814580 0.2843649921602647 37458
1647539816075 0.2844647135273869 37459
1647539817224 0.28460879711369375 37460
1647539818431 0.2847351748237079 37461
1647539819753 0.28475285715829535 37462
1647539820788 0.28486827113443897 37463
1647539822054 0.2849030130209606 37464
1647539823439 0.28489604474294306 37465
1647539824489 0.2850405077139537 37466
1647539825582 0.2851032588792884 37467
1647539826809 0.2851692612291206 37468
1647539827908 0.2852323586947819 37469
1647539828943 0.2853261479016008 37470
1647539830243 0.28529561369672535 37471
1647539831399 0.2853592898817541 37472
1647539832402 0.2854104314021371 37473
1647539833563 0.28542141834231893 37474
1647539834802 0.28546907378762376 37475
1647539835743 0.2855430971338513 37476
1647539836844 0.2855677981141029 37477
1647539837899 0.28561090610244055 37478
1647539839048 0.285639082751004 37479
1647539840012 0.28568290756969916 37480
1647539840948 0.28574175499452253 37481
1647539841893 0.2857789661310896 37482
1647539843094 0.2857403654735608 37483
1647539844304 0.28567701591173345 37484
1647539845275 0.2856893875211188 37485
1647539846480 0.2856730323440235 37486
1647539847550 0.28569533414561155 37487
1647539848624 0.2856815026465367 37488
1647539849696 0.28565632966950505 37489
1647539850699 0.2856517885186246 37490
1647539851678 0.28563017477227454 37491
1647539852696 0.28571403660275324 37492
1647539853913 0.28564288170006924 37493
1647539855024 0.2856162866511175 37494
1647539856069 0.28559959487846265 37495
1647539857131 0.2856055684781326 37496
1647539858025 0.2855852084402388 37497
1647539858829 0.28558394552877286 37498
1647539859999 0.2855572316552944 37499
1647539860903 0.28551568534385646 37500
1647539862330 0.2854062420089888 37501
1647539863439 0.2853916835221315 37502
1647539864610 0.28533736728700515 37503
1647539865762 0.2852784030146549 37504
1647539866761 0.28530294753256297 37505
1647539868104 0.2852837913780412 37506
1647539869268 0.2852798076523574 37507
1647539870165 0.2852567119023286 37508
1647539871196 0.2852350080375201 37509
1647539872092 0.2852349586678907 37510
1647539873171 0.28522460467436095 37511
1647539874627 0.2851439021816768 37512
1647539875492 0.2851812415148901 37513
1647539876872 0.28509950353583713 37514
1647539877778 0.285089358771747 37515
1647539878872 0.28504734846581614 37516
1647539879869 0.2850168533973999 37517
1647539880778 0.28495288381628125 37518
1647539881604 0.28493401112693145 37519
1647539882563 0.2848640480651542 37520
1647539883515 0.28485444947154615 37521
1647539884826 0.2848098503169102 37522
1647539885749 0.28483245156230996 37523
1647539886894 0.2847515738127497 37524
1647539887897 0.28468515918912174 37525
1647539888812 0.2847105570339244 37526
1647539889932 0.2846192675017154 37527
1647539890926 0.28463189832984237 37528
1647539892059 0.28460625563253905 37529
1647539893089 0.284564323730247 37530
1647539893967 0.2845386219068974 37531
1647539894821 0.2845564734747594 37532
1647539895869 0.2845655734441718 37533
1647539896888 0.2845828003967328 37534
1647539897830 0.2846109046152345 37535
1647539898911 0.2846107319424706 37536
1647539899992 0.28459074374377835 37537
1647539901024 0.2845905914090897 37538
1647539901956 0.28457377251663774 37539
1647539903061 0.28454920622060925 37540
1647539903912 0.2845462186066485 37541
1647539905050 0.28451152184246437 37542
1647539906238 0.28447119065779536 37543
1647539907374 0.28442512057153757 37544
1647539908238 0.2844325724544875 37545
1647539909165 0.2844212989704419 37546
1647539910334 0.2843598508218051 37547
1647539911344 0.28431917018063657 37548
1647539912523 0.2842499157056294 37549
1647539913585 0.28417872397322635 37550
1647539914686 0.2841917811790957 37551
1647539915662 0.2841827468972045 37552
1647539916686 0.28423497219229005 37553
1647539917802 0.28427937149567645 37554
1647539918881 0.28435437868941915 37555
1647539920055 0.2843890940190228 37556
1647539921108 0.28452835314503166 37557
1647539922026 0.28467971624186766 37558
1647539923159 0.2847429944229299 37559
1647539923978 0.2847885450896095 37560
1647539925134 0.2847777314578431 37561
1647539926235 0.2848166819079674 37562
1647539927083 0.2849266923937126 37563
1647539928074 0.2850576751236447 37564
1647539929139 0.2850970899736559 37565
1647539930521 0.28510723896760537 37566
1647539931510 0.2851536599048179 37567
1647539932481 0.28518189426916524 37568
1647539933615 0.2852002085592845 37569
1647539935009 0.28519930580271735 37570
1647539936183 0.28520335705690486 37571
1647539937580 0.28516293373775997 37572
1647539938666 0.2851825134032314 37573
1647539939915 0.2851618743427531 37574
1647539941009 0.28520879528618287 37575
1647539941939 0.2852789342642681 37576
1647539942815 0.28534768613423894 37577
1647539943709 0.2854523639777677 37578
1647539944730 0.2855088416871439 37579
1647539945872 0.28552925871478185 37580
1647539947280 0.2854800217157994 37581
1647539948309 0.28555089822361296 37582
1647539949342 0.2855870967849772 37583
1647539950440 0.28562038139076334 37584
1647539951545 0.28567774744160407 37585
1647539952779 0.2856954025758462 37586
1647539953752 0.28583394746582413 37587
1647539954958 0.28590345117021004 37588
1647539955994 0.2859800176488029 37589
1647539957214 0.2860534687136764 37590
1647539958183 0.28615971604808116 37591
1647539959146 0.28627473482880134 37592
1647539960206 0.2864191379195148 37593
1647539961308 0.28647397517425327 37594
1647539962379 0.28658641762377923 37595
1647539963405 0.28663675788721427 37596
1647539964361 0.28672752016584424 37597
1647539965722 0.28672677859963813 37598
1647539967125 0.28674318800335163 37599
1647539968325 0.28674707160245905 37600
1647539969348 0.2867793727399583 37601
1647539970321 0.28687608130308684 37602
1647539971275 0.28700011467580594 37603
1647539972309 0.28714452137938784 37604
1647539973462 0.28720177513101824 37605
1647539974721 0.2871528760466132 37606
1647539975851 0.2871165672938029 37607
1647539977158 0.28712542909492333 37608
1647539978408 0.2871520753749735 37609
1647539979457 0.2871558181135169 37610
1647539980885 0.2871410595349787 37611
1647539982150 0.2871316145387516 37612
1647539983289 0.2871820030022985 37613
1647539984391 0.28723500976282734 37614
1647539985661 0.2872090732229167 37615
1647539986757 0.2872344610970355 37616
1647539987805 0.28727705979306195 37617
1647539988967 0.2873080566282018 37618
1647539989951 0.2874336538650736 37619
1647539991036 0.2874146978742575 37620
1647539992271 0.2873692043240647 37621
1647539993291 0.28740547777448033 37622
1647539994388 0.2874373226388268 37623
1647539995442 0.2874799752663709 37624
1647539996538 0.28756285773383244 37625
1647539997491 0.2876420458293592 37626
1647539998466 0.28769769855225047 37627
1647539999611 0.2877408622526655 37628
1647540000649 0.2877492619078651 37629
1647540001789 0.28777366303383034 37630
1647540002571 0.2879075891509348 37631
1647540003600 0.28797975331924686 37632
1647540004931 0.2879314843963686 37633
1647540005944 0.2879913305584104 37634
1647540006927 0.2880240581929684 37635
1647540008141 0.2880240858585324 37636
1647540009200 0.28805182484654607 37637
1647540010171 0.2880735141512507 37638
1647540011216 0.2880576912288529 37639
1647540012631 0.28801050500527714 37640
1647540013587 0.2880550577708883 37641
1647540014701 0.28807792321111136 37642
1647540016110 0.28801704132898087 37643
1647540017141 0.2880565835408948 37644
1647540018254 0.2880355318554309 37645
1647540019346 0.28802326914645565 37646
1647540020409 0.288056501481157 37647
1647540021357 0.288097923154703 37648
1647540022423 0.2881204783167671 37649
1647540023370 0.2881001986220292 37650
1647540024423 0.28811726141035754 37651
1647540025532 0.28812633339026217 37652
1647540026442 0.28821757438286316 37653
1647540027358 0.2882635036391751 37654
1647540028519 0.2882562086731195 37655
1647540029519 0.28830539619396567 37656
1647540030669 0.2882587611427323 37657
1647540031676 0.2882997658435048 37658
1647540032542 0.2883769568315772 37659
1647540033438 0.2884425459066367 37660
1647540034338 0.2884442070082052 37661
1647540035379 0.28845098434446664 37662
1647540036454 0.28842787666628694 37663
1647540037418 0.288467707813427 37664
1647540038401 0.2884950495948476 37665
1647540039272 0.28853067187215553 37666
1647540040266 0.2885894634247613 37667
1647540041266 0.28865015300363916 37668
1647540042176 0.2887072091342197 37669
1647540043360 0.28871723859889026 37670
1647540044155 0.28875996091550116 37671
1647540045310 0.28878009483377365 37672
1647540046287 0.2888477699118491 37673
1647540047398 0.2888378059159937 37674
1647540048479 0.28883338795333613 37675
1647540049522 0.2888255941145348 37676
1647540050599 0.28885011911489766 37677
1647540051582 0.2889100395794882 37678
1647540052557 0.2889367769794916 37679
1647540053635 0.28892696825825437 37680
1647540054653 0.28900224974357674 37681
1647540055726 0.289016939705722 37682
1647540056806 0.2889904608215882 37683
1647540057898 0.2890001606465938 37684
1647540059005 0.289023208933148 37685
1647540059920 0.2890559022112846 37686
1647540060910 0.28907605391237645 37687
1647540062006 0.2890712643965221 37688
1647540063015 0.28908097886478884 37689
1647540064035 0.28908616162022116 37690
1647540065443 0.2890337856432188 37691
1647540066503 0.28904415406858913 37692
1647540067434 0.289062982434121 37693
1647540068627 0.2890394129779091 37694
1647540069652 0.28902759272004325 37695
1647540070582 0.28907047752456067 37696
1647540071831 0.2890365514154403 37697
1647540073150 0.2889769817084338 37698
1647540074360 0.2889379381271037 37699
1647540075421 0.2889439562238364 37700
1647540076314 0.28899154765456675 37701
1647540077504 0.2889840669075584 37702
1647540078460 0.2889904074418621 37703
1647540079443 0.28904351198358286 37704
1647540080350 0.2891222446918488 37705
1647540081289 0.2891577313796317 37706
1647540082181 0.2892783614107595 37707
1647540083551 0.289213872227018 37708
1647540084756 0.2892564692708294 37709
1647540085792 0.2893098952285797 37710
1647540086754 0.2893864060425834 37711
1647540088170 0.28933903002369094 37712
1647540089297 0.2893631502464769 37713
1647540090496 0.2893384552196059 37714
1647540091650 0.2893897756815903 37715
1647540092609 0.28945015741897706 37716
1647540093978 0.2894406671356853 37717
1647540095187 0.2894453115979547 37718
1647540096645 0.2894097886083624 37719
1647540098112 0.2893621319014093 37720
1647540099494 0.28936974980866925 37721
1647540100575 0.2894481993864725 37722
1647540101620 0.28944792790038726 37723
1647540103095 0.2893876995835556 37724
1647540104115 0.2894672689006085 37725
1647540105255 0.28948288267283434 37726
1647540106635 0.28943716090336535 37727
1647540107917 0.28945068353662695 37728
1647540108921 0.28954044997317824 37729
1647540109896 0.28959476304989235 37730
1647540110936 0.28964433424338276 37731
1647540112069 0.28964112172765294 37732
1647540113308 0.28959419852317964 37733
1647540114637 0.2895707205182598 37734
1647540115852 0.28958493527024987 37735
1647540116915 0.2896024491710648 37736
1647540118041 0.2896438464406128 37737
1647540119171 0.289639721089569 37738
1647540120673 0.2895954384633871 37739
1647540121779 0.28959228216674077 37740
1647540122885 0.28957388997309685 37741
1647540123992 0.289556768054914 37742
1647540125038 0.2895815359625202 37743
1647540126076 0.28961936336464433 37744
1647540127296 0.28959463498620097 37745
1647540128336 0.2896029791404442 37746
1647540129379 0.2896377058244157 37747
1647540130745 0.2895733680106463 37748
1647540131951 0.2895247141788879 37749
1647540133045 0.2895680199603777 37750
1647540134088 0.28961439091528274 37751
1647540135135 0.28963918462338223 37752
1647540136342 0.28965252094854743 37753
1647540137348 0.28968103459424654 37754
1647540138541 0.28970116382608047 37755
1647540139556 0.2897576139373655 37756
1647540139757 0.28960349275723396 37757
