1647529066685 0.3714517652988434 28644
1647529068304 0.4146205931901932 28645
1647529070048 0.37569183111190796 28646
1647529071897 0.38579901307821274 28647
1647529073284 0.39010013937950133 28648
1647529074284 0.39305905997753143 28649
1647529075285 0.39501706191471647 28650
1647529076283 0.4056056961417198 28651
1647529077330 0.40357234080632526 28652
1647529078235 0.4063217878341675 28653
1647529079274 0.40433106097308075 28654
1647529080325 0.4011697893341382 28655
1647529081309 0.40047212976675767 28656
1647529082419 0.3947707329477583 28657
1647529083922 0.3850618004798889 28658
1647529084976 0.38631321117281914 28659
1647529086167 0.38462554181323333 28660
1647529087672 0.3781789061095979 28661
1647529088642 0.3780765329536639 28662
1647529089857 0.37472846955060957 28663
1647529091012 0.3735180099805196 28664
1647529092203 0.37236085669560864 28665
1647529093322 0.3703679649726204 28666
1647529094725 0.3654220911363761 28667
1647529095895 0.3662229192256927 28668
1647529097025 0.36592147900508 28669
1647529097917 0.3690325110046952 28670
1647529099040 0.36646488096032825 28671
1647529100280 0.36374616725691433 28672
1647529101405 0.3639065265655518 28673
1647529102517 0.36245795988267465 28674
1647529103537 0.36183224618434906 28675
1647529104570 0.36312204689690564 28676
1647529105831 0.3620301011730643 28677
1647529107134 0.3617713621684483 28678
1647529108302 0.3651452635725339 28679
1647529109272 0.36739365232957377 28680
1647529110245 0.37044335352747065 28681
1647529111510 0.36844428456746614 28682
1647529112449 0.3708272412419319 28683
1647529113585 0.37086970704357797 28684
1647529114869 0.3704385374273573 28685
1647529116014 0.3714334569698156 28686
1647529116894 0.3729117898778482 28687
1647529118199 0.37004224790467155 28688
1647529119183 0.37185235645460046 28689
1647529120597 0.3704988658428192 28690
1647529121530 0.372928898781538 28691
1647529122699 0.37134173573279866 28692
1647529123913 0.37064177334308623 28693
1647529124972 0.37054115650700586 28694
1647529126120 0.37059142841742587 28695
1647529127166 0.3702542191406466 28696
1647529128054 0.3717781404654185 28697
1647529129015 0.3712729421528903 28698
1647529129986 0.37307216067399296 28699
1647529131425 0.3712273511970252 28700
1647529132509 0.3713077075522521 28701
1647529133569 0.3704351171598596 28702
1647529134699 0.37101954569419227 28703
1647529135823 0.3703339661731095 28704
1647529136769 0.37083276289124645 28705
1647529137894 0.3710178666644626 28706
1647529139148 0.37034134613350034 28707
1647529140665 0.36913313865661623 28708
1647529141801 0.3681039950161269 28709
1647529143014 0.3667713239121793 28710
1647529144343 0.3662290638860534 28711
1647529145507 0.36548702008482337 28712
1647529146510 0.36587850408894673 28713
1647529147676 0.365360482897557 28714
1647529148791 0.36514585465192795 28715
1647529149814 0.36536814905192755 28716
1647529150763 0.3646565136071798 28717
1647529151958 0.3632819998264313 28718
1647529153173 0.3627483825150289 28719
1647529154190 0.36238344110451737 28720
1647529155235 0.36131439606348675 28721
1647529156307 0.3613543291635151 28722
1647529157340 0.36092027872800825 28723
1647529158447 0.3603489306973822 28724
1647529159482 0.3598788569613201 28725
1647529160925 0.35837436440479326 28726
1647529162040 0.35707775184086393 28727
1647529162974 0.3572032812763663 28728
1647529163916 0.3566866624493932 28729
1647529165202 0.355391195450706 28730
1647529166357 0.3549736328423023 28731
1647529167466 0.3543317371539855 28732
1647529168569 0.35367324716515014 28733
1647529170020 0.35245108162308786 28734
1647529171161 0.35184661995457567 28735
1647529172290 0.3517959318173829 28736
1647529173358 0.35105060944531824 28737
1647529174561 0.35010832124634794 28738
1647529175821 0.3500576520649095 28739
1647529176941 0.3499423820026142 28740
1647529178025 0.3498107929314886 28741
1647529179112 0.34943214134134426 28742
1647529180066 0.34953140452504156 28743
1647529181318 0.34856185095735115 28744
1647529182242 0.3486972747772348 28745
1647529183379 0.3479436484066028 28746
1647529184392 0.34734115563333035 28747
1647529185551 0.34668969753242673 28748
1647529186688 0.34616955285364726 28749
1647529187737 0.34565441644637385 28750
1647529188741 0.34549716239174205 28751
1647529189719 0.34571199064407876 28752
1647529191173 0.3447980272498998 28753
1647529192218 0.344068077904684 28754
1647529193383 0.3435790963204844 28755
1647529194671 0.34272023244241695 28756
1647529195607 0.34249595382757353 28757
1647529196545 0.34207426594651263 28758
1647529197633 0.34186714990385647 28759
1647529198446 0.3420645413745163 28760
1647529199706 0.3410663701972719 28761
1647529200751 0.34038454482034475 28762
1647529201944 0.33955749521652856 28763
1647529203217 0.3386025849945289 28764
1647529204486 0.337548737276773 28765
1647529205673 0.3369154955555753 28766
1647529206526 0.3364383387229135 28767
1647529207466 0.336438872218132 28768
1647529208918 0.33531692363913096 28769
1647529209914 0.3354892503088853 28770
1647529211033 0.3352071549743414 28771
1647529212428 0.3347112212994302 28772
1647529213483 0.33418039702452146 28773
1647529214448 0.33399648407033383 28774
1647529215310 0.3341833134040688 28775
1647529216320 0.3337044458192094 28776
1647529217517 0.33295229043978364 28777
1647529218597 0.3331645575938401 28778
1647529219782 0.3323658374959932 28779
1647529220819 0.3322102248016065 28780
1647529222061 0.3315322822418766 28781
1647529222846 0.3313201374287228 28782
1647529223982 0.33091950288840705 28783
1647529224903 0.3305696608326959 28784
1647529225860 0.3305918937417823 28785
1647529226839 0.3303984132680026 28786
1647529228038 0.3294121101498604 28787
1647529229018 0.3292550902942131 28788
1647529230446 0.3287158830933375 28789
1647529231437 0.32873210128472774 28790
1647529232557 0.3281037610124897 28791
1647529233896 0.3270424285391033 28792
1647529234783 0.32673441658417385 28793
1647529235925 0.32650061721438606 28794
1647529236873 0.3265601864182635 28795
1647529237748 0.3263089661699495 28796
1647529238673 0.32612222616935704 28797
1647529239708 0.3261822489961501 28798
1647529240917 0.32585310372404563 28799
1647529242050 0.32526074625124596 28800
1647529243089 0.3248837626055826 28801
1647529244452 0.3241978050590311 28802
1647529245502 0.32377924108877776 28803
1647529246697 0.3233337549504286 28804
1647529247804 0.3228649884278392 28805
1647529248940 0.32257735134999443 28806
1647529249966 0.3224696536071417 28807
1647529250842 0.3228063714323622 28808
1647529251794 0.32260032473917466 28809
1647529252778 0.32267055816636114 28810
1647529253847 0.32231471057803857 28811
1647529254820 0.3224337401651066 28812
1647529255890 0.3223649607861743 28813
1647529256840 0.32246113163337375 28814
1647529257711 0.3225453106989694 28815
1647529258725 0.3225484803060576 28816
1647529259937 0.3222320770909046 28817
1647529261355 0.3216113245487213 28818
1647529262412 0.32145458476787264 28819
1647529263353 0.3215229989445142 28820
1647529264522 0.3212678586499075 28821
1647529265415 0.3214436867716592 28822
1647529266361 0.3212448941336738 28823
1647529267577 0.3210193090017329 28824
1647529268529 0.32101080705831336 28825
1647529269459 0.32091280736558425 28826
1647529270361 0.3210589109879473 28827
1647529271327 0.32077566804112617 28828
1647529272179 0.32049317001014627 28829
1647529273139 0.32016227063648206 28830
1647529274336 0.3199273263837429 28831
1647529275408 0.31964375055025496 28832
1647529276485 0.3193104325156463 28833
1647529277519 0.31902683389748576 28834
1647529278533 0.31862794584594667 28835
1647529279807 0.3184290207883855 28836
1647529280814 0.31836474671499015 28837
1647529281856 0.31838529881758565 28838
1647529282792 0.3181608920650823 28839
1647529284013 0.31789085715252735 28840
1647529285167 0.31789586708100154 28841
1647529286105 0.31780001618454806 28842
1647529287054 0.3180358261615038 28843
1647529287975 0.3178319624852185 28844
1647529289027 0.31754717238173624 28845
1647529289929 0.3177565824368904 28846
1647529291142 0.3176027285848178 28847
1647529292296 0.31730324008115907 28848
1647529293302 0.31730409046110597 28849
1647529294355 0.31718392137456053 28850
1647529295815 0.31683917357944524 28851
1647529296837 0.31660313198440954 28852
1647529297879 0.3167253446011316 28853
1647529299026 0.3166393379182047 28854
1647529299813 0.31671053241446334 28855
1647529300800 0.3166571211926814 28856
1647529301819 0.31704110088192416 28857
1647529303222 0.31663304193075315 28858
1647529304157 0.3164316806252356 28859
1647529305523 0.31607004272223616 28860
1647529306394 0.3165160604846587 28861
1647529307454 0.3164769490015561 28862
1647529308594 0.31662913249297575 28863
1647529310054 0.31629286571595466 28864
1647529311123 0.3165588108403189 28865
1647529312024 0.3166651757175078 28866
1647529312870 0.3169357895718089 28867
1647529313702 0.31730136056741076 28868
1647529314738 0.3172137864527449 28869
1647529315796 0.31723572957095597 28870
1647529316976 0.317063434278233 28871
1647529318179 0.31697098416272207 28872
1647529319207 0.31678170982910236 28873
1647529320115 0.3169259699263098 28874
1647529321244 0.316708335909864 28875
1647529322167 0.31707728222460196 28876
1647529323056 0.3173528828809404 28877
1647529323911 0.31743683872070716 28878
1647529324976 0.3172839438637434 28879
1647529325861 0.317628310010906 28880
1647529327265 0.317183604761332 28881
1647529328129 0.3173273334193928 28882
1647529329100 0.3171570843706528 28883
1647529329987 0.3174529795330095 28884
1647529331127 0.3173080538668908 28885
1647529332199 0.3172340564767029 28886
1647529333177 0.3170395859929382 28887
1647529334259 0.3168807867838412 28888
1647529335319 0.3170142693490517 28889
1647529336142 0.3172958023876314 28890
1647529337369 0.316932872538605 28891
1647529338266 0.31715483119688836 28892
1647529339364 0.31707200372219085 28893
1647529340417 0.3169868641878029 28894
1647529341559 0.3168965096748064 28895
1647529342519 0.3170526929994817 28896
1647529343955 0.31669017748804545 28897
1647529344776 0.31675307440991496 28898
1647529345894 0.31667932408163324 28899
1647529346946 0.3165052406170953 28900
1647529347914 0.3165815450077833 28901
1647529348780 0.31673979063061675 28902
1647529349962 0.3165812389781842 28903
1647529351379 0.3161380553610937 28904
1647529352415 0.31605338982043374 28905
1647529353458 0.3160070193357794 28906
1647529354443 0.316193449677843 28907
1647529355484 0.31634229601554154 28908
1647529356546 0.3163645658502005 28909
1647529357943 0.3159384740314234 28910
1647529358974 0.31595268473029137 28911
1647529359917 0.3160369027835286 28912
1647529361059 0.315836757587062 28913
1647529361996 0.31586563724653305 28914
1647529362914 0.3159725919694585 28915
1647529363990 0.31583936446970634 28916
1647529364941 0.3158123287079978 28917
1647529365931 0.31622055557641116 28918
1647529366815 0.3163429574797983 28919
1647529368061 0.31618763065295097 28920
1647529369483 0.31593436367220157 28921
1647529370539 0.31577950032381175 28922
1647529371636 0.3159649321011135 28923
1647529372634 0.31619641407528803 28924
1647529373882 0.31597893774932156 28925
1647529374908 0.31578772480833234 28926
1647529375854 0.31575247708340765 28927
1647529376852 0.315746891184857 28928
1647529377823 0.3156874483073508 28929
1647529378958 0.315331715013092 28930
1647529380001 0.3152207069926792 28931
1647529381131 0.3150579692170694 28932
1647529382358 0.31493950948633 28933
1647529383809 0.3145793858160268 28934
1647529384927 0.314581369547403 28935
1647529385951 0.314561165996379 28936
1647529386929 0.31464297496745375 28937
1647529388379 0.3140881643962052 28938
1647529389630 0.31386867266249013 28939
1647529390777 0.3138014654117803 28940
1647529391699 0.31399464807254357 28941
1647529392763 0.31382041382151704 28942
1647529393907 0.31359708835681277 28943
1647529395069 0.3135194420022426 28944
1647529395956 0.31376279130676726 28945
1647529396938 0.31366711097581945 28946
1647529397939 0.3138222103252223 28947
1647529398951 0.31361644043297066 28948
1647529400058 0.31358206759091295 28949
1647529401076 0.31361915777871197 28950
1647529401990 0.31386577734699495 28951
1647529402958 0.3139570587854169 28952
1647529403971 0.3139308949632029 28953
1647529404909 0.31412458726447495 28954
1647529406001 0.3140225316851567 28955
1647529406826 0.31389758324089906 28956
1647529407795 0.3138534786405077 28957
1647529408871 0.313579109689546 28958
1647529409817 0.31352053125259244 28959
1647529410756 0.3135334962644036 28960
1647529411747 0.31358165565714147 28961
1647529413091 0.31333907084031537 28962
1647529414009 0.3132619962096214 28963
1647529415124 0.3131559469803843 28964
1647529416000 0.3132103548286864 28965
1647529417073 0.3130509408634883 28966
1647529418279 0.31283502873999103 28967
1647529419687 0.3124910618708684 28968
1647529420720 0.31254157917631187 28969
1647529421742 0.3124793131781645 28970
1647529422890 0.31242965443468673 28971
1647529423933 0.3123853232904046 28972
1647529425060 0.3121151690230225 28973
1647529426142 0.3118378443480258 28974
1647529427012 0.31186832577349194 28975
1647529428280 0.3115701246279496 28976
1647529429419 0.3112505123822275 28977
1647529430507 0.31116350586734604 28978
1647529431580 0.31100471645948435 28979
1647529432967 0.31073990097208615 28980
1647529434260 0.31058456016891806 28981
1647529435310 0.31046289587970327 28982
1647529436298 0.3102764415390351 28983
1647529437747 0.3100192179777755 28984
1647529439136 0.3097667039224976 28985
1647529440035 0.31001618812973925 28986
1647529441508 0.3097602663085211 28987
1647529442641 0.3096719153981278 28988
1647529443460 0.3096762713410951 28989
1647529444455 0.3095017247309946 28990
1647529445610 0.3094808279440321 28991
1647529446776 0.3093589945645592 28992
1647529447703 0.3091811097093991 28993
1647529448714 0.3092154523840657 28994
1647529449815 0.30911660681224684 28995
1647529451013 0.3090146636912235 28996
1647529452005 0.3089505788885941 28997
1647529452954 0.3088498185637971 28998
1647529454325 0.3085759988661562 28999
1647529455687 0.30821875860544146 29000
1647529456737 0.3080308861905636 29001
1647529457798 0.3079859804476204 29002
1647529458814 0.30798129894667203 29003
1647529459966 0.30786929781086886 29004
1647529461183 0.3076780249483019 29005
1647529462056 0.30766868899183825 29006
1647529463061 0.3076900611785087 29007
1647529463976 0.3077691212500611 29008
1647529464916 0.3078751378779203 29009
1647529465844 0.30788417940081303 29010
1647529466987 0.3080233424173101 29011
1647529468201 0.3084097995263774 29012
1647529469113 0.3089017866028322 29013
1647529470235 0.30921220389819853 29014
1647529471322 0.30967070110222344 29015
1647529472774 0.30968339948967377 29016
1647529473719 0.3102626298917806 29017
1647529474708 0.3106143845319748 29018
1647529475732 0.31089420945561946 29019
1647529476984 0.31093098144158127 29020
1647529478074 0.31106589840991156 29021
1647529478963 0.31144710081705634 29022
1647529480040 0.31158108228915615 29023
1647529480958 0.31177633050389175 29024
1647529481826 0.31200613413025574 29025
1647529483226 0.3120680913990534 29026
1647529484326 0.31207609133950126 29027
1647529485446 0.312110339937272 29028
1647529486689 0.3121081113892516 29029
1647529487735 0.3122515823566944 29030
1647529488683 0.31246143821434874 29031
1647529490063 0.3124079338459245 29032
1647529491467 0.3124542588224778 29033
1647529492713 0.3123723518131944 29034
1647529493886 0.31237331355864906 29035
1647529494764 0.3127675811373854 29036
1647529495877 0.31288525844134657 29037
1647529497106 0.31286052144780946 29038
1647529498146 0.3129581938864607 29039
1647529499155 0.3131241736469101 29040
1647529500353 0.31308056979472915 29041
1647529501402 0.31332151195907354 29042
1647529502472 0.3134565431252122 29043
1647529503362 0.3137090139629835 29044
1647529504351 0.3138073242793036 29045
1647529505400 0.313791550529506 29046
1647529506330 0.3140410482514613 29047
1647529507746 0.3139823529087467 29048
1647529508707 0.31411142687638993 29049
1647529509841 0.31414117468223524 29050
1647529510987 0.31423688157662455 29051
1647529511907 0.31430685312503126 29052
1647529512890 0.3145366364499418 29053
1647529513879 0.3146910323351259 29054
1647529514910 0.31481400171963914 29055
1647529516058 0.31477557909257764 29056
1647529517063 0.31496504132730374 29057
1647529518442 0.3149505127984357 29058
1647529519576 0.3150354061777202 29059
1647529520820 0.3148428706599654 29060
1647529521922 0.3148085051817757 29061
1647529522777 0.31504386282906044 29062
1647529523793 0.3150796396036943 29063
1647529525118 0.31512650171396567 29064
1647529526168 0.31520487301016303 29065
1647529527578 0.3150796572860533 29066
1647529528496 0.31513728584461614 29067
1647529529566 0.31530431919238144 29068
1647529530592 0.31544663897002806 29069
1647529531716 0.3155093214341572 29070
1647529532757 0.3155484741605888 29071
1647529533982 0.3155473910081081 29072
1647529535112 0.3155350214173627 29073
1647529536556 0.3154305309886999 29074
1647529537611 0.3154913486774873 29075
1647529538486 0.3155588423338553 29076
1647529539527 0.3156614290198423 29077
1647529540715 0.31571837187498464 29078
1647529541788 0.315779672337508 29079
1647529542979 0.31575731960395925 29080
1647529544047 0.31573625919345305 29081
1647529544985 0.3158215199149551 29082
1647529545891 0.31610571474514226 29083
1647529546912 0.31620246513225053 29084
1647529548003 0.3161725920721956 29085
1647529549094 0.3162490460121874 29086
1647529550333 0.31631844373302415 29087
1647529551485 0.3165022985653931 29088
1647529552563 0.3165607620448275 29089
1647529553542 0.3166261903058229 29090
1647529554612 0.31665402255021036 29091
1647529555491 0.31681656781044726 29092
1647529556475 0.31712728609641394 29093
1647529557568 0.3171044071008784 29094
1647529558761 0.31707572300745324 29095
1647529560086 0.3170489089575824 29096
1647529561277 0.31706414201054806 29097
1647529562177 0.31728192892048385 29098
1647529563244 0.3172946253039858 29099
1647529564063 0.3175567023668039 29100
1647529565164 0.31766662278159735 29101
1647529566300 0.3177420901122436 29102
1647529567482 0.3176740170496961 29103
1647529568648 0.317602410524631 29104
1647529570002 0.3175347473520737 29105
1647529571134 0.31757792486099135 29106
1647529572253 0.3176589182674371 29107
1647529573369 0.3177158850815988 29108
1647529574763 0.31761189351905567 29109
1647529575895 0.3177335131155602 29110
1647529576861 0.31787542084980214 29111
1647529578099 0.31782496188368115 29112
1647529578981 0.3179438974312011 29113
1647529580374 0.3179055989231527 29114
1647529581621 0.3179055955892397 29115
1647529582981 0.3178906913602579 29116
1647529584065 0.3178839607769427 29117
1647529585176 0.3179167179998599 29118
1647529586086 0.3180595599740994 29119
1647529587157 0.31802580119803764 29120
1647529588223 0.3180447791597833 29121
1647529589263 0.3181091165306175 29122
1647529590223 0.3182221881734828 29123
1647529591570 0.31816831587382016 29124
1647529592938 0.31805715913965493 29125
1647529594255 0.3179609808554067 29126
1647529595380 0.31791262842776363 29127
1647529596564 0.3178856881930656 29128
1647529597713 0.3178795283284698 29129
1647529599146 0.3177632817069118 29130
1647529600111 0.3179247173190605 29131
1647529601194 0.31787873195114796 29132
1647529602096 0.3180064498465888 29133
1647529603244 0.31802929021311876 29134
1647529604414 0.31804693990000865 29135
1647529605547 0.3180164117177166 29136
1647529606740 0.31794591124361826 29137
1647529608100 0.3178045577774144 29138
1647529609501 0.31776802160687023 29139
1647529610681 0.3176872010981773 29140
1647529611774 0.31775181997851676 29141
1647529612993 0.31763275517132095 29142
1647529614291 0.31763118717074396 29143
1647529615325 0.3175898650865593 29144
1647529616489 0.3178438042323903 29145
1647529617589 0.3181762782704996 29146
1647529618861 0.3182999138971643 29147
1647529619877 0.31860662772513854 29148
1647529620899 0.3189018350757158 29149
1647529621882 0.3191929018415173 29150
1647529623067 0.31938897346065737 29151
1647529624249 0.31951216065227867 29152
1647529625469 0.3195460593875717 29153
1647529626454 0.31985501338474437 29154
1647529627602 0.3200095052307006 29155
1647529628700 0.3202008193405981 29156
1647529629820 0.32036888300792715 29157
1647529631086 0.3204471748720095 29158
1647529632068 0.32057329668670664 29159
1647529633077 0.3208261630578936 29160
1647529634536 0.32079648197732835 29161
1647529635538 0.32100422370295995 29162
1647529636688 0.3210387389533795 29163
1647529637765 0.32118407844238683 29164
1647529639010 0.3211331876472952 29165
1647529640224 0.3210937331500063 29166
1647529641285 0.3211277034844606 29167
1647529642369 0.3212225573687326 29168
1647529643499 0.32133737753212677 29169
1647529644762 0.32143303042231747 29170
1647529645996 0.3215944649877422 29171
1647529646826 0.3218769169991769 29172
1647529647812 0.322175225306232 29173
1647529648814 0.32241308551611425 29174
1647529649944 0.32254786719393014 29175
1647529651060 0.32265194554378124 29176
1647529652215 0.322835419759545 29177
1647529653264 0.3229091100882147 29178
1647529654736 0.32293916652118093 29179
1647529656174 0.3228838778130391 29180
1647529657197 0.32314505295128626 29181
1647529658371 0.3232677944128942 29182
1647529659260 0.32347446136452535 29183
1647529660336 0.3235583542510454 29184
1647529661433 0.3235346401364601 29185
1647529662586 0.32355948824360004 29186
1647529663560 0.3238220720771043 29187
1647529664661 0.3239567818171387 29188
1647529666087 0.32389924260395353 29189
1647529667283 0.32390804572449744 29190
1647529668339 0.32400760345541646 29191
1647529669533 0.3240323172295246 29192
1647529670693 0.32419327147982335 29193
1647529671904 0.324304381943225 29194
1647529673239 0.3242932309437057 29195
1647529674173 0.3244633934650887 29196
1647529675636 0.32439307602196393 29197
1647529676804 0.3244806918743494 29198
1647529677975 0.32463160561893484 29199
1647529679130 0.3247020660065235 29200
1647529680209 0.32477402438720065 29201
1647529681298 0.3248438793292839 29202
1647529682460 0.3249072031517114 29203
1647529683729 0.3248504806914219 29204
1647529684841 0.32486797039300946 29205
1647529685994 0.3250226055802926 29206
1647529687405 0.3249227135369541 29207
1647529688842 0.3248059374832474 29208
1647529689968 0.32497529803969416 29209
1647529690869 0.32512489258191785 29210
1647529691861 0.3251999104789025 29211
1647529693316 0.325128678199696 29212
1647529694496 0.32512251329526565 29213
1647529695624 0.325160652007614 29214
1647529696629 0.3252966192166705 29215
1647529697797 0.32532071196075923 29216
1647529698954 0.32533337868983736 29217
1647529700369 0.32520954839561295 29218
1647529701456 0.32539393812314504 29219
1647529702932 0.3253241804536542 29220
1647529704063 0.32539463478904285 29221
1647529705125 0.3255532906102805 29222
1647529706311 0.3256670688503775 29223
1647529707704 0.32564834060336556 29224
1647529708680 0.32572854806979495 29225
1647529709608 0.325879550895192 29226
1647529710607 0.32595337934996166 29227
1647529711773 0.32603672857467947 29228
1647529712926 0.3261307104913448 29229
1647529714209 0.3262688479746424 29230
1647529715347 0.3262914287648639 29231
1647529716427 0.32630987991602595 29232
1647529717346 0.32647774813033764 29233
1647529718506 0.32652479402607465 29234
1647529719529 0.32658895137845667 29235
1647529720611 0.32660451915875255 29236
1647529721657 0.3267314844711461 29237
1647529722720 0.32676359507717007 29238
1647529723893 0.32683573410715033 29239
1647529724958 0.3268371526669817 29240
1647529726070 0.3269131369265824 29241
1647529727229 0.327019570840022 29242
1647529728590 0.32696091420948503 29243
1647529729605 0.32698983868921855 29244
1647529730850 0.3270498442144885 29245
1647529732048 0.3271891652895246 29246
1647529733097 0.3272078564476888 29247
1647529734470 0.3271212271176094 29248
1647529735453 0.3272109256178239 29249
1647529736905 0.32713489661597733 29250
1647529738246 0.3271146899236268 29251
1647529739227 0.32722201074774826 29252
1647529740326 0.3272581516474974 29253
1647529741276 0.32740940909631516 29254
1647529742341 0.3275131887811072 29255
1647529743515 0.3275444583198569 29256
1647529744570 0.3275781544441121 29257
1647529745598 0.3276211999538468 29258
1647529746940 0.32755094715817407 29259
1647529748420 0.3274372696055392 29260
1647529749445 0.32751611316377677 29261
1647529750498 0.327535713551888 29262
1647529751461 0.32762232401197955 29263
1647529752610 0.32762164657338616 29264
1647529753745 0.3276682185829644 29265
1647529754900 0.3277253084494635 29266
1647529756010 0.3278023314733918 29267
1647529757136 0.3278598811388016 29268
1647529758253 0.3279248420565654 29269
1647529759447 0.3279575046502422 29270
1647529760583 0.32796495044781904 29271
1647529761843 0.32787792938976107 29272
1647529763146 0.3278444850492099 29273
1647529764055 0.3279822605017059 29274
1647529765478 0.3278128782027884 29275
1647529766519 0.3278371926167565 29276
1647529767735 0.3278125886943438 29277
1647529768630 0.3279014891996158 29278
1647529770015 0.3278300906033636 29279
1647529771165 0.327924195741372 29280
1647529772219 0.32798878713087604 29281
1647529773274 0.32811736832015764 29282
1647529774388 0.3281625737901777 29283
1647529775479 0.3281402210363546 29284
1647529776931 0.328026975844508 29285
1647529778000 0.3281374214967339 29286
1647529779140 0.32818137803433106 29287
1647529780544 0.3280770982882773 29288
1647529781739 0.3281090438089134 29289
1647529782892 0.3280571644788916 29290
1647529784026 0.32803956667582196 29291
1647529785467 0.3279575905741088 29292
1647529786629 0.3280065002349707 29293
1647529787902 0.32792557228911673 29294
1647529789308 0.32777272199103435 29295
1647529790460 0.3278640160653712 29296
1647529791434 0.32796457963525705 29297
1647529792638 0.3279843382935488 29298
1647529794053 0.3278351495405886 29299
1647529795039 0.32804236271882165 29300
1647529796094 0.32813349391098806 29301
1647529797276 0.328204101853197 29302
1647529798440 0.3281853740639759 29303
1647529799570 0.32811129668025857 29304
1647529800711 0.32805297235617825 29305
1647529802109 0.3279437365889729 29306
1647529803225 0.3280480180204992 29307
1647529804304 0.32808093574262204 29308
1647529805257 0.32823078282871043 29309
1647529806244 0.32835129044134576 29310
1647529807344 0.3284279155115524 29311
1647529808292 0.32858986123527645 29312
1647529809428 0.3286107080418672 29313
1647529810485 0.32861868437551706 29314
1647529811851 0.3285108014630775 29315
1647529813131 0.3284649960309223 29316
1647529814245 0.3284720989601902 29317
1647529815517 0.3284504899934486 29318
1647529816626 0.32851833098474337 29319
1647529817563 0.3286485192826791 29320
1647529818736 0.32860667900261975 29321
1647529819765 0.32868110973371495 29322
1647529821240 0.32868937646203183 29323
1647529822395 0.3288387885309001 29324
1647529823467 0.3291218100536254 29325
1647529824903 0.3291412390997609 29326
1647529825935 0.32928663023818305 29327
1647529827255 0.3292959507146891 29328
1647529828321 0.3294528383685618 29329
1647529829399 0.3296614727642512 29330
1647529830600 0.3295403335156829 29331
1647529831716 0.32954451299025117 29332
1647529832938 0.3294965687869252 29333
1647529834383 0.3294067328900918 29334
1647529835361 0.3294765099538544 29335
1647529836393 0.32957153183557253 29336
1647529837381 0.32960720175624925 29337
1647529838585 0.32963854018732797 29338
1647529839686 0.32965269337954195 29339
1647529840629 0.32973019964725764 29340
1647529841722 0.32968855032265015 29341
1647529842844 0.32968584734823914 29342
1647529843728 0.329777792096138 29343
1647529844658 0.32987081885507885 29344
1647529845648 0.329932850268152 29345
1647529846673 0.33001925973261403 29346
1647529847732 0.3299931896511804 29347
1647529848695 0.3299850930558874 29348
1647529849777 0.3299460731467849 29349
1647529850927 0.3298896475677949 29350
1647529852048 0.3299547462476849 29351
1647529852964 0.33003382634881184 29352
1647529853972 0.33010269504197887 29353
1647529854938 0.3301598443093012 29354
1647529855894 0.33024318093496763 29355
1647529856910 0.33021468730828873 29356
1647529857931 0.33028156141273113 29357
1647529858904 0.33029996636030556 29358
1647529860011 0.33020576339360724 29359
1647529861222 0.3301397537919102 29360
1647529862616 0.3299772953381113 29361
1647529863606 0.3299796353916797 29362
1647529864656 0.3299695948138833 29363
1647529865845 0.3299667185247358 29364
1647529866895 0.3299623559180059 29365
1647529867795 0.3300118640704109 29366
1647529868733 0.3300667655607943 29367
1647529869629 0.3302345110424634 29368
1647529870566 0.33024332988442795 29369
1647529871468 0.3303205852372446 29370
1647529872624 0.33024450147954315 29371
1647529873446 0.3303152483227485 29372
1647529874370 0.3303576187524077 29373
1647529875434 0.3303226323647962 29374
1647529876772 0.3302180058847034 29375
1647529877921 0.33014577295819214 29376
1647529878931 0.33016400284841857 29377
1647529879967 0.33010593857489473 29378
1647529880861 0.3302015757147709 29379
1647529881938 0.33015818598716845 29380
1647529883167 0.3300457346810881 29381
1647529884546 0.3299174166217708 29382
1647529885694 0.3298559415783431 29383
1647529886716 0.32983593276718204 29384
1647529887722 0.32987097835524704 29385
1647529888920 0.3297817638672858 29386
1647529889811 0.3297754462648143 29387
1647529891051 0.32971307473294686 29388
1647529892100 0.3297581371649021 29389
1647529893172 0.32980701476933966 29390
1647529894326 0.32980870692567393 29391
1647529895398 0.3297900214731614 29392
1647529896315 0.3298321647842725 29393
1647529897171 0.32993979077443936 29394
1647529898360 0.32990322188731835 29395
1647529899757 0.329810605165493 29396
1647529900661 0.3298640577443715 29397
1647529901676 0.32981767080082797 29398
1647529902779 0.32977390515977745 29399
1647529903756 0.32984583489252367 29400
1647529904663 0.3298753694014373 29401
1647529905711 0.3299445841112941 29402
1647529906788 0.32987032773855485 29403
1647529907826 0.3298895463406178 29404
1647529908654 0.3299121780228114 29405
1647529909591 0.3299525873650105 29406
1647529910507 0.3300070640733417 29407
1647529911469 0.33003516538080824 29408
1647529912466 0.33005137980840227 29409
1647529913429 0.33006359485246367 29410
1647529914255 0.33017769139648107 29411
1647529915475 0.3300977310720439 29412
1647529916435 0.3301035512383882 29413
1647529917402 0.3301315053852925 29414
1647529918405 0.3301247094463499 29415
1647529919420 0.33014691741546714 29416
1647529920328 0.33019303060702265 29417
1647529921401 0.33008560155668565 29418
1647529922453 0.330036458876176 29419
1647529923452 0.3300602046564279 29420
1647529924372 0.33012673498195977 29421
1647529925296 0.330234599453953 29422
1647529926708 0.3301038488554649 29423
1647529927599 0.33021310977303875 29424
1647529928583 0.3302207034452797 29425
1647529929779 0.33013034877420844 29426
1647529930736 0.33017335450086666 29427
1647529931676 0.3302346249105065 29428
1647529933081 0.33010188488256537 29429
1647529933938 0.3301582167154649 29430
1647529934845 0.33019422104364726 29431
1647529935775 0.3301842123534441 29432
1647529936684 0.3302372915080831 29433
1647529937590 0.3302516886768992 29434
1647529938491 0.330307692590386 29435
1647529939416 0.3303823789386701 29436
1647529940306 0.3305170805538331 29437
1647529941259 0.3305970231317124 29438
1647529942103 0.33073597925541987 29439
1647529943104 0.33072438548170635 29440
1647529943975 0.3306765159718076 29441
1647529945019 0.3306439364135489 29442
1647529946054 0.3307044115290046 29443
1647529947112 0.3307350424493892 29444
1647529947983 0.3307923463143018 29445
1647529949017 0.3308511827683835 29446
1647529950138 0.3308744844586695 29447
1647529951260 0.3308313162060258 29448
1647529952255 0.33090735506035257 29449
1647529953702 0.33080483906552693 29450
1647529954883 0.3307831826075764 29451
1647529955743 0.33077335274779457 29452
1647529956674 0.33081422170371183 29453
1647529957775 0.3307905543857379 29454
1647529958647 0.3308229102693461 29455
1647529959627 0.33087113468482776 29456
1647529960631 0.33091070546931073 29457
1647529961580 0.3309030611273701 29458
1647529962638 0.3308934841268495 29459
1647529963748 0.3309127203436201 29460
1647529965145 0.33076669213824283 29461
1647529966252 0.3307171600060003 29462
1647529967330 0.33067313821577443 29463
1647529968274 0.3306698148636812 29464
1647529969343 0.33069412816324956 29465
1647529970508 0.3306700127744733 29466
1647529971497 0.3306980373934635 29467
1647529972430 0.33075040752237495 29468
1647529973632 0.3306301424672182 29469
1647529974774 0.3306184877903891 29470
1647529975947 0.33055595551495964 29471
1647529976920 0.3306369688923598 29472
1647529977991 0.33054638488824106 29473
1647529979065 0.3304855723637823 29474
1647529979976 0.33049030295716453 29475
1647529981126 0.3304560188950897 29476
1647529982191 0.33045653421744453 29477
1647529983284 0.3304467576528024 29478
1647529984198 0.33045003062301276 29479
1647529985238 0.33044179513819044 29480
1647529986169 0.33040707732655267 29481
1647529987130 0.33035653763860284 29482
1647529988068 0.33039333474423205 29483
1647529989175 0.3303661258375177 29484
1647529990213 0.3303739676813898 29485
1647529991307 0.3303227219399184 29486
1647529992479 0.3302919458403689 29487
1647529993352 0.330354486044342 29488
1647529994389 0.3303970735581772 29489
1647529995251 0.33040621164205364 29490
1647529996068 0.3304056399941163 29491
1647529997113 0.3303854539025097 29492
1647529998144 0.3303525418218444 29493
1647529999095 0.33040421264362113 29494
1647530000030 0.3303531490686074 29495
1647530000975 0.3304089413473223 29496
1647530001877 0.3304782037817343 29497
1647530002930 0.3304935115296938 29498
1647530003851 0.3304996112901195 29499
1647530004829 0.33056797414079153 29500
1647530005751 0.33065833826929264 29501
1647530006756 0.3306537919848012 29502
1647530008133 0.3305707370645778 29503
1647530009311 0.3304928445822963 29504
1647530010229 0.3305274837427792 29505
1647530011186 0.3305701273444906 29506
1647530012268 0.3306061860898303 29507
1647530013365 0.33070215567343497 29508
1647530014500 0.33067948171572104 29509
1647530015660 0.3306478405459392 29510
1647530016572 0.3306963322383742 29511
1647530017734 0.330629865391345 29512
1647530018811 0.3306271924198359 29513
1647530019809 0.33067212331650864 29514
1647530020718 0.3306795349259169 29515
1647530021922 0.33064526792312676 29516
1647530022882 0.33064447355284027 29517
1647530023978 0.3306423899616514 29518
1647530025273 0.33054622378387405 29519
1647530026396 0.3304549666671688 29520
1647530027640 0.3304154938744521 29521
1647530028804 0.33033805712633707 29522
1647530029745 0.33040845008058983 29523
1647530030705 0.33038907526029226 29524
1647530031688 0.33040139528494034 29525
1647530032742 0.33036213434836065 29526
1647530033764 0.330391008390021 29527
1647530034793 0.33038218337937264 29528
1647530035881 0.33040630299404566 29529
1647530036931 0.3304055464845634 29530
1647530038015 0.3303475202405238 29531
1647530038927 0.3303509784026409 29532
1647530039982 0.33040406747480455 29533
1647530040982 0.330468807256583 29534
1647530042091 0.3304950633324315 29535
1647530043182 0.33053289358853494 29536
1647530044225 0.3305880666045801 29537
1647530045333 0.3305642691071473 29538
1647530046405 0.33050738564426346 29539
1647530047410 0.3305168084077612 29540
1647530048472 0.3305144628596996 29541
1647530049312 0.33057186590948945 29542
1647530050245 0.33057186189625 29543
1647530051340 0.33054699011965677 29544
1647530052433 0.3305080543930938 29545
1647530053638 0.3304384181797834 29546
1647530054523 0.3304905445372636 29547
1647530055708 0.3304215412442855 29548
1647530056957 0.33033692724920527 29549
1647530057935 0.3303912736417966 29550
1647530058981 0.330444664485129 29551
1647530059931 0.3303861801970516 29552
1647530061123 0.33034604892625913 29553
1647530062037 0.3303975300325651 29554
1647530062926 0.3304349746751158 29555
1647530063798 0.3304395024447425 29556
1647530064726 0.3304756354190067 29557
1647530065646 0.3304908716939186 29558
1647530066755 0.3304244979044756 29559
1647530067713 0.3304535285727148 29560
1647530068636 0.3305168160945502 29561
1647530069537 0.33061101442452223 29562
1647530070869 0.3305614916202815 29563
1647530071749 0.3305278743711279 29564
1647530072826 0.3305175352574946 29565
1647530074268 0.33041234688988746 29566
1647530075393 0.3303966171136408 29567
1647530076523 0.3304199740210095 29568
1647530077545 0.3304117847048953 29569
1647530078368 0.3304494690258526 29570
1647530079458 0.33042387338355184 29571
1647530080613 0.33036886059365306 29572
1647530081733 0.33030155555855845 29573
1647530082825 0.330319286945299 29574
1647530084298 0.33024111705084724 29575
1647530085188 0.33026527347480367 29576
1647530086514 0.33021708753366796 29577
1647530087515 0.33020688934440917 29578
1647530088769 0.33013534725794935 29579
1647530089970 0.33004110219829746 29580
1647530090946 0.3300242095963279 29581
1647530091933 0.3300167839970198 29582
1647530093201 0.3298883280062929 29583
1647530094227 0.32995204177787024 29584
1647530095321 0.3298928584990481 29585
1647530096132 0.32992943595158586 29586
1647530097003 0.32998905379830273 29587
1647530097955 0.32997478516328904 29588
1647530099000 0.32991622011895916 29589
1647530099989 0.32993328456453186 29590
1647530101112 0.3298663001366054 29591
1647530102182 0.32984705021245714 29592
1647530103227 0.32983134760668403 29593
1647530104143 0.3298141002247637 29594
1647530105072 0.3298094346649757 29595
1647530106299 0.3297674335844244 29596
1647530107178 0.3298422981139499 29597
1647530108197 0.32985562421576514 29598
1647530109088 0.3298654899344035 29599
1647530110047 0.3299301932006296 29600
1647530111282 0.3298757091040153 29601
1647530112317 0.32987831355819364 29602
1647530113308 0.3299003327731043 29603
1647530114360 0.329892121371692 29604
1647530115242 0.32994959549881564 29605
1647530116321 0.3299776383309102 29606
1647530117344 0.33008017429610503 29607
1647530118224 0.33012876598637336 29608
1647530119635 0.3300337135699225 29609
1647530120782 0.33004156906146176 29610
1647530121789 0.33009495929437727 29611
1647530122671 0.3301688316282965 29612
1647530123908 0.33011889440804415 29613
1647530124773 0.3301578679886463 29614
1647530125735 0.3301585296575179 29615
1647530126649 0.3302396647517262 29616
1647530127691 0.33025029174662224 29617
1647530128726 0.3302551635870567 29618
1647530129663 0.33033396815117755 29619
1647530130615 0.33035938957269506 29620
1647530131717 0.3303411581795396 29621
1647530132617 0.33042206859503387 29622
1647530133631 0.330441105016032 29623
1647530134672 0.3304254377562701 29624
1647530135759 0.3303928126233901 29625
1647530136656 0.3304433857951984 29626
1647530137574 0.33047084520926806 29627
1647530138657 0.33044985252891096 29628
1647530139542 0.33049055865945004 29629
1647530140727 0.33049166865322244 29630
1647530142085 0.3304122077519836 29631
1647530143118 0.33041417994983757 29632
1647530144128 0.33037122074100705 29633
1647530145263 0.3303530322224293 29634
1647530146483 0.3303228341673891 29635
1647530147609 0.33028796532783145 29636
1647530148628 0.3303410905737512 29637
1647530149819 0.3303595885110261 29638
1647530151002 0.3303605857413696 29639
1647530152019 0.3303543506647902 29640
1647530152956 0.3304449692667128 29641
1647530154464 0.3305606915875598 29642
1647530155986 0.33062182630598547 29643
1647530157525 0.33067786912401237 29644
1647530158777 0.33083693345566234 29645
1647530159969 0.33102472667263844 29646
1647530161464 0.3311404017546025 29647
1647530162558 0.3312988971448063 29648
1647530163720 0.33144023844131654 29649
1647530165018 0.33143906919757327 29650
1647530166063 0.3315625328363644 29651
1647530167332 0.3316044728423961 29652
1647530168716 0.33157231106911556 29653
1647530169720 0.33169570610914695 29654
1647530170786 0.3317686249998954 29655
1647530171964 0.3318496635818058 29656
1647530173037 0.3319120053385607 29657
1647530174049 0.33201497010703157 29658
1647530175342 0.3319638123750452 29659
1647530176506 0.33203694199449074 29660
1647530177484 0.3320814729000356 29661
1647530178639 0.33205349693646957 29662
1647530179823 0.33210322890503735 29663
1647530180746 0.33218944865214134 29664
1647530181805 0.33222816757668255 29665
1647530182856 0.3322738069505636 29666
1647530183930 0.33231389326101635 29667
1647530184890 0.3323715487776733 29668
1647530185789 0.3324377659788141 29669
1647530186737 0.3324742515253115 29670
1647530187923 0.33242077442748535 29671
1647530189138 0.3323454130060819 29672
1647530190088 0.3323603482935035 29673
1647530191298 0.3323234323878293 29674
1647530192351 0.332350261581614 29675
1647530193405 0.33236095798269477 29676
1647530194469 0.33233807331069987 29677
1647530195454 0.3323092751312947 29678
1647530196407 0.33225816834904975 29679
1647530197426 0.33229773703571 29680
1647530198608 0.33219352855503215 29681
1647530199693 0.33215246726046166 29682
1647530200715 0.3321476423109953 29683
1647530201762 0.33213512300299863 29684
1647530202647 0.33209417917678086 29685
1647530203457 0.33211876404822616 29686
1647530204615 0.3320735222249652 29687
1647530205530 0.332042991886869 29688
1647530206956 0.3319038511262797 29689
1647530208046 0.331885153251596 29690
1647530209209 0.33180832167561275 29691
1647530210340 0.3317232567912857 29692
1647530211326 0.3317671462325823 29693
1647530212646 0.33173746977898194 29694
1647530213811 0.3317314882837094 29695
1647530214721 0.3316907289898747 29696
1647530215754 0.3316568563598609 29697
1647530216633 0.33164774641323996 29698
1647530217713 0.3316358968643754 29699
1647530219166 0.33152924134072653 29700
1647530220017 0.3315315713475692 29701
1647530221417 0.3314316931538586 29702
1647530222305 0.33140766075197253 29703
1647530223405 0.33135360636652694 29704
1647530224373 0.3313171535505862 29705
1647530225257 0.3312489099078658 29706
1647530226078 0.33123262884809557 29707
1647530227014 0.33114613311391483 29708
1647530227990 0.3311195321814428 29709
1647530229197 0.33106931382065746 29710
1647530230120 0.33109849512800293 29711
1647530231275 0.331005077199249 29712
1647530232295 0.33092736179862065 29713
1647530233185 0.3309277869155761 29714
1647530234291 0.330838137347974 29715
1647530235278 0.3308399869866829 29716
1647530236393 0.33080087260827007 29717
1647530237401 0.3307486096371052 29718
1647530238292 0.33073779835355327 29719
1647530239131 0.3307645414975803 29720
1647530240148 0.33076233470705313 29721
1647530241127 0.33076852319746575 29722
1647530242037 0.3307393105493652 29723
1647530243075 0.3307262822282634 29724
1647530244115 0.3306905074447889 29725
1647530245131 0.33069123618050184 29726
1647530246042 0.3306663409425324 29727
1647530247112 0.33065314784577365 29728
1647530247946 0.33066646757485896 29729
1647530249081 0.3306210825173484 29730
1647530250289 0.33056672662496567 29731
1647530251407 0.3305131814368172 29732
1647530252254 0.3305122986846014 29733
1647530253155 0.33052038911501275 29734
1647530254325 0.33044606646447827 29735
1647530255319 0.33042431676595013 29736
1647530256496 0.3303415632144407 29737
1647530257532 0.33024477453808804 29738
1647530258634 0.33025689573999306 29739
1647530259609 0.33026899076801275 29740
1647530260630 0.3303293804409074 29741
1647530261754 0.3303734084304839 29742
1647530262837 0.33044292730363933 29743
1647530264019 0.3305065384867189 29744
1647530265071 0.33065550255093945 29745
1647530265988 0.3308202674712037 29746
1647530267117 0.33088602788368426 29747
1647530267935 0.3309561460131434 29748
1647530269097 0.3309476542241103 29749
1647530270194 0.3309777853261703 29750
1647530271048 0.3310773118066228 29751
1647530272018 0.3312299899064925 29752
1647530273067 0.3312656771895048 29753
1647530274440 0.3312623939274883 29754
1647530275428 0.3313267409345872 29755
1647530276393 0.33134870166887814 29756
1647530277546 0.3313641506824074 29757
1647530278943 0.33135573111574745 29758
1647530280133 0.33135871091143204 29759
1647530281556 0.33130635614627796 29760
1647530282643 0.3313479517488232 29761
1647530283895 0.33130375151393454 29762
1647530284972 0.3313383920251259 29763
1647530285927 0.3314230481260701 29764
1647530286794 0.3315063003789295 29765
1647530287667 0.3316781492845777 29766
1647530288661 0.331775841989233 29767
1647530289801 0.3318025970591439 29768
1647530291193 0.3317412431641328 29769
1647530292220 0.3318216771469142 29770
1647530293238 0.33187004103464013 29771
1647530294331 0.33193064054046933 29772
1647530295440 0.3319922104214145 29773
1647530296686 0.3320010676650638 29774
1647530297649 0.3321667528536842 29775
1647530298817 0.33224514530542565 29776
1647530299857 0.3323636781785644 29777
1647530301065 0.33245074773937594 29778
1647530302033 0.3325660499075139 29779
1647530302992 0.33269091485200897 29780
1647530304046 0.332811445115635 29781
1647530305108 0.3328538691531785 29782
1647530306176 0.3329657590049401 29783
1647530307191 0.3329996050945193 29784
1647530308145 0.33309482704789334 29785
1647530309499 0.3330855951925588 29786
1647530310885 0.33307118978273204 29787
1647530312091 0.33305872448406887 29788
1647530313113 0.33308297277381077 29789
1647530314095 0.33317502217128575 29790
1647530315029 0.33329756834417684 29791
1647530316076 0.3334481674785506 29792
1647530317198 0.3334917078199594 29793
1647530318451 0.3334252868109843 29794
1647530319583 0.33337688773301327 29795
1647530320912 0.3333676137282139 29796
1647530322164 0.3333832241039549 29797
1647530323214 0.3333808070008373 29798
1647530324648 0.33334843016464816 29799
1647530325896 0.3333360488005723 29800
1647530327033 0.33336851704666237 29801
1647530328148 0.33342087244401214 29802
1647530329421 0.3333869998182716 29803
1647530330512 0.3334000360519079 29804
1647530331561 0.3334437946367387 29805
1647530332699 0.3334683160508181 29806
1647530333685 0.3336003891150771 29807
1647530334763 0.33358103227461866 29808
1647530335999 0.3335164537330639 29809
1647530337009 0.3335478756171368 29810
1647530338103 0.33358423453947045 29811
1647530339127 0.3336352715515703 29812
1647530340227 0.33370342694031885 29813
1647530341158 0.3337967609183387 29814
1647530342123 0.33386834185735764 29815
1647530343269 0.33391839490674646 29816
1647530344300 0.33394003458943033 29817
1647530345430 0.3339699228900544 29818
1647530346206 0.3341539146467334 29819
1647530347224 0.33420760124390064 29820
1647530348551 0.33413661797554667 29821
1647530349545 0.3341916958920727 29822
1647530350534 0.33423148685340154 29823
1647530351735 0.3342156610960278 29824
1647530352776 0.33423608278007877 29825
1647530353734 0.33425180258785175 29826
1647530354774 0.33422664664937435 29827
1647530356155 0.33415568504906906 29828
1647530357104 0.3342216700742659 29829
1647530358254 0.3342264652528377 29830
1647530359639 0.33414270501797044 29831
1647530360666 0.33417252562094174 29832
1647530361781 0.33413884355490947 29833
1647530362855 0.3341010038613472 29834
1647530363929 0.3341265060632621 29835
1647530364866 0.334148562501582 29836
1647530365886 0.3341576059534522 29837
1647530366817 0.3341343488029855 29838
1647530367869 0.33412477562210235 29839
1647530368984 0.3340997643513588 29840
1647530369886 0.334199477005781 29841
1647530370807 0.3342433205811156 29842
1647530371967 0.33421026650816205 29843
1647530372957 0.33423931725465883 29844
1647530374122 0.33418050558366713 29845
1647530375112 0.3341879237099479 29846
1647530376004 0.3342568885126581 29847
1647530376898 0.33430206205587665 29848
1647530377818 0.3342900968729758 29849
1647530378881 0.33428241300158196 29850
1647530379955 0.3342435948229981 29851
1647530380947 0.33427573760202645 29852
1647530381945 0.3343114593674329 29853
1647530382851 0.33433640737803294 29854
1647530383843 0.33438640585777785 29855
1647530384833 0.3344310068410974 29856
1647530385755 0.3345101783190174 29857
1647530386874 0.3345019104672067 29858
1647530387667 0.33452501595265377 29859
1647530388817 0.33452539385932334 29860
1647530389787 0.3345731564954975 29861
1647530390897 0.3345614430281449 29862
1647530391980 0.3345431766426954 29863
1647530392993 0.3345268118903834 29864
1647530394070 0.33453283283353435 29865
1647530395033 0.3345671774589518 29866
1647530395979 0.3345701339612015 29867
1647530397032 0.33454012032674285 29868
1647530398030 0.33459942780593094 29869
1647530399086 0.33459173798706826 29870
1647530400164 0.33454745754308346 29871
1647530401206 0.3345181026213338 29872
1647530402283 0.33451168472931636 29873
1647530403172 0.3345300259505899 29874
1647530404142 0.3345195371294757 29875
1647530405214 0.33450045699475744 29876
1647530406213 0.3344988264203844 29877
1647530407196 0.33448723478597187 29878
1647530408593 0.3344147642863414 29879
1647530409650 0.3344218135723301 29880
1647530410583 0.33444853436340233 29881
1647530411811 0.3344208792850219 29882
1647530412830 0.3343883172518784 29883
1647530413809 0.3344069060709667 29884
1647530415064 0.33434932554161684 29885
1647530416420 0.3342758577889429 29886
1647530417640 0.33420891042834694 29887
1647530418702 0.3342053633497422 29888
1647530419571 0.33424153389412176 29889
1647530420758 0.33422054046856087 29890
1647530421697 0.33422936684189314 29891
1647530422645 0.3342561196980236 29892
1647530423525 0.33434030178785323 29893
1647530424444 0.3343893573414698 29894
1647530425325 0.33449342952797206 29895
1647530426731 0.3344036666445987 29896
1647530427936 0.33445264747220743 29897
1647530428980 0.3345048709813342 29898
1647530429928 0.334586323387209 29899
1647530431354 0.33452637526803103 29900
1647530432486 0.3345517548947152 29901
1647530433691 0.334517715029815 29902
1647530434886 0.3345608465846569 29903
1647530435839 0.33464522822852366 29904
1647530437224 0.33462272250283914 29905
1647530438425 0.33460313370797906 29906
1647530439896 0.33454376960149673 29907
1647530441355 0.33447372854462726 29908
1647530442748 0.33446810341559313 29909
1647530443832 0.33453575030686633 29910
1647530444873 0.3345496563317272 29911
1647530446354 0.334474333998629 29912
1647530447370 0.33456181399230883 29913
1647530448476 0.33457946490106577 29914
1647530449856 0.33452704751500917 29915
1647530451162 0.33454092989404277 29916
1647530452156 0.3346290401120201 29917
1647530453141 0.33467403434070886 29918
1647530454191 0.3347185845355442 29919
1647530455341 0.33472665104673727 29920
1647530456585 0.3346717835568673 29921
1647530457890 0.3346346702377157 29922
1647530459082 0.33464600566076114 29923
1647530460144 0.3346642398513173 29924
1647530461292 0.3347100079315315 29925
1647530462406 0.33470074783659315 29926
1647530463939 0.3346460457554673 29927
1647530465014 0.33464263272888467 29928
1647530466118 0.3346121706891208 29929
1647530467208 0.3345911266063662 29930
1647530468250 0.33459954744679216 29931
1647530469256 0.3346322304731751 29932
1647530470470 0.3345840681546418 29933
1647530471538 0.3345837807189024 29934
1647530472613 0.3346268354854532 29935
1647530474018 0.3345534227909455 29936
1647530475198 0.3344936967932459 29937
1647530476292 0.3345333761345005 29938
1647530477325 0.3345688315752296 29939
1647530478372 0.3346042504035792 29940
1647530479562 0.3345997017250039 29941
1647530480563 0.33462416158675046 29942
1647530481745 0.33462180450558665 29943
1647530482750 0.33467770576889383 29944
1647530482950 0.3344910022575185 29945
