1647533853989 0.3654036521911621 32550
1647533855964 0.39189036190509796 32551
1647533857768 0.36067457993825275 32552
1647533859850 0.3696194142103195 32553
1647533861393 0.37697659730911254 32554
1647533862510 0.37414031227429706 32555
1647533863607 0.3772457242012024 32556
1647533864695 0.38408301025629044 32557
1647533865907 0.38378261195288765 32558
1647533866893 0.387216591835022 32559
1647533868069 0.3858279531652277 32560
1647533869190 0.3831432983279228 32561
1647533870281 0.3855231450154231 32562
1647533871481 0.38037482116903576 32563
1647533873069 0.3724499801794688 32564
1647533874216 0.37572262063622475 32565
1647533875445 0.37492802037912254 32566
1647533877046 0.36928271253903705 32567
1647533878073 0.3686448398389314 32568
1647533879356 0.36531928479671477 32569
1647533880579 0.3646955859093439 32570
1647533881840 0.3630006977102973 32571
1647533883040 0.3607853521471438 32572
1647533884489 0.355880515029033 32573
1647533885728 0.3558722531795502 32574
1647533886938 0.35514111587634456 32575
1647533887884 0.3561527497238583 32576
1647533889095 0.3537356087139675 32577
1647533890397 0.35089388592489834 32578
1647533891587 0.3497248033682505 32579
1647533892774 0.3479809722592754 32580
1647533893875 0.3484960673376918 32581
1647533894955 0.3492476018992337 32582
1647533896290 0.3474813708487679 32583
1647533897628 0.3468055495194026 32584
1647533898865 0.3470208876662784 32585
1647533899916 0.3467073045872353 32586
1647533900993 0.34712440324457067 32587
1647533902322 0.34497082157012743 32588
1647533903381 0.346621410548687 32589
1647533904610 0.3458089537736846 32590
1647533905980 0.3450238647915068 32591
1647533907196 0.3440296303394229 32592
1647533908123 0.3443147540092468 32593
1647533909491 0.3415327144993676 32594
1647533910532 0.34231393687103107 32595
1647533912032 0.3409506488353648 32596
1647533913009 0.3422673996537924 32597
1647533914274 0.3403521180152893 32598
1647533915546 0.3396992093324661 32599
1647533916671 0.3397134980734657 32600
1647533917913 0.33982867976793873 32601
1647533919026 0.33968105181208197 32602
1647533919989 0.34113771054479813 32603
1647533921023 0.3409375391223214 32604
1647533922097 0.34277019277215004 32605
1647533923606 0.3413878030944289 32606
1647533924775 0.34188585548565303 32607
1647533925923 0.3409381124932887 32608
1647533927127 0.34132418731848396 32609
1647533928312 0.3402577926878069 32610
1647533929324 0.34090618596922967 32611
1647533930546 0.34113186692434644 32612
1647533931886 0.34083717688918114 32613
1647533933483 0.3400945076575646 32614
1647533934627 0.33905787178964325 32615
1647533935918 0.33782120516051106 32616
1647533937322 0.3374170976526597 32617
1647533938582 0.33718802186026087 32618
1647533939651 0.3376980074814388 32619
1647533940916 0.33754170150824 32620
1647533942120 0.3375160934196578 32621
1647533943212 0.33786930286721006 32622
1647533944247 0.3371363249984947 32623
1647533945514 0.3358189529180527 32624
1647533946812 0.3355400854427564 32625
1647533947866 0.3351878955379709 32626
1647533949002 0.334347566924034 32627
1647533950119 0.334230933196937 32628
1647533951199 0.33376145977526905 32629
1647533952354 0.33327357397403246 32630
1647533953470 0.3327264369624417 32631
1647533954970 0.33137555169053823 32632
1647533956151 0.33020256051705 32633
1647533957189 0.3308260677491917 32634
1647533958198 0.3303869638678639 32635
1647533959571 0.3292624705481803 32636
1647533960788 0.3290095561268655 32637
1647533961959 0.3283838993043042 32638
1647533963509 0.32779575635989505 32639
1647533965308 0.3267591580912307 32640
1647533966499 0.3262603751019291 32641
1647533967727 0.32616503696928745 32642
1647533968862 0.3255492231630264 32643
1647533970145 0.3247591054753253 32644
1647533971093 0.3246408593840897 32645
1647533972058 0.32460824561487767 32646
1647533973110 0.32434942056329885 32647
1647533974257 0.32421785608084513 32648
1647533975286 0.32448767468333245 32649
1647533976584 0.32360974485331245 32650
1647533977570 0.3237684331103867 32651
1647533978734 0.3230764550491444 32652
1647533979815 0.3225663969149956 32653
1647533981002 0.3219834512188321 32654
1647533982211 0.3215579407395057 32655
1647533983306 0.32098977393079026 32656
1647533984384 0.3208086021520473 32657
1647533985421 0.32084308441625825 32658
1647533986958 0.3200074401768771 32659
1647533988048 0.319515828345273 32660
1647533989281 0.31900173239409924 32661
1647533990638 0.3183060116999972 32662
1647533991604 0.31786293784777325 32663
1647533992621 0.31760080923204836 32664
1647533993774 0.3173167034983635 32665
1647533994668 0.31771918316172737 32666
1647533995994 0.3168628948219752 32667
1647533997090 0.31614251635154755 32668
1647533998314 0.315326497827967 32669
1647533999659 0.3144622036248199 32670
1647534001017 0.31356945218609983 32671
1647534002288 0.3130189162201998 32672
1647534003217 0.3125089680956256 32673
1647534004223 0.31261877179145814 32674
1647534005733 0.3116759580988733 32675
1647534006779 0.31193588345538914 32676
1647534007961 0.3116252835607156 32677
1647534009429 0.31117349782193354 32678
1647534010534 0.3105900947864239 32679
1647534011566 0.31035126643326444 32680
1647534012492 0.3102223918293462 32681
1647534013544 0.309792491278254 32682
1647534014813 0.3089962013399423 32683
1647534015936 0.30900123571908034 32684
1647534017198 0.30829827958608375 32685
1647534018295 0.30809715901413104 32686
1647534019580 0.30738064538741455 32687
1647534020425 0.30712715241548827 32688
1647534021660 0.30683525204658507 32689
1647534022635 0.30654770600880293 32690
1647534023668 0.3065303408763778 32691
1647534024710 0.3063704052588323 32692
1647534026006 0.30540902891920674 32693
1647534027057 0.3051386066551866 32694
1647534028565 0.3046162164170448 32695
1647534029629 0.30442233606666125 32696
1647534030818 0.3038918920666785 32697
1647534032252 0.3029142832195999 32698
1647534033175 0.30263545950253806 32699
1647534034417 0.30255068098472443 32700
1647534035389 0.30246346424284737 32701
1647534036343 0.302166614657134 32702
1647534037343 0.3020532436959155 32703
1647534038465 0.30208589992215557 32704
1647534039743 0.3018299161623686 32705
1647534040946 0.30130250865866426 32706
1647534042026 0.301009212773812 32707
1647534043436 0.30041738060660333 32708
1647534044540 0.2999902105890214 32709
1647534045808 0.2994648117271269 32710
1647534046976 0.29901389382135724 32711
1647534048165 0.29864766700136147 32712
1647534049243 0.29843411667317876 32713
1647534050175 0.2985763871308529 32714
1647534051199 0.2982676398143711 32715
1647534052236 0.2982908884386816 32716
1647534053382 0.2979777324057761 32717
1647534054424 0.2980936924381369 32718
1647534055561 0.2980396556503632 32719
1647534056616 0.29820183320352206 32720
1647534057568 0.2982852069097896 32721
1647534058645 0.2982475525037402 32722
1647534059906 0.29798898854474914 32723
1647534061419 0.29733101597854067 32724
1647534062538 0.2971558346497742 32725
1647534063561 0.29731135188186236 32726
1647534064792 0.29706115493278823 32727
1647534065760 0.2972032703334393 32728
1647534066773 0.29696469464235836 32729
1647534068059 0.2968068097342444 32730
1647534069094 0.29674402607993766 32731
1647534070090 0.2967123673424695 32732
1647534071086 0.296717189171392 32733
1647534072104 0.2965810169239302 32734
1647534073025 0.2964357261856397 32735
1647534074055 0.2961767286380982 32736
1647534075306 0.2959753678358616 32737
1647534076441 0.295753673507423 32738
1647534077593 0.2954839720537788 32739
1647534078682 0.2952502029728515 32740
1647534079781 0.29489522978353006 32741
1647534081109 0.29473493807982903 32742
1647534082165 0.29463143608312015 32743
1647534083266 0.2946561994460913 32744
1647534084261 0.2944383424307619 32745
1647534085551 0.2941929109508011 32746
1647534086771 0.29416738736509074 32747
1647534087786 0.2940479825489485 32748
1647534088791 0.294146553426981 32749
1647534089791 0.29393000789542695 32750
1647534090900 0.2937161817704097 32751
1647534091885 0.29392428586048447 32752
1647534093162 0.293790757217828 32753
1647534094393 0.29350517246781327 32754
1647534095448 0.2934207126353551 32755
1647534096554 0.29339411091689327 32756
1647534098084 0.29300917928608566 32757
1647534099148 0.2927942218250065 32758
1647534100255 0.29273987717571714 32759
1647534101444 0.2926427909124519 32760
1647534102310 0.2926050013388103 32761
1647534103348 0.29248763662828525 32762
1647534104436 0.2928451835134319 32763
1647534105859 0.2925000813118247 32764
1647534106853 0.2923042804554657 32765
1647534108267 0.29191695270450435 32766
1647534109203 0.29203597736468007 32767
1647534110325 0.29192174515223396 32768
1647534111539 0.29193540134213186 32769
1647534113087 0.2915191544531697 32770
1647534114203 0.2916366176696511 32771
1647534115164 0.29166712909268694 32772
1647534116071 0.2916945966093668 32773
1647534117005 0.29184216572178734 32774
1647534118102 0.29162483464563843 32775
1647534119237 0.29159953487864676 32776
1647534120463 0.2913413768666878 32777
1647534121721 0.2911892956911737 32778
1647534122815 0.29089760819207067 32779
1647534123790 0.29091769676187856 32780
1647534124987 0.2905356602036747 32781
1647534125986 0.2905728245881494 32782
1647534126955 0.2907098466132441 32783
1647534127894 0.2906336311964279 32784
1647534129019 0.29036143011713433 32785
1647534129932 0.2905308358402695 32786
1647534131376 0.2900972837785713 32787
1647534132320 0.2900622685958152 32788
1647534133399 0.28981911527613796 32789
1647534134345 0.28993187875668536 32790
1647534135580 0.28971344423441847 32791
1647534136713 0.28961985181143257 32792
1647534137785 0.2894240727678674 32793
1647534138932 0.289139175354218 32794
1647534140071 0.2891677022586024 32795
1647534140951 0.2892308325058053 32796
1647534142256 0.28887928625749004 32797
1647534143235 0.289030510618026 32798
1647534144437 0.2889221420288086 32799
1647534145557 0.288747291522197 32800
1647534146737 0.2885794426122355 32801
1647534147776 0.2885779431568304 32802
1647534149304 0.28819310741396403 32803
1647534150210 0.28813650543783226 32804
1647534151415 0.28792330634314567 32805
1647534152548 0.28772231501595985 32806
1647534153592 0.28780609224886855 32807
1647534154541 0.287823284512321 32808
1647534155817 0.2875847473167456 32809
1647534157290 0.2871995999895293 32810
1647534158404 0.28707631330453715 32811
1647534159505 0.2870320511181545 32812
1647534160557 0.2871883598466714 32813
1647534161698 0.2872239167960185 32814
1647534162808 0.28713932980720264 32815
1647534164274 0.28671424710348753 32816
1647534165364 0.2867076096694861 32817
1647534166367 0.28658353972169104 32818
1647534167604 0.28635556946198143 32819
1647534168618 0.2863136349019089 32820
1647534169621 0.286339697537615 32821
1647534170781 0.2862104520802096 32822
1647534171785 0.2861567272865859 32823
1647534172869 0.28645284766500645 32824
1647534173772 0.2864050961814929 32825
1647534175082 0.2862087126673344 32826
1647534176568 0.2859720645619811 32827
1647534177685 0.28579539477184257 32828
1647534178844 0.28589758638824736 32829
1647534179917 0.2860095733213255 32830
1647534181238 0.28575298089718987 32831
1647534182318 0.2855101862244387 32832
1647534183337 0.28541121511182316 32833
1647534184381 0.28539350445856126 32834
1647534185457 0.2853457747952088 32835
1647534186646 0.28503202524957755 32836
1647534187770 0.284943890499158 32837
1647534188971 0.28480989313249355 32838
1647534190245 0.28470289979515406 32839
1647534191747 0.28436821012972147 32840
1647534192919 0.28434839191502087 32841
1647534193999 0.28429691284996655 32842
1647534195045 0.2843615065018336 32843
1647534196544 0.2838673021833775 32844
1647534197820 0.2836356370432957 32845
1647534199028 0.28361795777423615 32846
1647534200003 0.28388144105872853 32847
1647534201107 0.2837398783817738 32848
1647534202312 0.28354548503955207 32849
1647534203520 0.2834614719267303 32850
1647534204455 0.28361664564404265 32851
1647534205498 0.28353898517369436 32852
1647534206548 0.28366512236626523 32853
1647534207623 0.2834783396759971 32854
1647534208768 0.2834152447826722 32855
1647534209872 0.283345524961863 32856
1647534210822 0.2835626249963587 32857
1647534211846 0.28364674963997405 32858
1647534212904 0.28367448333771 32859
1647534213923 0.28379947138752587 32860
1647534215077 0.2837470894058545 32861
1647534215960 0.2836271863871108 32862
1647534217026 0.28355167431246703 32863
1647534218179 0.28327984942330253 32864
1647534219191 0.28323443507469154 32865
1647534220203 0.28333112409438244 32866
1647534221261 0.2833400540194421 32867
1647534222684 0.2831120214492176 32868
1647534223682 0.28306607343256474 32869
1647534224949 0.28301410186699244 32870
1647534225908 0.2830865864427934 32871
1647534227069 0.2829393442754775 32872
1647534228345 0.28276317267690176 32873
1647534229804 0.2824768353884037 32874
1647534230896 0.2825035957928084 32875
1647534231990 0.28246625141448567 32876
1647534233201 0.28241831150541946 32877
1647534234313 0.2823841509757433 32878
1647534235510 0.28213027679558955 32879
1647534236653 0.28190508953033977 32880
1647534237586 0.2820194622120225 32881
1647534238900 0.28177292407811944 32882
1647534240104 0.2815100444469623 32883
1647534241295 0.2814376216326187 32884
1647534242428 0.28134787925297305 32885
1647534243895 0.281128481428418 32886
1647534245243 0.28099002715574917 32887
1647534246372 0.28089266461608686 32888
1647534247456 0.2807037158047452 32889
1647534248949 0.2804901814443275 32890
1647534250401 0.28029879687996634 32891
1647534251404 0.28042140590032405 32892
1647534252905 0.2801933148659246 32893
1647534254133 0.2801625647838565 32894
1647534255009 0.2802393111276489 32895
1647534256077 0.2801107175068484 32896
1647534257216 0.28010191948249424 32897
1647534258443 0.27997347750943846 32898
1647534259456 0.27982276124613625 32899
1647534260545 0.27987605664465165 32900
1647534261710 0.27984521351754665 32901
1647534262971 0.27976392644322967 32902
1647534264058 0.27978385589217064 32903
1647534265049 0.27968368253237763 32904
1647534266535 0.27945308789108575 32905
1647534267958 0.27916136100178673 32906
1647534269064 0.27900573178376564 32907
1647534270168 0.27891847329385433 32908
1647534271257 0.2789172009875377 32909
1647534272473 0.27884972405070413 32910
1647534273731 0.2787219444855801 32911
1647534274669 0.278695900331844 32912
1647534275735 0.27878882793279797 32913
1647534276690 0.2788667618411861 32914
1647534277714 0.2789880349987843 32915
1647534278712 0.2789823543635636 32916
1647534279916 0.279136322033794 32917
1647534281165 0.27948604463561766 32918
1647534282139 0.27994303099206974 32919
1647534283309 0.28019050494679865 32920
1647534284451 0.2806437456960319 32921
1647534285938 0.28067001964067967 32922
1647534286966 0.28117120696261605 32923
1647534288029 0.28142655245463055 32924
1647534289126 0.2816441493465545 32925
1647534290446 0.2816935507308899 32926
1647534291600 0.2818376461349467 32927
1647534292552 0.2821501093206431 32928
1647534293676 0.28226091179408525 32929
1647534294649 0.2824677388499102 32930
1647534295589 0.28268270163323866 32931
1647534297049 0.2827577106946442 32932
1647534298217 0.2827707598917186 32933
1647534299401 0.2828148670010753 32934
1647534300670 0.2828273000340388 32935
1647534301773 0.28291560189668524 32936
1647534302764 0.2831565309891996 32937
1647534304187 0.2830802710166627 32938
1647534305625 0.28312712762600334 32939
1647534306921 0.2830802443844583 32940
1647534308118 0.2830674207332183 32941
1647534309015 0.2833792181263747 32942
1647534310186 0.2834843242834062 32943
1647534311452 0.2834830745866027 32944
1647534312554 0.28355461246136465 32945
1647534313599 0.28369378067684414 32946
1647534314850 0.2836405260479031 32947
1647534315957 0.2839281560484329 32948
1647534317064 0.28404950357973574 32949
1647534318083 0.28429141335951125 32950
1647534319124 0.28434412559466576 32951
1647534320198 0.2843662115835374 32952
1647534321180 0.28459247813956573 32953
1647534322639 0.284542523563644 32954
1647534323670 0.284745946086099 32955
1647534324845 0.2847541683428996 32956
1647534326035 0.28486895773048493 32957
1647534327029 0.28492668263778126 32958
1647534328059 0.28510901411859 32959
1647534329086 0.2852530356886323 32960
1647534330180 0.2853248337084807 32961
1647534331372 0.285262983878646 32962
1647534332460 0.28537974560606305 32963
1647534333906 0.2854161807571549 32964
1647534335088 0.28545249009934753 32965
1647534336399 0.28528336062134024 32966
1647534337522 0.2852895474462418 32967
1647534338438 0.2855132927046755 32968
1647534339487 0.2855940228416806 32969
1647534340871 0.28563283097149356 32970
1647534341980 0.28571121288701823 32971
1647534343476 0.2855961513364287 32972
1647534344472 0.2856433308982062 32973
1647534345597 0.28574873121345745 32974
1647534346690 0.2858926763347057 32975
1647534347879 0.2859279441819537 32976
1647534348982 0.2859826797845765 32977
1647534350256 0.28599734910023517 32978
1647534351479 0.28598915501389394 32979
1647534352960 0.2859259276475818 32980
1647534354078 0.2859384973912879 32981
1647534355020 0.28602806721355845 32982
1647534356115 0.28611912303668563 32983
1647534357379 0.2861865765404427 32984
1647534358526 0.2862504066198791 32985
1647534359813 0.2862034855022583 32986
1647534360938 0.2861913808336541 32987
1647534361945 0.2862720593708251 32988
1647534362908 0.2865202488885684 32989
1647534363981 0.2866334364054695 32990
1647534365129 0.2866617444211541 32991
1647534366282 0.28671491082177475 32992
1647534367567 0.2868345330494481 32993
1647534368787 0.28699473266521197 32994
1647534369908 0.2870415680678436 32995
1647534370952 0.2871331790883002 32996
1647534372074 0.28723844623060096 32997
1647534373001 0.2874017804861069 32998
1647534374067 0.28769530730115045 32999
1647534375230 0.28769044016390843 33000
1647534376517 0.2876060236805836 33001
1647534377925 0.28757010202928884 33002
1647534379162 0.2876281729419326 33003
1647534380149 0.2878547943227894 33004
1647534381299 0.28790202995010633 33005
1647534382200 0.28822029787941106 33006
1647534383316 0.2883233350892775 33007
1647534384519 0.28842311321650194 33008
1647534385752 0.2884072446628757 33009
1647534386970 0.2883561779451991 33010
1647534388396 0.28829829656071476 33011
1647534389561 0.28841137792713956 33012
1647534390756 0.28847055320210496 33013
1647534391902 0.2885261864110988 33014
1647534393339 0.28846901364208805 33015
1647534394504 0.2886326264199149 33016
1647534395535 0.28877825796222073 33017
1647534396805 0.28873054734043985 33018
1647534397741 0.288910148720792 33019
1647534399225 0.2888942626947557 33020
1647534400505 0.2889173836841927 33021
1647534401933 0.28892182828129975 33022
1647534403091 0.28896400002361855 33023
1647534404264 0.2889898630506114 33024
1647534405238 0.2891921193471977 33025
1647534406386 0.2892303111605674 33026
1647534407514 0.2892204954222655 33027
1647534408619 0.2893432195537523 33028
1647534409653 0.28946641984706123 33029
1647534411059 0.28943275231209714 33030
1647534412498 0.2893612372120881 33031
1647534413868 0.28929985356256827 33032
1647534415063 0.28926296387452727 33033
1647534416313 0.28922404514760086 33034
1647534417499 0.2891917313629217 33035
1647534418991 0.2891145488993098 33036
1647534419979 0.28925715603667207 33037
1647534421118 0.2892458031452994 33038
1647534422066 0.2893468083471668 33039
1647534423266 0.2893755403470605 33040
1647534424381 0.28941510336064713 33041
1647534425567 0.2894172887591755 33042
1647534426792 0.2893766987359958 33043
1647534428238 0.28926617783127406 33044
1647534429715 0.2892592258811478 33045
1647534430935 0.2892185997974945 33046
1647534432124 0.28929498489482336 33047
1647534433385 0.2891888599058908 33048
1647534434709 0.28918996432423594 33049
1647534435785 0.2891895764185759 33050
1647534437004 0.28948227583293423 33051
1647534438180 0.28989444027245637 33052
1647534439524 0.29004939098561566 33053
1647534440587 0.2903847486961006 33054
1647534441662 0.290746799894708 33055
1647534442692 0.2910788442197401 33056
1647534443915 0.29130415908816293 33057
1647534445153 0.29145900811451125 33058
1647534446429 0.2915266931349156 33059
1647534447471 0.2918824124534536 33060
1647534448695 0.2920900162716862 33061
1647534449833 0.292373015837595 33062
1647534451007 0.29251818721280487 33063
1647534452320 0.29259077423405877 33064
1647534453366 0.29270754936476084 33065
1647534454425 0.2929661081711144 33066
1647534455932 0.2929575163942967 33067
1647534457005 0.29316426957158914 33068
1647534458218 0.2931983271183876 33069
1647534459360 0.29335516413777435 33070
1647534460662 0.29333752133951335 33071
1647534461955 0.2933321071229519 33072
1647534463095 0.29338092115202935 33073
1647534464239 0.2934729759749912 33074
1647534465463 0.2935746982127088 33075
1647534466793 0.2936340061774516 33076
1647534468165 0.2937569542308197 33077
1647534469056 0.2940562076458183 33078
1647534470087 0.29428139258668107 33079
1647534471142 0.2944578615678457 33080
1647534472318 0.2945550672597903 33081
1647534473575 0.2946215200659034 33082
1647534474779 0.29474621405650614 33083
1647534475922 0.2947781038340007 33084
1647534477476 0.2948049775866875 33085
1647534478963 0.29475541257436494 33086
1647534480075 0.29496629644171457 33087
1647534481311 0.29506880202518987 33088
1647534482259 0.29523190726284626 33089
1647534483398 0.2952966840176838 33090
1647534484571 0.29527392095415356 33091
1647534485769 0.29530140886539474 33092
1647534486797 0.29548141636940484 33093
1647534488028 0.295611832639493 33094
1647534489510 0.29555583679741554 33095
1647534490791 0.2955008704603481 33096
1647534491871 0.2955603820074649 33097
1647534493183 0.29555214762361975 33098
1647534494377 0.295698730755936 33099
1647534495637 0.2957934715299987 33100
1647534497027 0.2957597574947969 33101
1647534498120 0.2958935421317223 33102
1647534499619 0.2958140226101187 33103
1647534500837 0.29592172178599213 33104
1647534502067 0.29606699490611504 33105
1647534503320 0.2961278817009455 33106
1647534504434 0.2962128851949955 33107
1647534505569 0.2962473643966992 33108
1647534506780 0.29627145073775735 33109
1647534508080 0.2962161778819327 33110
1647534509269 0.2962449059632749 33111
1647534510466 0.2964041444008134 33112
1647534511911 0.29631344797023645 33113
1647534513452 0.29622611313794567 33114
1647534514620 0.2963850285476172 33115
1647534515582 0.2965475462206247 33116
1647534516619 0.2966261699166096 33117
1647534518151 0.296558362633147 33118
1647534519376 0.2965890575919235 33119
1647534520512 0.29663584565323 33120
1647534521594 0.296768185037833 33121
1647534522781 0.29683098711892575 33122
1647534524028 0.2968414905075412 33123
1647534525465 0.2967477518579234 33124
1647534526576 0.29692851286381483 33125
1647534528097 0.29685222255501836 33126
1647534529291 0.29692933123210724 33127
1647534530399 0.2970555347482158 33128
1647534531635 0.29715853292366556 33129
1647534533073 0.2971385984638267 33130
1647534534123 0.29722572115483564 33131
1647534535087 0.29741976687470595 33132
1647534536146 0.2974926329230609 33133
1647534537365 0.29755628185394484 33134
1647534538629 0.2976290288130171 33135
1647534539943 0.2977447941315438 33136
1647534541132 0.29781894634167355 33137
1647534542276 0.2978202101532591 33138
1647534543266 0.29798324274814736 33139
1647534544525 0.2980094071471348 33140
1647534545614 0.298075652907829 33141
1647534546786 0.29812876922887255 33142
1647534547925 0.2982460444021707 33143
1647534549095 0.2982980759704814 33144
1647534550335 0.29835069694575045 33145
1647534551465 0.2983703715617533 33146
1647534552651 0.2984202793210645 33147
1647534553734 0.2985301013283419 33148
1647534554921 0.2984905532002449 33149
1647534555995 0.2985409169942884 33150
1647534557315 0.29859223001423074 33151
1647534558578 0.2987192078411678 33152
1647534559719 0.29876289077547213 33153
1647534561140 0.29868331103285484 33154
1647534562175 0.2987599783014543 33155
1647534563684 0.29870300773144554 33156
1647534565095 0.29867754901122107 33157
1647534566139 0.29876562037882937 33158
1647534567327 0.298820708179083 33159
1647534568343 0.2989738544543714 33160
1647534569503 0.29904891570019565 33161
1647534570742 0.29908500298201357 33162
1647534571887 0.299126606907829 33163
1647534572973 0.29916808193292077 33164
1647534574386 0.299130414455355 33165
1647534575928 0.29904829743325806 33166
1647534577019 0.2990944241580454 33167
1647534578135 0.29913197400015273 33168
1647534579160 0.29920403065700685 33169
1647534580362 0.29921518813296794 33170
1647534581554 0.29927170398821784 33171
1647534582747 0.29932372434659715 33172
1647534583906 0.2994239729327651 33173
1647534585064 0.2994927359819412 33174
1647534586260 0.29956214660748887 33175
1647534587490 0.2995994857005906 33176
1647534588654 0.2996222031106994 33177
1647534589957 0.29953601056138357 33178
1647534591301 0.2995020233449482 33179
1647534592282 0.29963111967178985 33180
1647534593745 0.2994924997792968 33181
1647534594825 0.29954211355008975 33182
1647534596067 0.29950320518543294 33183
1647534597012 0.29959694893341365 33184
1647534598437 0.29953427191050547 33185
1647534599641 0.2996095610282485 33186
1647534600773 0.2996339648027779 33187
1647534601892 0.29970570228096094 33188
1647534603055 0.2997286266181618 33189
1647534604189 0.2997046264582975 33190
1647534605685 0.29960465361581784 33191
1647534606808 0.29972495641530394 33192
1647534607992 0.2997703420819703 33193
1647534609437 0.29967763001142544 33194
1647534610651 0.29969504754702003 33195
1647534611851 0.29968174842907436 33196
1647534613036 0.2996813113812679 33197
1647534614526 0.2996092141363397 33198
1647534615731 0.2996627841775234 33199
1647534617050 0.29959691337634525 33200
1647534618512 0.29946697354773805 33201
1647534619726 0.2995802249651043 33202
1647534620772 0.2996784511281445 33203
1647534622009 0.2996854387849342 33204
1647534623469 0.2995387416605542 33205
1647534624504 0.2997068133165484 33206
1647534625655 0.29982873068210925 33207
1647534626862 0.2998729965031961 33208
1647534628097 0.29986469641779406 33209
1647534629280 0.29979273077218865 33210
1647534630483 0.29973407769491306 33211
1647534631957 0.29963354633764266 33212
1647534633109 0.299716875989394 33213
1647534634242 0.29974036387034825 33214
1647534635238 0.2998909651785642 33215
1647534636260 0.3000221526336813 33216
1647534637394 0.30011970558744705 33217
1647534638418 0.300292056193088 33218
1647534639576 0.30034518802343907 33219
1647534640686 0.3003642126007336 33220
1647534642138 0.3002716580716272 33221
1647534643459 0.30027238506530407 33222
1647534644606 0.30032701819073904 33223
1647534645889 0.30038931032021843 33224
1647534647042 0.3005322021096063 33225
1647534648046 0.30069878686390034 33226
1647534649236 0.30067426579452194 33227
1647534650336 0.3008028197929329 33228
1647534651873 0.3008426112944589 33229
1647534653117 0.3010230385828298 33230
1647534654231 0.3013165277863178 33231
1647534655735 0.3013722573899245 33232
1647534656812 0.301529789289013 33233
1647534658176 0.3015596589250286 33234
1647534659289 0.30174071220110876 33235
1647534660401 0.3019386694551035 33236
1647534661619 0.30183464856168557 33237
1647534662767 0.3018857256248485 33238
1647534664020 0.30187857410182123 33239
1647534665477 0.3018296624489355 33240
1647534666488 0.3018889841058351 33241
1647534667550 0.3020122929396911 33242
1647534668565 0.3020407819438736 33243
1647534669800 0.3021027517833298 33244
1647534670957 0.30213649570941925 33245
1647534671935 0.3022214385922704 33246
1647534673084 0.30221159175508 33247
1647534674225 0.30226110401583334 33248
1647534675153 0.3023881192292486 33249
1647534676105 0.30248359776767614 33250
1647534677143 0.3025386392051338 33251
1647534678186 0.30263548953773967 33252
1647534679308 0.3026167418892411 33253
1647534680290 0.30264632376373235 33254
1647534681426 0.30262896600087036 33255
1647534682608 0.3026068175614639 33256
1647534683754 0.30266575136427154 33257
1647534684691 0.30273055151756456 33258
1647534685724 0.30278791327711563 33259
1647534686704 0.30284115152352303 33260
1647534687708 0.30293541887168135 33261
1647534688756 0.3029144610295289 33262
1647534689826 0.30300601974588814 33263
1647534690831 0.3030268069330629 33264
1647534692009 0.3029641044539446 33265
1647534693278 0.30290475363013136 33266
1647534694718 0.3027637641991081 33267
1647534695785 0.3028057989391067 33268
1647534696856 0.30281025829414526 33269
1647534698059 0.3028167105498162 33270
1647534699087 0.3028119014901137 33271
1647534699990 0.3028709904946397 33272
1647534700942 0.3029332906007767 33273
1647534701886 0.30308874426216914 33274
1647534702818 0.3031267264739869 33275
1647534703702 0.3032110369517026 33276
1647534704857 0.30315630056045867 33277
1647534705670 0.3032653323171561 33278
1647534706597 0.3033127195214572 33279
1647534707700 0.3033099750161334 33280
1647534709039 0.3032220650077518 33281
1647534710190 0.30316111644651195 33282
1647534711220 0.3032040787652663 33283
1647534712295 0.30317952957283073 33284
1647534713223 0.3032790686854202 33285
1647534714310 0.3032555135732752 33286
1647534715544 0.30316234010506454 33287
1647534716957 0.3030616233329489 33288
1647534718089 0.3029969595574044 33289
1647534719134 0.30298384163382885 33290
1647534720140 0.3030595841272822 33291
1647534721338 0.30298507574589706 33292
1647534722233 0.30296756162919025 33293
1647534723487 0.3029177736915998 33294
1647534724529 0.30293459163594183 33295
1647534725614 0.30297936046299045 33296
1647534726790 0.3029852138563273 33297
1647534727855 0.30294818446060046 33298
1647534728800 0.30299660754203794 33299
1647534729655 0.3030607661854888 33300
1647534730849 0.3030137256025634 33301
1647534732265 0.30292880452011683 33302
1647534733177 0.3029770911214206 33303
1647534734180 0.30293877831357996 33304
1647534735316 0.30290306749798 33305
1647534736270 0.30294843850709013 33306
1647534737213 0.3029754444524292 33307
1647534738257 0.30301358361332154 33308
1647534739334 0.3029373351288469 33309
1647534740369 0.3029315982322342 33310
1647534741217 0.30295145562471054 33311
1647534742148 0.30296426179524644 33312
1647534743064 0.30302134425384214 33313
1647534744027 0.3030231806187848 33314
1647534745027 0.3030157757645799 33315
1647534745993 0.30301003097866164 33316
1647534746801 0.3031059645970042 33317
1647534748016 0.3030411780888144 33318
1647534748956 0.30304500089063274 33319
1647534749921 0.30306912272511444 33320
1647534750900 0.30308266717535226 33321
1647534751895 0.3030870268061121 33322
1647534752783 0.3031211129223654 33323
1647534753879 0.30303254617798714 33324
1647534754914 0.3029968156527305 33325
1647534755926 0.3029872212592546 33326
1647534756828 0.3030641371417781 33327
1647534757781 0.30315491034911135 33328
1647534759198 0.30303396508097646 33329
1647534760101 0.3031017965566791 33330
1647534761072 0.30310837964496345 33331
1647534762296 0.30300372182409424 33332
1647534763245 0.3030416148391609 33333
1647534764195 0.3031045919580824 33334
1647534765619 0.30297336793734525 33335
1647534766489 0.3030225097224249 33336
1647534767403 0.30306613275091054 33337
1647534768357 0.30305375742368373 33338
1647534769276 0.3031061435802073 33339
1647534770212 0.3031111347162919 33340
1647534771150 0.3031510409682688 33341
1647534772117 0.30321680849317045 33342
1647534773060 0.3033320076895 33343
1647534774020 0.30341589132195 33344
1647534774888 0.3035182859655002 33345
1647534775881 0.3035012117518086 33346
1647534776771 0.3034717485794149 33347
1647534777829 0.3034428208506898 33348
1647534778882 0.30348853059113023 33349
1647534779943 0.3034721016139722 33350
1647534780827 0.3035225223870646 33351
1647534781877 0.3035988109940164 33352
1647534782996 0.30363408257415636 33353
1647534784129 0.3035714440094018 33354
1647534785125 0.30365441011140126 33355
1647534786582 0.3035664051918883 33356
1647534787775 0.3035549844735035 33357
1647534788659 0.30353868698381226 33358
1647534789607 0.3035592610637347 33359
1647534790696 0.30353549091574883 33360
1647534791581 0.3035443495096538 33361
1647534792538 0.3035989977226926 33362
1647534793537 0.30364634215612085 33363
1647534794466 0.30363871318065316 33364
1647534795536 0.3036163532741222 33365
1647534796664 0.303636648572498 33366
1647534798084 0.303526359056931 33367
1647534799203 0.30349740122191343 33368
1647534800283 0.3034590922296047 33369
1647534801258 0.3034524555146767 33370
1647534802346 0.30346317692612207 33371
1647534803547 0.3034228162335307 33372
1647534804535 0.30345896416280455 33373
1647534805471 0.30349861378019505 33374
1647534806678 0.30339279570605504 33375
1647534807843 0.3033818683464265 33376
1647534809031 0.30333001773066565 33377
1647534810002 0.303441425158549 33378
1647534811073 0.3033764832888741 33379
1647534812160 0.3033255488756331 33380
1647534813061 0.3033396404845497 33381
1647534814211 0.30330620988720464 33382
1647534815279 0.3033086241399356 33383
1647534816374 0.30330894691144633 33384
1647534817272 0.30329388417481806 33385
1647534818309 0.30330536419274273 33386
1647534819258 0.30327567403029143 33387
1647534820220 0.30323484918286886 33388
1647534821161 0.3032536001255115 33389
1647534822261 0.3032222738695485 33390
1647534823285 0.30321822113704794 33391
1647534824375 0.3031799478074127 33392
1647534825546 0.3031534937638525 33393
1647534826433 0.3031912840858719 33394
1647534827481 0.3032446914566042 33395
1647534828350 0.30325941192568967 33396
1647534829180 0.3032635709200546 33397
1647534830246 0.30325060877488275 33398
1647534831291 0.3032316232954754 33399
1647534832235 0.30325269945990185 33400
1647534833173 0.30320888175301147 33401
1647534834144 0.3032279066121313 33402
1647534835060 0.3032560635541306 33403
1647534836116 0.3032786279916763 33404
1647534837052 0.30329243624669927 33405
1647534838022 0.3033353146100406 33406
1647534838945 0.3033913108748156 33407
1647534839977 0.30336098345180884 33408
1647534841378 0.3032966581368169 33409
1647534842544 0.30322308248205326 33410
1647534843472 0.30324270692059724 33411
1647534844422 0.3032554013704231 33412
1647534845549 0.3032789725672316 33413
1647534846671 0.3033550777187237 33414
1647534847828 0.30332791691701905 33415
1647534848989 0.30329190292572894 33416
1647534849894 0.3033437715148047 33417
1647534851059 0.30328736432814074 33418
1647534852164 0.30329710714433383 33419
1647534853174 0.30332077740254276 33420
1647534854098 0.30333617172383387 33421
1647534855298 0.30330053227873605 33422
1647534856256 0.30330982633804565 33423
1647534857343 0.303313161611557 33424
1647534858623 0.30323185040254025 33425
1647534859749 0.303139130976752 33426
1647534861005 0.3030976519022553 33427
1647534862181 0.3030336177118538 33428
1647534863121 0.3030794530768286 33429
1647534864101 0.3030611002959404 33430
1647534865125 0.30306243795115934 33431
1647534866190 0.30302362162556545 33432
1647534867270 0.30304155603253463 33433
1647534868306 0.30302625433199826 33434
1647534869428 0.30303234571662496 33435
1647534870497 0.3030255892163871 33436
1647534871623 0.30297847219684104 33437
1647534872552 0.3029518152583973 33438
1647534873637 0.30298528319664214 33439
1647534874647 0.30302966136054693 33440
1647534875790 0.30303203688742336 33441
1647534876902 0.30305080517942934 33442
1647534877895 0.30309035507357895 33443
1647534879009 0.30307615409350264 33444
1647534880091 0.3030284946518285 33445
1647534881112 0.30302876828772035 33446
1647534882186 0.303034838197757 33447
1647534883039 0.30308082318544655 33448
1647534883994 0.3030596587393019 33449
1647534885094 0.303031686573526 33450
1647534886192 0.30299598381683196 33451
1647534887417 0.30293639720410337 33452
1647534888297 0.30297945546958827 33453
1647534889493 0.30291266179545806 33454
1647534890737 0.3028163127518911 33455
1647534891712 0.3028508437737872 33456
1647534892753 0.3028713260092137 33457
1647534893725 0.30282633127880304 33458
1647534894915 0.3027929025528195 33459
1647534895831 0.3028313415993974 33460
1647534896758 0.3028383551884377 33461
1647534897661 0.30283733110503586 33462
1647534898591 0.302873955008368 33463
1647534899526 0.30287716383816765 33464
1647534900664 0.3028272097385346 33465
1647534901630 0.30285680497160655 33466
1647534902570 0.3029256646637044 33467
1647534903552 0.30299966549652835 33468
1647534904938 0.3029465300071499 33469
1647534905842 0.30292185654016324 33470
1647534906918 0.302923245456498 33471
1647534908375 0.3028187319910797 33472
1647534909467 0.302809779891075 33473
1647534910636 0.30284093326813466 33474
1647534911647 0.30283980842349856 33475
1647534912503 0.3028661750956261 33476
1647534913599 0.30286379542265984 33477
1647534914789 0.3028091194651484 33478
1647534915930 0.3027662360700228 33479
1647534917047 0.3027912314449038 33480
1647534918489 0.3027282209483339 33481
1647534919373 0.3027617319348285 33482
1647534920686 0.30272731370027367 33483
1647534921683 0.3027239844442051 33484
1647534922937 0.30265628162803304 33485
1647534924135 0.30258028040637075 33486
1647534925133 0.3025522115610556 33487
1647534926101 0.30255340074642273 33488
1647534927396 0.3024457405697792 33489
1647534928456 0.3025153806466732 33490
1647534929527 0.30248405698947844 33491
1647534930363 0.30254024158163767 33492
1647534931265 0.3025884282128033 33493
1647534932209 0.30257582218243334 33494
1647534933281 0.30253216421062296 33495
1647534934269 0.30253927818762083 33496
1647534935426 0.3024812440234649 33497
1647534936512 0.3024642312834461 33498
1647534937586 0.30244210875348043 33499
1647534938487 0.3024203198659307 33500
1647534939450 0.30243298585111855 33501
1647534940652 0.30239751495632017 33502
1647534941566 0.3024745363140756 33503
1647534942586 0.3024853602909917 33504
1647534943500 0.3024751505498856 33505
1647534944485 0.30252835190346 33506
1647534945715 0.3024894984785102 33507
1647534946763 0.3024856407307982 33508
1647534947790 0.30250259096113347 33509
1647534948837 0.3024903160445276 33510
1647534949741 0.302551802363936 33511
1647534950831 0.30258111838301643 33512
1647534951886 0.3026834291201162 33513
1647534952765 0.3027261572952715 33514
1647534954181 0.3026421161264366 33515
1647534955337 0.3026405066683226 33516
1647534956349 0.30268465870729655 33517
1647534957237 0.3027511707000565 33518
1647534958496 0.3026993933565838 33519
1647534959354 0.3027313451841857 33520
1647534960334 0.3027349423939063 33521
1647534961252 0.3028093566476747 33522
1647534962317 0.30280786849084085 33523
1647534963357 0.30281507649482825 33524
1647534964302 0.30287080412333617 33525
1647534965256 0.3028910846555245 33526
1647534966397 0.302869706690799 33527
1647534967309 0.302931039201227 33528
1647534968305 0.3029159441134151 33529
1647534969350 0.30288757538759015 33530
1647534970434 0.3028478450815207 33531
1647534971326 0.30287681322919996 33532
1647534972240 0.3028715325110569 33533
1647534973385 0.3028470730569762 33534
1647534974306 0.30287354173512776 33535
1647534975501 0.3028742281348268 33536
1647534976832 0.30280112205186355 33537
1647534977883 0.30278428182141487 33538
1647534978910 0.3027229717735088 33539
1647534980073 0.30270174321625476 33540
1647534981312 0.3026511250514417 33541
1647534982434 0.30262112303863 33542
1647534983476 0.30266693160987235 33543
1647534984638 0.3026792243347695 33544
1647534985819 0.30265814226015986 33545
1647534986842 0.30266388475057954 33546
1647534987780 0.3027236480601804 33547
1647534989281 0.3028232498062743 33548
1647534990762 0.30287181912362576 33549
1647534992292 0.30292984121269756 33550
1647534993562 0.3030598125385191 33551
1647534994735 0.30324038840897183 33552
1647534996222 0.3033408382944614 33553
1647534997335 0.3034778460786117 33554
1647534998505 0.30360449043289567 33555
1647534999853 0.30360401284907756 33556
1647535000886 0.3037113758277089 33557
1647535002166 0.30372196886359876 33558
1647535003544 0.3036990605220936 33559
1647535004548 0.30381795892199 33560
1647535005637 0.30387398101418855 33561
1647535006829 0.3039565042970446 33562
1647535007932 0.30401130407108123 33563
1647535008962 0.30409967295935586 33564
1647535010286 0.30406710553884975 33565
1647535011430 0.3041126060655804 33566
1647535012424 0.3041619175572995 33567
1647535013573 0.30415552820904335 33568
1647535014838 0.30418352997478315 33569
1647535015770 0.30425397724818065 33570
1647535016828 0.3042912681654475 33571
1647535017877 0.3043437128921175 33572
1647535018971 0.3043647104786942 33573
1647535019945 0.3044126031602301 33574
1647535020861 0.30446306758398667 33575
1647535021907 0.3045199358619989 33576
1647535023098 0.30446541773206065 33577
1647535024315 0.3043970662749312 33578
1647535025302 0.30440870493071753 33579
1647535026506 0.30437858541478935 33580
1647535027567 0.3043806819577319 33581
1647535028648 0.30436838343955885 33582
1647535029844 0.30433990451826115 33583
1647535030857 0.30433015125097285 33584
1647535031832 0.304264572121807 33585
1647535032875 0.3042893314171895 33586
1647535034088 0.3042073693119262 33587
1647535035210 0.3041715653213431 33588
1647535036251 0.3041631011149058 33589
1647535037301 0.30416793833548467 33590
1647535038186 0.3041412904429573 33591
1647535038988 0.3041477943426811 33592
1647535040160 0.30410109237692823 33593
1647535041086 0.30406860729153645 33594
1647535042529 0.3039414160537674 33595
1647535043627 0.3039142234818414 33596
1647535044806 0.3038449341872039 33597
1647535045942 0.3037679140714376 33598
1647535046928 0.30379769125155043 33599
1647535048245 0.303755529841619 33600
1647535049407 0.30373875463926747 33601
1647535050292 0.3036985366913894 33602
1647535051352 0.30366189462579857 33603
1647535052240 0.30363042062210244 33604
1647535053320 0.3036073122427545 33605
1647535054765 0.3035148051175286 33606
1647535055618 0.30352661520637053 33607
1647535057024 0.30343449384508775 33608
1647535057911 0.30340977568390237 33609
1647535059006 0.3033556381308954 33610
1647535059987 0.3033065499138024 33611
1647535060871 0.303227379679792 33612
1647535061669 0.3032300126059611 33613
1647535062611 0.30317733780319145 33614
1647535063579 0.30314553234076186 33615
1647535064790 0.3030863889434568 33616
1647535065705 0.3031010673510448 33617
1647535066869 0.30301984078255184 33618
1647535067902 0.3029415195372617 33619
1647535068801 0.3029573553500055 33620
1647535069935 0.3028635661076032 33621
1647535070925 0.3028806268418935 33622
1647535072060 0.30285415654131376 33623
1647535073054 0.3028017570806104 33624
1647535073960 0.30276991471260456 33625
1647535074801 0.3028003964694208 33626
1647535075843 0.3028042400203963 33627
1647535076839 0.3028182630963189 33628
1647535077750 0.30280245647386267 33629
1647535078817 0.30278787264991536 33630
1647535079875 0.30275047472686734 33631
1647535080910 0.30275364758125195 33632
1647535081829 0.3027266457786859 33633
1647535082915 0.30269332758841977 33634
1647535083787 0.30270322528882143 33635
1647535084899 0.30266818952538493 33636
1647535086111 0.30262898031950874 33637
1647535087242 0.30256807206145553 33638
1647535088097 0.3025950657801891 33639
1647535089002 0.30257466332995486 33640
1647535090164 0.3025083324766203 33641
1647535091179 0.30248240433967344 33642
1647535092362 0.30240513613171727 33643
1647535093427 0.3023268991273288 33644
1647535094547 0.30233108734943137 33645
1647535095525 0.3023445041563257 33646
1647535096581 0.30239520295233024 33647
1647535097702 0.3024249878848434 33648
1647535098816 0.30248365650122816 33649
1647535099992 0.30254903734813055 33650
1647535101071 0.3026918578899707 33651
1647535101989 0.30285000494417014 33652
1647535103144 0.30290815570270235 33653
1647535103966 0.30295358387862936 33654
1647535105156 0.30293136125070064 33655
1647535106255 0.30296366072874836 33656
1647535107122 0.3030335447391233 33657
1647535108109 0.3031780696511806 33658
1647535109190 0.3032150810232034 33659
1647535110556 0.30320792267657315 33660
1647535111543 0.3032683834245951 33661
1647535112526 0.3032843526134808 33662
1647535113680 0.3032878117378353 33663
1647535115082 0.30329327146301355 33664
1647535116246 0.3032958348512009 33665
1647535117660 0.3032499990003282 33666
1647535118755 0.3032698838010244 33667
1647535120058 0.3032307884888099 33668
1647535121180 0.30325761326987827 33669
1647535122103 0.30331716498394934 33670
1647535122973 0.30338330979918837 33671
1647535123849 0.30350910780000984 33672
1647535124852 0.30355344303084864 33673
1647535125995 0.303570961938964 33674
1647535127396 0.3035123916888745 33675
1647535128426 0.30356923717519513 33676
1647535129457 0.30358473973758254 33677
1647535130542 0.3036355977173502 33678
1647535131648 0.3036787094136255 33679
1647535132871 0.30368606490597694 33680
1647535133853 0.3038409701268791 33681
1647535135034 0.3039081046540234 33682
1647535136102 0.30397828360871665 33683
1647535137329 0.30403568378366563 33684
1647535138315 0.3041224772582801 33685
1647535139277 0.30422401702131424 33686
1647535140362 0.30435559691727054 33687
1647535141427 0.3044192618947996 33688
1647535142573 0.30455062163242125 33689
1647535143614 0.30459556943434146 33690
1647535144565 0.30469514603111664 33691
1647535145919 0.3046897347961094 33692
1647535147324 0.30467946964179304 33693
1647535148557 0.3046772143335842 33694
1647535149629 0.3047158603814884 33695
1647535150631 0.3047954509620991 33696
1647535151578 0.3049011423223318 33697
1647535152658 0.3050304146903406 33698
1647535153792 0.3050639546306237 33699
1647535155101 0.3049966552198503 33700
1647535156263 0.304953730186551 33701
1647535157620 0.3049689292881867 33702
1647535158895 0.30499182020409266 33703
1647535159931 0.3049851369419139 33704
1647535161376 0.3049580105113117 33705
1647535162641 0.304939282241832 33706
1647535163791 0.30497831472924336 33707
1647535164905 0.3050369592423682 33708
1647535166158 0.304997198681893 33709
1647535167275 0.30501295210317125 33710
1647535168301 0.30504687644682327 33711
1647535169495 0.3050803274736257 33712
1647535170505 0.3052173759084182 33713
1647535171674 0.3051983119464228 33714
1647535172923 0.30514926892764366 33715
1647535173965 0.30518177061021684 33716
1647535175060 0.3052318885998979 33717
1647535176107 0.3052842651069215 33718
1647535177246 0.3053772327864272 33719
1647535178195 0.3054699235167084 33720
1647535179179 0.3055298743267312 33721
1647535180310 0.3055851999273284 33722
1647535181366 0.30561685441553693 33723
1647535182535 0.3056482224134689 33724
1647535183322 0.305798373951697 33725
1647535184338 0.3058751759609127 33726
1647535185696 0.3058126341861456 33727
1647535186696 0.3058626560511682 33728
1647535187711 0.3058814671332553 33729
1647535188929 0.30587872408589095 33730
1647535190011 0.3059149187833525 33731
1647535190977 0.30592792394900864 33732
1647535192063 0.30589820260836464 33733
1647535193461 0.3058476653531634 33734
1647535194411 0.3059104559142111 33735
1647535195525 0.3059135330707563 33736
1647535196926 0.30584067025971334 33737
1647535197961 0.3058914052678117 33738
1647535199081 0.3058675038964809 33739
1647535200182 0.30583530106432394 33740
1647535201275 0.30586584412411555 33741
1647535202244 0.3059145124490183 33742
1647535203293 0.30593639527333644 33743
1647535204273 0.3059190659343448 33744
1647535205337 0.3059140949394791 33745
1647535206476 0.305900162846821 33746
1647535207408 0.3059887932318081 33747
1647535208361 0.3060404998347399 33748
1647535209541 0.30601806106666724 33749
1647535210566 0.3060670413889555 33750
1647535211741 0.30602104418884696 33751
1647535212783 0.30604860434310194 33752
1647535213669 0.3061006905331564 33753
1647535214585 0.306141259239917 33754
1647535215491 0.3061375956037151 33755
1647535216549 0.30613320754793133 33756
1647535217646 0.30610459519932604 33757
1647535218616 0.3061377446793445 33758
1647535219641 0.3061650016583687 33759
1647535220529 0.3061867200274983 33760
1647535221559 0.30623991025163 33761
1647535222560 0.306281814030744 33762
1647535223507 0.3063617992833183 33763
1647535224634 0.3063693527331568 33764
1647535225452 0.30640817659073755 33765
1647535226627 0.3064192575368121 33766
1647535227622 0.3064971917564254 33767
1647535228755 0.30649138968728235 33768
1647535229845 0.3064802774396099 33769
1647535230873 0.30647718164395543 33770
1647535231965 0.3064869626893154 33771
1647535232922 0.3065256642349801 33772
1647535233896 0.3065452410358619 33773
1647535234966 0.3065254466874259 33774
1647535235987 0.3065865617397364 33775
1647535237062 0.3065897546216736 33776
1647535238152 0.3065602434283359 33777
1647535239202 0.3065330984390684 33778
1647535240289 0.3065385081661426 33779
1647535241187 0.3065641369643393 33780
1647535242170 0.3065660510018661 33781
1647535243255 0.3065522369193721 33782
1647535244250 0.30654257992388173 33783
1647535245262 0.30654120947185315 33784
1647535246687 0.3064825883358235 33785
1647535247771 0.30648955410058787 33786
1647535248717 0.3065130307018661 33787
1647535249948 0.3064769235491464 33788
1647535250977 0.3064485606286795 33789
1647535251943 0.30646311553565847 33790
1647535253189 0.30642562016436825 33791
1647535254546 0.30635133820824917 33792
1647535255768 0.30629650272213377 33793
1647535256850 0.3062979000040805 33794
1647535257726 0.30634071816649905 33795
1647535258926 0.30631882928568743 33796
1647535259877 0.3063382569294518 33797
1647535260840 0.3063678215440509 33798
1647535261727 0.3064466306090355 33799
1647535262660 0.3064783372872358 33800
1647535263565 0.30657735913277817 33801
1647535264983 0.30649763456317586 33802
1647535266197 0.306550314136004 33803
1647535267259 0.3066155026989629 33804
1647535268251 0.3067053781027437 33805
1647535269707 0.30665232720077273 33806
1647535270835 0.3066823675707338 33807
1647535272061 0.3066536004790434 33808
1647535273235 0.30670253041954265 33809
1647535274205 0.3067852909204792 33810
1647535275596 0.3067746356413028 33811
1647535276833 0.30678083585399724 33812
1647535278313 0.30673271028584315 33813
1647535279792 0.30667717316640697 33814
1647535281214 0.3066749943635098 33815
1647535282319 0.30676243521843544 33816
1647535283390 0.3067727752311937 33817
1647535284908 0.30671444380255175 33818
1647535285943 0.30683162080960014 33819
1647535287075 0.30685908052510485 33820
1647535288484 0.30681950730160346 33821
1647535289814 0.306852454476158 33822
1647535290859 0.3069634587508356 33823
1647535291841 0.307018236693214 33824
1647535292903 0.307081914013456 33825
1647535294039 0.30709261915696817 33826
1647535295349 0.3070459718318985 33827
1647535296682 0.3070159590947992 33828
1647535297899 0.3070382362115197 33829
1647535298983 0.30706123121309614 33830
1647535300113 0.3071164435208681 33831
1647535301234 0.307124861670674 33832
1647535302775 0.3070833806145785 33833
1647535303878 0.307093180629066 33834
1647535305003 0.3070694905579739 33835
1647535306119 0.3070443776590285 33836
1647535307176 0.30707137484496794 33837
1647535308195 0.30710160224774347 33838
1647535309435 0.3070686792102895 33839
1647535310504 0.307097775415798 33840
1647535311592 0.3071526110103071 33841
1647535312982 0.30708795970295716 33842
1647535314194 0.30703902148988554 33843
1647535315314 0.30708892367291174 33844
1647535316354 0.30713309769599156 33845
1647535317433 0.30715658009603747 33846
1647535318650 0.30715480755630004 33847
1647535319678 0.307191205963068 33848
1647535320893 0.30718902811408044 33849
1647535321940 0.3072608614842952 33850
1647535322139 0.30710591780974567 33851
