1647522715041 0.43298453092575073 23436
1647522716655 0.475742906332016 23437
1647522719059 0.4300130804379781 23438
1647522720681 0.43215586245059967 23439
1647522721906 0.4416401982307434 23440
1647522722839 0.44203461209932965 23441
1647522723832 0.4439400179045541 23442
1647522724867 0.45740874856710434 23443
1647522725928 0.45341549979315865 23444
1647522726857 0.45920687913894653 23445
1647522727924 0.4571192264556885 23446
1647522728981 0.453129639228185 23447
1647522729993 0.45285619451449466 23448
1647522731120 0.4471032129866736 23449
1647522732623 0.4355843961238861 23450
1647522733666 0.43653699196875095 23451
1647522734811 0.43545420730815215 23452
1647522736312 0.4284945742951499 23453
1647522737286 0.42880984042820175 23454
1647522738489 0.42459831237792967 23455
1647522739601 0.4226791361967723 23456
1647522740771 0.42065951228141785 23457
1647522741877 0.41756641087324725 23458
1647522743246 0.411890576283137 23459
1647522744399 0.4122337734699249 23460
1647522745535 0.41225756819431597 23461
1647522746422 0.417397591802809 23462
1647522747550 0.4143047258257866 23463
1647522748800 0.41108891162379035 23464
1647522749903 0.4099878132343292 23465
1647522751009 0.40798882515199725 23466
1647522752013 0.4074091734364629 23467
1647522753007 0.40846819317702093 23468
1647522754277 0.4061548297896105 23469
1647522755543 0.40462077600615365 23470
1647522756711 0.4050224307510588 23471
1647522757694 0.4054920020941141 23472
1647522758656 0.40681405287039907 23473
1647522760000 0.40422949347740567 23474
1647522760968 0.4066129602491856 23475
1647522762120 0.4059193708547732 23476
1647522763398 0.4045627663532893 23477
1647522764543 0.4038090775179308 23478
1647522765387 0.40470450303771277 23479
1647522766670 0.4012638009256787 23480
1647522767611 0.40279181917076523 23481
1647522769010 0.40133758586771945 23482
1647522769930 0.4028895792240898 23483
1647522771094 0.40102748572826385 23484
1647522772322 0.400038603246212 23485
1647522773387 0.40022682588474423 23486
1647522774553 0.4001965158833907 23487
1647522775588 0.4000086933374405 23488
1647522776495 0.40196624977721107 23489
1647522777440 0.4017305133017627 23490
1647522778435 0.40372260101139545 23491
1647522779880 0.40183477626557934 23492
1647522780962 0.40220521621662997 23493
1647522782010 0.40175895898018854 23494
1647522783129 0.40226544762651123 23495
1647522784209 0.40135138225359995 23496
1647522785144 0.4021716471160612 23497
1647522786262 0.4028948751233873 23498
1647522787519 0.40238063992001116 23499
1647522789065 0.40106704578949853 23500
1647522790097 0.400342851199887 23501
1647522791326 0.39941495100953683 23502
1647522792626 0.3989556057049948 23503
1647522793774 0.3982921491066615 23504
1647522794763 0.4008683585694858 23505
1647522795916 0.4017120379377419 23506
1647522797047 0.4019572732763158 23507
1647522798078 0.4038505837933658 23508
1647522799057 0.4036755588006329 23509
1647522800236 0.40270659983158114 23510
1647522801466 0.4031148888170719 23511
1647522802444 0.4035442802426103 23512
1647522803497 0.4026156444198046 23513
1647522804545 0.4033123490553868 23514
1647522805585 0.40298211928457023 23515
1647522806672 0.4027352894161954 23516
1647522807713 0.402268561466438 23517
1647522809150 0.40047553594572 23518
1647522810289 0.39909677721914794 23519
1647522812095 0.40008557281073404 23520
1647522813717 0.39982817772515983 23521
1647522815567 0.3983761306809283 23522
1647522816720 0.3979299777949398 23523
1647522817846 0.3971419125125649 23524
1647522818947 0.3963723568452729 23525
1647522820396 0.39490394163262715 23526
1647522821499 0.3944592069348563 23527
1647522822617 0.394579083849025 23528
1647522823671 0.393893725853017 23529
1647522824864 0.39276231982206045 23530
1647522825740 0.39297698515777785 23531
1647522826634 0.3931159031452592 23532
1647522827607 0.39298970769254526 23533
1647522828637 0.3928014595400203 23534
1647522829588 0.3933854793012142 23535
1647522830831 0.3924600173636238 23536
1647522831768 0.3926594749677415 23537
1647522832868 0.3918996715140574 23538
1647522833874 0.39106622610527736 23539
1647522835008 0.39013858451729727 23540
1647522836130 0.3895754933638393 23541
1647522837166 0.3890797483308293 23542
1647522838174 0.3891024317730356 23543
1647522839136 0.38936193642813133 23544
1647522840590 0.38834366459738123 23545
1647522841632 0.3877722335022849 23546
1647522842823 0.38731400442442726 23547
1647522844107 0.38623818135367033 23548
1647522845021 0.38610490280808063 23549
1647522845978 0.3859049702468126 23550
1647522847070 0.38557372897349557 23551
1647522847885 0.3858160222442741 23552
1647522849175 0.3847686460210105 23553
1647522850216 0.38403150602048186 23554
1647522851399 0.3829957538594802 23555
1647522852691 0.38184649552688127 23556
1647522853958 0.38065973767003075 23557
1647522855208 0.3799208379615613 23558
1647522856068 0.37949391033860946 23559
1647522857024 0.37944326078891755 23560
1647522858480 0.37810500746681575 23561
1647522859478 0.37834531092268275 23562
1647522860621 0.37795360409654677 23563
1647522862028 0.3772986424985782 23564
1647522863074 0.37669383264504946 23565
1647522864039 0.37641194690274826 23566
1647522864903 0.37667523527687247 23567
1647522865894 0.3761331129791145 23568
1647522867100 0.37511879939641524 23569
1647522868162 0.37534971126803646 23570
1647522869359 0.37440525367856026 23571
1647522870391 0.3743368937586346 23572
1647522871644 0.37347560278747394 23573
1647522872428 0.3733762944344994 23574
1647522873590 0.3729529987488474 23575
1647522874505 0.3726470003314052 23576
1647522875476 0.3727114737873346 23577
1647522876460 0.37251082458696166 23578
1647522877669 0.3713629636913538 23579
1647522878658 0.371196251902087 23580
1647522880103 0.3705354730968606 23581
1647522881096 0.37037506476551496 23582
1647522882224 0.3697113992797362 23583
1647522883558 0.36846641186099727 23584
1647522884426 0.3681442167361577 23585
1647522885585 0.3680633685446733 23586
1647522886505 0.36810468960749476 23587
1647522887383 0.3676728880872913 23588
1647522888312 0.36753971990826845 23589
1647522889351 0.36755215794809404 23590
1647522890565 0.36707570384710264 23591
1647522891704 0.36634450353634584 23592
1647522892721 0.3660202369659762 23593
1647522894057 0.36519134991198965 23594
1647522895096 0.36463235775008795 23595
1647522896308 0.364016833235018 23596
1647522897414 0.3634470271659486 23597
1647522898572 0.3628848704275178 23598
1647522899584 0.3627749547907492 23599
1647522900470 0.3631694209395033 23600
1647522901427 0.3627315541527357 23601
1647522902424 0.3628941122107877 23602
1647522903513 0.36245202228781725 23603
1647522904506 0.36265335500945706 23604
1647522905590 0.3624325232470737 23605
1647522906569 0.36242769431998156 23606
1647522907435 0.3625082611864389 23607
1647522908439 0.362477244238633 23608
1647522909637 0.36210182283459036 23609
1647522911091 0.3612658668415887 23610
1647522912140 0.3610136697746136 23611
1647522913095 0.36106692204030894 23612
1647522914266 0.3607228740714909 23613
1647522915160 0.3608415324095241 23614
1647522916143 0.3605998018549548 23615
1647522917375 0.36028584467442654 23616
1647522918321 0.3604174057369704 23617
1647522919254 0.3604480615241931 23618
1647522920158 0.3605612259682106 23619
1647522921150 0.36055579451290337 23620
1647522922004 0.3604032654435404 23621
1647522922982 0.3600862261286394 23622
1647522924173 0.3599173027942789 23623
1647522925272 0.35989956336992757 23624
1647522926341 0.3595841129359446 23625
1647522927392 0.35933276066917397 23626
1647522928398 0.3590124847833067 23627
1647522929750 0.35886303246638934 23628
1647522930745 0.3587687853531739 23629
1647522931779 0.35889852146307627 23630
1647522932707 0.3587653348792572 23631
1647522933945 0.3584624202874711 23632
1647522935094 0.35838706693565003 23633
1647522936024 0.35826369094189686 23634
1647522936969 0.35853447549045087 23635
1647522937889 0.35848566511673713 23636
1647522938925 0.35828298839307066 23637
1647522939852 0.35853950928878314 23638
1647522941063 0.358314176035278 23639
1647522942214 0.3580221860147104 23640
1647522943210 0.35795034200531767 23641
1647522944259 0.35785948085612146 23642
1647522945716 0.3574793883957542 23643
1647522946743 0.3572106205247806 23644
1647522947771 0.35718070105427785 23645
1647522948891 0.35705570325749747 23646
1647522949675 0.35711976133708684 23647
1647522950638 0.3570280520708908 23648
1647522951643 0.3573373340975458 23649
1647522953014 0.35680140970751295 23650
1647522953956 0.3564612398406974 23651
1647522955306 0.3559887341227949 23652
1647522956198 0.3562332563307307 23653
1647522957259 0.35602377994691947 23654
1647522958412 0.35595899298787115 23655
1647522959878 0.3553497123097942 23656
1647522960936 0.3553684116886543 23657
1647522961846 0.35536122288671845 23658
1647522962704 0.35534105070733596 23659
1647522963550 0.355385712451405 23660
1647522964617 0.3551282947965428 23661
1647522965675 0.3550351206295291 23662
1647522966883 0.35465227426928386 23663
1647522968071 0.35444296089582567 23664
1647522969104 0.3540806642693022 23665
1647522970014 0.3541033849184647 23666
1647522971137 0.3537424301150544 23667
1647522972067 0.353911490207578 23668
1647522972950 0.3541087721530189 23669
1647522973809 0.3541676927754219 23670
1647522974899 0.3538949130323984 23671
1647522975766 0.3543925528662114 23672
1647522977200 0.35385914009158353 23673
1647522978077 0.3539469577527944 23674
1647522979092 0.353917545452714 23675
1647522979992 0.354087025916428 23676
1647522981169 0.35382623662633345 23677
1647522982260 0.3539959453506234 23678
1647522983291 0.3538537821808799 23679
1647522984385 0.35359874428534993 23680
1647522985481 0.3536920479642666 23681
1647522986313 0.35403861304526385 23682
1647522987586 0.3536809883531063 23683
1647522988505 0.35399524322954046 23684
1647522989654 0.35390505397319794 23685
1647522990714 0.3537449752429567 23686
1647522991868 0.35367075507602996 23687
1647522992827 0.3538325259336841 23688
1647522994284 0.35340445113229 23689
1647522995122 0.35342449890632255 23690
1647522996257 0.3531652922392823 23691
1647522997349 0.3529571225786951 23692
1647522998338 0.35311675990043684 23693
1647522999221 0.35323836990995294 23694
1647523000428 0.35299176396085663 23695
1647523001862 0.3524648679056387 23696
1647523002876 0.3524167571245259 23697
1647523003959 0.35234190761589734 23698
1647523004945 0.35258897715671494 23699
1647523006024 0.3527054778247509 23700
1647523007066 0.3526686614281253 23701
1647523008513 0.35213416379489254 23702
1647523009560 0.35203189691945685 23703
1647523010498 0.35202759814528284 23704
1647523011663 0.3517133118929686 23705
1647523012591 0.3516867731550083 23706
1647523013519 0.3517714848413187 23707
1647523014601 0.35159691666072107 23708
1647523015547 0.35153839470696274 23709
1647523016537 0.35184104442596437 23710
1647523017364 0.35189954493788705 23711
1647523018641 0.35164287438891856 23712
1647523020064 0.35133835448206757 23713
1647523021119 0.351146008699171 23714
1647523022212 0.3513203585786479 23715
1647523023212 0.35155742257515304 23716
1647523024474 0.35131236192182447 23717
1647523025507 0.3510398130745433 23718
1647523026472 0.35100134745450084 23719
1647523027484 0.35098622556318315 23720
1647523028482 0.3509836359457536 23721
1647523029600 0.35058337231961695 23722
1647523030665 0.3504054562913047 23723
1647523031797 0.3502016478962552 23724
1647523033038 0.3500860432098652 23725
1647523034481 0.3496245586687757 23726
1647523035594 0.34953933969548306 23727
1647523036605 0.34953063477224866 23728
1647523037596 0.3496030199588562 23729
1647523039066 0.34896906725430893 23730
1647523040298 0.3486713648245141 23731
1647523041454 0.34856215721428996 23732
1647523042358 0.34877407290791507 23733
1647523043416 0.3485600088152997 23734
1647523044540 0.3482907355825106 23735
1647523045699 0.34821712416271833 23736
1647523046589 0.34851309578150313 23737
1647523047572 0.34837806106794 23738
1647523048552 0.3485124270970884 23739
1647523049574 0.3482670790836459 23740
1647523050677 0.3481835354776943 23741
1647523051698 0.34820673733658436 23742
1647523052595 0.34856615921893674 23743
1647523053554 0.3486848140804513 23744
1647523054546 0.3486580261299687 23745
1647523055515 0.34888528867166524 23746
1647523056605 0.34878392469806546 23747
1647523057448 0.34858848635381023 23748
1647523058416 0.34854961884249547 23749
1647523059521 0.3482046993478896 23750
1647523060473 0.34823762017148957 23751
1647523061444 0.3483132824818795 23752
1647523062434 0.3483351448890548 23753
1647523063777 0.3480427757979934 23754
1647523064736 0.34791129459626974 23755
1647523065910 0.34774409875134443 23756
1647523066824 0.34782820842836215 23757
1647523067944 0.34770286244689125 23758
1647523069197 0.34746166139289186 23759
1647523070631 0.3470579625551517 23760
1647523071644 0.3470913122859469 23761
1647523072687 0.3469986230681796 23762
1647523073831 0.3469590894060164 23763
1647523074871 0.34691205253898194 23764
1647523076009 0.34664046543114113 23765
1647523077109 0.3463473880489067 23766
1647523077995 0.34642534976802675 23767
1647523079245 0.3460595782275672 23768
1647523080404 0.3457059178077532 23769
1647523081501 0.34560224293772857 23770
1647523082584 0.34544455113687683 23771
1647523083978 0.3451517528967617 23772
1647523085264 0.34489794582481215 23773
1647523086348 0.34472663392887004 23774
1647523087346 0.34448254884165874 23775
1647523088815 0.34418739732409503 23776
1647523090218 0.34387305143632385 23777
1647523091129 0.3440349171530053 23778
1647523092591 0.3437100355621687 23779
1647523093756 0.3436393322720044 23780
1647523094602 0.3437417526379486 23781
1647523095614 0.3436011817596144 23782
1647523096723 0.3435860377704275 23783
1647523097884 0.3434497054378078 23784
1647523098836 0.343255041709968 23785
1647523099878 0.3432447284969509 23786
1647523100990 0.34314040412110364 23787
1647523102202 0.3430380781125752 23788
1647523103233 0.34298665952042673 23789
1647523104157 0.3429004258253205 23790
1647523105579 0.3425761951405681 23791
1647523106941 0.3421759457230902 23792
1647523107980 0.34195413956595533 23793
1647523109024 0.34184750188193946 23794
1647523110037 0.3418798132489125 23795
1647523111190 0.34177583055648114 23796
1647523112390 0.34157397861474126 23797
1647523113294 0.34158825508983337 23798
1647523114299 0.34162623856912605 23799
1647523115211 0.34175455729438836 23800
1647523116164 0.34189479643367027 23801
1647523117074 0.34186771020739865 23802
1647523118231 0.3420531997133208 23803
1647523119416 0.34245008718838216 23804
1647523120334 0.3430159665845536 23805
1647523121453 0.3433457051085012 23806
1647523122544 0.34388325327346403 23807
1647523124007 0.34386760391914173 23808
1647523124949 0.34446285844327296 23809
1647523125947 0.3448129597902298 23810
1647523126967 0.34506116232814943 23811
1647523128240 0.3450661717817701 23812
1647523129332 0.345152566081317 23813
1647523130244 0.34554648010114253 23814
1647523131332 0.345649388785425 23815
1647523132254 0.34588377529711234 23816
1647523133116 0.3461383753187993 23817
1647523134546 0.34614051707264026 23818
1647523135659 0.3461362369901811 23819
1647523136764 0.34616363300131514 23820
1647523137982 0.346147251831744 23821
1647523139015 0.34630984295092193 23822
1647523139940 0.346642982061069 23823
1647523141322 0.3465550893146765 23824
1647523142732 0.3465846744485391 23825
1647523143977 0.34652560137574323 23826
1647523145123 0.34645608930411387 23827
1647523145985 0.3469044239693926 23828
1647523147082 0.34704729797422584 23829
1647523148275 0.34705095951315723 23830
1647523149306 0.3471395995355014 23831
1647523150289 0.3473420813116679 23832
1647523151472 0.34732915547175625 23833
1647523152525 0.34761428844211695 23834
1647523153594 0.34776420552283527 23835
1647523154494 0.34807938422794055 23836
1647523155471 0.3482245120465459 23837
1647523156497 0.34820026776778784 23838
1647523157426 0.34851139389199787 23839
1647523158820 0.3484749350650811 23840
1647523159791 0.3486350916803177 23841
1647523160945 0.34868872110761645 23842
1647523162082 0.3488373176066899 23843
1647523163050 0.34896979016459073 23844
1647523164052 0.34921569936886065 23845
1647523165074 0.3494083124718237 23846
1647523166119 0.3495088057972274 23847
1647523167283 0.3494115939801311 23848
1647523168290 0.3495602099863803 23849
1647523169711 0.3495531902614846 23850
1647523170854 0.34962690890265197 23851
1647523172108 0.3494027946278346 23852
1647523173206 0.3493750850050643 23853
1647523174065 0.3496734044361228 23854
1647523175052 0.3497287617198059 23855
1647523176375 0.34975719908495695 23856
1647523177464 0.34983641851993535 23857
1647523178871 0.34971528163897514 23858
1647523179798 0.3498389320623762 23859
1647523180863 0.34997836032334495 23860
1647523181899 0.3501441831669897 23861
1647523183022 0.35018934623558573 23862
1647523184052 0.3502325814948461 23863
1647523185260 0.3502316821913619 23864
1647523186402 0.3501811992636947 23865
1647523187816 0.3500698341916719 23866
1647523188882 0.35008379675585916 23867
1647523189799 0.3502072075566849 23868
1647523190845 0.3503105149771761 23869
1647523192105 0.3503822139967447 23870
1647523193192 0.35042784380119874 23871
1647523194388 0.3503552421211378 23872
1647523195497 0.3503496903739019 23873
1647523196446 0.35045880347422426 23874
1647523197352 0.3507412401451306 23875
1647523198371 0.3508254673813476 23876
1647523199466 0.3508313115163626 23877
1647523200554 0.3509152840747252 23878
1647523201779 0.35099801525205104 23879
1647523202936 0.3512176138966271 23880
1647523203979 0.3512605172435799 23881
1647523204956 0.35135781981667685 23882
1647523206022 0.35142345004715025 23883
1647523206891 0.35158630067229535 23884
1647523207874 0.3518842800789409 23885
1647523208962 0.3518135127696124 23886
1647523210160 0.35171073711419526 23887
1647523211508 0.3516500840584437 23888
1647523212727 0.351659453158074 23889
1647523213638 0.3518678529904439 23890
1647523214750 0.35188674550960986 23891
1647523215568 0.3521999512316101 23892
1647523216668 0.3522773050259815 23893
1647523217804 0.35236120694732875 23894
1647523219004 0.3523076544313327 23895
1647523220169 0.35228344090202107 23896
1647523221533 0.35223776666503964 23897
1647523222656 0.3523013185283278 23898
1647523223775 0.3523520884778479 23899
1647523224886 0.3523650417084335 23900
1647523226296 0.35224078924998703 23901
1647523227412 0.3523739426051779 23902
1647523228372 0.3525331451788417 23903
1647523229601 0.35246032708362224 23904
1647523230484 0.35258725269677793 23905
1647523231885 0.3525354761290196 23906
1647523233126 0.3525674487385204 23907
1647523234482 0.3525226589678206 23908
1647523235557 0.3525368433272788 23909
1647523236670 0.3525372162931844 23910
1647523237587 0.3527167888060838 23911
1647523238664 0.3526999199727796 23912
1647523239739 0.3526799202152376 23913
1647523240788 0.3527676290472763 23914
1647523241745 0.35288339632873733 23915
1647523243096 0.35283280500131436 23916
1647523244468 0.35269705150508285 23917
1647523245773 0.35259052540327945 23918
1647523246908 0.3525481955879483 23919
1647523248106 0.3524499470732876 23920
1647523249202 0.35243745114455005 23921
1647523250618 0.35230314104341626 23922
1647523251586 0.3524577475046037 23923
1647523252701 0.35240819437737847 23924
1647523253613 0.3525380041222183 23925
1647523254752 0.3525522792837042 23926
1647523255837 0.35254618564878054 23927
1647523256961 0.35251883817855534 23928
1647523258161 0.3524485437674561 23929
1647523259527 0.3522884973672905 23930
1647523260972 0.3522204450001159 23931
1647523262156 0.3521536756869053 23932
1647523263253 0.3522537045749316 23933
1647523264441 0.352104603497681 23934
1647523265743 0.3521221340000629 23935
1647523266769 0.3520694883938083 23936
1647523267939 0.3523643085384274 23937
1647523269027 0.35272043217603066 23938
1647523270331 0.35283922034478377 23939
1647523271350 0.3531620074911873 23940
1647523272377 0.3534555406615197 23941
1647523273340 0.3537704675096497 23942
1647523274505 0.35398603034183734 23943
1647523275719 0.35409933794106857 23944
1647523276943 0.3541493459951644 23945
1647523277923 0.3545415850243223 23946
1647523279071 0.354691455635475 23947
1647523280158 0.3549342868562795 23948
1647523281289 0.35513199990477545 23949
1647523282537 0.3552086074086069 23950
1647523283522 0.35531354929472125 23951
1647523284508 0.35560485147069454 23952
1647523286005 0.3555295787550308 23953
1647523287004 0.35572982543580567 23954
1647523288161 0.3557514913093585 23955
1647523289257 0.3559112477611443 23956
1647523290535 0.3558259588377229 23957
1647523291762 0.35577186312433867 23958
1647523292838 0.3558178205355888 23959
1647523293951 0.35590127130349475 23960
1647523295111 0.3560133616903889 23961
1647523296387 0.356056294557718 23962
1647523297639 0.3561883658791582 23963
1647523298460 0.35652199074879487 23964
1647523299434 0.3567892088361506 23965
1647523300427 0.35703074856329775 23966
1647523301561 0.35711531988100004 23967
1647523302680 0.35716889110895306 23968
1647523303823 0.35728783082314647 23969
1647523304876 0.3573206397696076 23970
1647523306467 0.357302658398872 23971
1647523307923 0.3572029928976819 23972
1647523308969 0.35743297921791395 23973
1647523310135 0.3575102746320788 23974
1647523311047 0.3577386699616909 23975
1647523312105 0.35780447569990775 23976
1647523313212 0.35776218752689465 23977
1647523314363 0.3578123006537474 23978
1647523315332 0.3580678431591129 23979
1647523316430 0.3582964718615243 23980
1647523317859 0.35819674987386874 23981
1647523319060 0.3581767695423018 23982
1647523320093 0.358291992876869 23983
1647523321309 0.3583093639768538 23984
1647523322430 0.3584948443011804 23985
1647523323612 0.3586018814852363 23986
1647523324933 0.35857026432843314 23987
1647523325917 0.3587357808463612 23988
1647523327341 0.3586475276505904 23989
1647523328465 0.3587538142193545 23990
1647523329627 0.35893946352729694 23991
1647523330748 0.359027223564564 23992
1647523331803 0.3591396069174172 23993
1647523332879 0.3592042912577474 23994
1647523334042 0.35925019050815277 23995
1647523335285 0.35918582051514303 23996
1647523336458 0.35923427786161044 23997
1647523337599 0.3593933378242049 23998
1647523339002 0.3592826605952801 23999
1647523340511 0.359157917483718 24000
1647523341645 0.35934980979761894 24001
1647523342566 0.35957648806155673 24002
1647523343525 0.35971115301297585 24003
1647523345046 0.3596361893604007 24004
1647523346206 0.359735480970458 24005
1647523347278 0.3598900301391732 24006
1647523348273 0.36014871765579376 24007
1647523349403 0.36028757527548605 24008
1647523350532 0.3603353761266333 24009
1647523351974 0.36020670276621114 24010
1647523353048 0.3604741003105624 24011
1647523354511 0.3603603745612156 24012
1647523355640 0.3604688411610762 24013
1647523356729 0.3606510763289809 24014
1647523357908 0.36079705221385794 24015
1647523359277 0.36077094639742846 24016
1647523360247 0.36091231047799904 24017
1647523361175 0.3610949628502386 24018
1647523362160 0.36121016508606196 24019
1647523363338 0.36131923934842786 24020
1647523364468 0.3614337268593775 24021
1647523365741 0.3615821286959786 24022
1647523366924 0.36161999209296136 24023
1647523368007 0.3616399057399235 24024
1647523368935 0.361825412688619 24025
1647523370109 0.3618707592061732 24026
1647523371135 0.3619523426719211 24027
1647523372235 0.3620122153732869 24028
1647523373283 0.36214086897545794 24029
1647523374348 0.36221720538720364 24030
1647523375530 0.3623166270054027 24031
1647523376615 0.36234069701714733 24032
1647523377761 0.36241782067910483 24033
1647523378778 0.36255201709787915 24034
1647523379914 0.36248719605306784 24035
1647523380922 0.3625716282652936 24036
1647523382219 0.3626531169709573 24037
1647523383418 0.362815628374987 24038
1647523384474 0.36284420774965886 24039
1647523385848 0.36273884332377065 24040
1647523386896 0.3628689881549417 24041
1647523388334 0.36278387366547027 24042
1647523389682 0.36275385200095017 24043
1647523390648 0.3628374818461673 24044
1647523391753 0.36290970535063355 24045
1647523392701 0.3631398646852974 24046
1647523393780 0.3632173197575254 24047
1647523394951 0.3632673807138331 24048
1647523396006 0.36329399944807883 24049
1647523397092 0.36333188489685214 24050
1647523398464 0.36325689499544633 24051
1647523399939 0.3631395551480196 24052
1647523400971 0.36320380222739523 24053
1647523402050 0.36322985021382426 24054
1647523403020 0.36338710114359857 24055
1647523404148 0.36338759843565993 24056
1647523405271 0.36346385249466756 24057
1647523406396 0.36354652738398957 24058
1647523407489 0.3636832515924023 24059
1647523408567 0.36377421452999115 24060
1647523409694 0.36385797790159435 24061
1647523410878 0.3639212526630557 24062
1647523412033 0.3639177221354026 24063
1647523413306 0.36382572731930046 24064
1647523414623 0.3637645413714742 24065
1647523415554 0.36393877771784877 24066
1647523416959 0.3637587346749592 24067
1647523417977 0.36381581239696553 24068
1647523419176 0.36376873337978066 24069
1647523420064 0.36388218381742793 24070
1647523421455 0.3637887408382863 24071
1647523422623 0.3638868648880505 24072
1647523423715 0.36392538625525084 24073
1647523424751 0.3640213416822266 24074
1647523425887 0.36405488268937913 24075
1647523426963 0.3640340763535031 24076
1647523428401 0.36392206661519233 24077
1647523429457 0.3640405988758126 24078
1647523431091 0.3641043604114411 24079
1647523432483 0.36397767891717514 24080
1647523433669 0.36400121950974035 24081
1647523434800 0.36395306917486087 24082
1647523436021 0.36394591650201213 24083
1647523437474 0.3638592362174268 24084
1647523438655 0.3639082511800986 24085
1647523439940 0.3638240497919821 24086
1647523441340 0.3636331860136035 24087
1647523442512 0.36374848238998314 24088
1647523443499 0.3638720304366281 24089
1647523444678 0.363895410822548 24090
1647523446080 0.3637150673468302 24091
1647523447058 0.363928887238967 24092
1647523448151 0.3640601355299399 24093
1647523449300 0.3641066132212264 24094
1647523450479 0.3640902389856902 24095
1647523451669 0.3640170015067809 24096
1647523453345 0.3639504340255008 24097
1647523455196 0.3638277537277921 24098
1647523456298 0.36393717063747977 24099
1647523457358 0.3639689439893665 24100
1647523458305 0.364150169084559 24101
1647523459277 0.36428448801365926 24102
1647523460378 0.3644176726703515 24103
1647523461345 0.3646491162579156 24104
1647523462444 0.3646899680815526 24105
1647523463536 0.3646941500120476 24106
1647523464926 0.36459805011483176 24107
1647523466197 0.364552152967205 24108
1647523467278 0.36451861476774383 24109
1647523468570 0.3644847798568231 24110
1647523469707 0.3645673306691929 24111
1647523470627 0.36470949079736825 24112
1647523471783 0.36465833336114883 24113
1647523472799 0.3647904505127484 24114
1647523474271 0.3647921410334461 24115
1647523475458 0.3649596445667236 24116
1647523476507 0.36523088731985986 24117
1647523477964 0.36523522894780425 24118
1647523478987 0.3654321895923182 24119
1647523480295 0.3654345772779771 24120
1647523481368 0.3656830945141809 24121
1647523482428 0.365862556658631 24122
1647523483673 0.36570511916435733 24123
1647523484747 0.3657148359951675 24124
1647523485962 0.36565519677124164 24125
1647523487387 0.36554998092558205 24126
1647523488384 0.3656243965934122 24127
1647523489390 0.36572224583374646 24128
1647523490343 0.3657517195477953 24129
1647523491524 0.36579224773876956 24130
1647523492599 0.3658073414117098 24131
1647523493577 0.365872662092213 24132
1647523494647 0.3658231177225837 24133
1647523495747 0.36583540408481685 24134
1647523496579 0.36597422921231815 24135
1647523497481 0.3660749560713598 24136
1647523498472 0.3661423078247285 24137
1647523499455 0.3662596281570188 24138
1647523500493 0.36625438215295697 24139
1647523501423 0.3662781147035301 24140
1647523502455 0.3662398031387721 24141
1647523503575 0.366189548263624 24142
1647523504654 0.3662658228333724 24143
1647523505545 0.3663951861126971 24144
1647523506518 0.36647635641652093 24145
1647523507454 0.3665509348638282 24146
1647523508423 0.366679140125935 24147
1647523509412 0.36666729124615605 24148
1647523510432 0.36672793589636726 24149
1647523511392 0.36675414682685076 24150
1647523512500 0.3666540339963729 24151
1647523513700 0.3665965323958603 24152
1647523515125 0.36642873478135024 24153
1647523516122 0.3664505811659451 24154
1647523517153 0.3664548394166761 24155
1647523518339 0.3664499751489801 24156
1647523519372 0.3664711331561662 24157
1647523520258 0.3665206599697203 24158
1647523521190 0.3666052888687803 24159
1647523522085 0.36683678310492945 24160
1647523523019 0.36687035883261154 24161
1647523523965 0.3669533918533561 24162
1647523525143 0.36687993606204516 24163
1647523525948 0.3670260088597469 24164
1647523526895 0.36706920453946884 24165
1647523527958 0.36704388334226024 24166
1647523529471 0.36691897252544026 24167
1647523530635 0.3668283696958508 24168
1647523531653 0.3668611710662738 24169
1647523532690 0.3668079763853631 24170
1647523533590 0.36691483600146096 24171
1647523534675 0.3668759178921196 24172
1647523535912 0.36673097195341015 24173
1647523537304 0.36659069692007745 24174
1647523538438 0.3664960168100692 24175
1647523539504 0.36646813608695944 24176
1647523540502 0.3665206723136079 24177
1647523541728 0.3664128917142809 24178
1647523542623 0.36639901771340316 24179
1647523543891 0.36631549292762805 24180
1647523544936 0.3663513058392036 24181
1647523546009 0.3664098989213486 24182
1647523547155 0.3664045504787389 24183
1647523548222 0.36635780131546297 24184
1647523549165 0.3663791963259379 24185
1647523550015 0.36647706608797675 24186
1647523551196 0.36640106216865653 24187
1647523552582 0.3662701473134764 24188
1647523553493 0.36633400342350614 24189
1647523554530 0.3662986372875062 24190
1647523555645 0.36623126536450057 24191
1647523556599 0.36627414113936685 24192
1647523557511 0.36630312213797056 24193
1647523558558 0.3663335621985208 24194
1647523559674 0.366252472879071 24195
1647523560718 0.3662378018068421 24196
1647523561554 0.3662500842975506 24197
1647523562486 0.3662972148327184 24198
1647523563377 0.3663308798330617 24199
1647523564453 0.366341510863086 24200
1647523565464 0.3663678024129519 24201
1647523566456 0.3663885350566178 24202
1647523567276 0.3665018706815317 24203
1647523568491 0.36641055043249043 24204
1647523569478 0.36641634362084524 24205
1647523570471 0.3664342782299497 24206
1647523571448 0.36642830081554273 24207
1647523572444 0.36643010659328873 24208
1647523573333 0.36648784065739437 24209
1647523574411 0.3663510812482526 24210
1647523575448 0.36629785789349645 24211
1647523576444 0.3663059455394131 24212
1647523577356 0.36639086821698286 24213
1647523578284 0.3665065046146378 24214
1647523579714 0.36635398448277745 24215
1647523580599 0.36641632152122666 24216
1647523581567 0.36642294725798585 24217
1647523582769 0.36630537854757345 24218
1647523583704 0.3663477286392329 24219
1647523584690 0.36639650016073966 24220
1647523586102 0.36622437387325685 24221
1647523586981 0.36631870284922696 24222
1647523587872 0.36637687372979777 24223
1647523588808 0.36635306058274475 24224
1647523589769 0.36641339916217175 24225
1647523590680 0.3664321853825175 24226
1647523591596 0.3664709673535944 24227
1647523592531 0.3665202978956143 24228
1647523593422 0.3666528349259038 24229
1647523594352 0.3667520431602526 24230
1647523595223 0.36686497466198764 24231
1647523596222 0.36684626733493925 24232
1647523597101 0.3668085336311718 24233
1647523598154 0.3667595979194617 24234
1647523599198 0.36682171039283273 24235
1647523600298 0.3668265034643452 24236
1647523601188 0.36688958784737197 24237
1647523602243 0.36695408613269087 24238
1647523603365 0.36695927741070883 24239
1647523604498 0.3668614527453547 24240
1647523605510 0.3669181681300511 24241
1647523606965 0.3668009664637153 24242
1647523608222 0.36678371379281033 24243
1647523609089 0.36675083176756673 24244
1647523610051 0.36677985029456056 24245
1647523611149 0.36674724337352044 24246
1647523612067 0.3667891343752739 24247
1647523613050 0.366834699704345 24248
1647523614081 0.36687187491675854 24249
1647523615009 0.3668574753348813 24250
1647523616100 0.36683333844092547 24251
1647523617212 0.36686662605517933 24252
1647523618630 0.366706889988012 24253
1647523619734 0.3666799869911429 24254
1647523620826 0.3666285503019647 24255
1647523621781 0.36660701165318343 24256
1647523622876 0.3666292435315114 24257
1647523624035 0.3665737344782668 24258
1647523625035 0.3666090767613603 24259
1647523625979 0.36666355272134143 24260
1647523627189 0.3665262315485437 24261
1647523628336 0.3665160070631784 24262
1647523629509 0.36645616301231915 24263
1647523630507 0.3665713733837314 24264
1647523631577 0.36646801195589895 24265
1647523632678 0.36640091304959804 24266
1647523633583 0.3664402284193784 24267
1647523634739 0.36639160685250166 24268
1647523635821 0.3663767378786199 24269
1647523636937 0.3663806324412009 24270
1647523637835 0.36640079417511034 24271
1647523638907 0.3663900932352745 24272
1647523639840 0.36635354138146153 24273
1647523640817 0.3663112810136877 24274
1647523641761 0.3663463476335719 24275
1647523642864 0.3663241628127773 24276
1647523643896 0.3663463716233711 24277
1647523644991 0.3662859271606375 24278
1647523646149 0.36626307410298364 24279
1647523647052 0.3663401608107358 24280
1647523648094 0.3663862311142556 24281
1647523648979 0.36639551107618856 24282
1647523649814 0.36638682108934756 24283
1647523650872 0.3663620006455409 24284
1647523651901 0.3663275747965364 24285
1647523652853 0.36639073930601956 24286
1647523653790 0.36633477036452067 24287
1647523654714 0.3663765480796449 24288
1647523655622 0.3664490888876714 24289
1647523656655 0.36646478613566236 24290
1647523657601 0.3664674854132338 24291
1647523658554 0.366513213988224 24292
1647523659496 0.3665864064177989 24293
1647523660506 0.3665754484040912 24294
1647523661909 0.3664731067453706 24295
1647523663061 0.3663909944611559 24296
1647523663993 0.3664215395352403 24297
1647523664913 0.3664630501081051 24298
1647523666027 0.3664904741604847 24299
1647523667119 0.36656134474828755 24300
1647523668250 0.36653509696485265 24301
1647523669391 0.36648617574844117 24302
1647523670298 0.3665509492261893 24303
1647523671423 0.3664661471499398 24304
1647523672502 0.36649116043044233 24305
1647523673489 0.36652994544237816 24306
1647523674401 0.36657262759266096 24307
1647523675591 0.3665574562884142 24308
1647523676550 0.36656070388086326 24309
1647523677646 0.36657709263052257 24310
1647523678929 0.36647750922057726 24311
1647523680055 0.36637766326234983 24312
1647523681315 0.3663315766051853 24313
1647523682505 0.36626057245422144 24314
1647523683449 0.3663499504158443 24315
1647523684437 0.3663463307868068 24316
1647523685456 0.3663621117907857 24317
1647523686550 0.3663218254107446 24318
1647523687583 0.3663464080525469 24319
1647523688637 0.3663397004543725 24320
1647523689729 0.3663603213550544 24321
1647523690809 0.3663701040264988 24322
1647523691897 0.3663039284817002 24323
1647523692823 0.3663161944585388 24324
1647523693877 0.36636859970481206 24325
1647523694890 0.3664398413615596 24326
1647523696005 0.3664689743097855 24327
1647523697104 0.36651042899719677 24328
1647523698091 0.3665912945565228 24329
1647523699206 0.3665612030129193 24330
1647523700276 0.36651748224228087 24331
1647523701322 0.3665305027362362 24332
1647523702396 0.36653039222769856 24333
1647523703242 0.3666144754816348 24334
1647523704183 0.3666027704709106 24335
1647523705284 0.3665873755129275 24336
1647523706392 0.3665365017207129 24337
1647523707597 0.36646367352072184 24338
1647523708463 0.36655743959137294 24339
1647523709652 0.3664886740195817 24340
1647523710903 0.36640345874277436 24341
1647523711869 0.3664449016176485 24342
1647523712905 0.3664882627976361 24343
1647523713842 0.3664421277044892 24344
1647523715030 0.36639508577166024 24345
1647523715942 0.36647077065071604 24346
1647523716818 0.3665254919119833 24347
1647523717704 0.36654015391379563 24348
1647523718633 0.3665923710170669 24349
1647523719552 0.36663097802732814 24350
1647523720663 0.3665574928135591 24351
1647523721620 0.36656892057528545 24352
1647523722549 0.36665344967107105 24353
1647523723477 0.36674647363991164 24354
1647523724805 0.3666813996984907 24355
1647523725694 0.36665005334749023 24356
1647523726771 0.3666484249097148 24357
1647523728240 0.366523106833708 24358
1647523729331 0.36651086673398553 24359
1647523730471 0.36652946206363474 24360
1647523731480 0.3665231071235552 24361
1647523732306 0.36658604938171185 24362
1647523733396 0.36657152156313433 24363
1647523734545 0.3665054965808394 24364
1647523735648 0.36643327540287407 24365
1647523736743 0.36642220269020337 24366
1647523738212 0.366331596279221 24367
1647523739096 0.36636859020427875 24368
1647523740422 0.366315977045632 24369
1647523741422 0.3663036231848008 24370
1647523742675 0.3662186345069582 24371
1647523743871 0.3661220353116602 24372
1647523744872 0.36610604566869454 24373
1647523745844 0.36610771839420636 24374
1647523747114 0.3659611864451398 24375
1647523748158 0.3660275140711909 24376
1647523749215 0.3659700667307635 24377
1647523750065 0.36605580463958065 24378
1647523750941 0.36614742160032865 24379
1647523751876 0.3661258753803041 24380
1647523752925 0.3660540074960626 24381
1647523753913 0.3660645117194499 24382
1647523755047 0.36598493238981766 24383
1647523756100 0.3659706005651908 24384
1647523757156 0.3659541971903098 24385
1647523758061 0.3659422388995609 24386
1647523758994 0.3659406253175826 24387
1647523760201 0.3658767690469686 24388
1647523761083 0.365967093164441 24389
1647523762106 0.3659729209089779 24390
1647523762993 0.3659763265260842 24391
1647523763961 0.36605105384826164 24392
1647523765205 0.36599476213930543 24393
1647523766245 0.36598856706751026 24394
1647523767253 0.366005183958138 24395
1647523768301 0.36599044535894426 24396
1647523769181 0.36606319157286643 24397
1647523770256 0.366112114407068 24398
1647523771279 0.366214803748482 24399
1647523772161 0.3662882250979774 24400
1647523773581 0.3661768425171173 24401
1647523774719 0.36617484973837944 24402
1647523775744 0.3662564495409077 24403
1647523776605 0.36636833440593153 24404
1647523777830 0.36629849769098244 24405
1647523778674 0.3663459181263813 24406
1647523779643 0.3663482232624857 24407
1647523780565 0.3664255823867294 24408
1647523781588 0.36641427563996776 24409
1647523782628 0.3664282263700779 24410
1647523783554 0.3664842907980573 24411
1647523784512 0.36652121513685404 24412
1647523785609 0.3664892068578422 24413
1647523786518 0.36657771384448146 24414
1647523787508 0.3666028371422875 24415
1647523788556 0.36658872575874113 24416
1647523789669 0.36653989145262905 24417
1647523790544 0.36656808706108457 24418
1647523791489 0.3665697514798825 24419
1647523792587 0.3665431489647948 24420
1647523793495 0.36660511759969333 24421
1647523794686 0.3665931720169603 24422
1647523796072 0.3664952384587 24423
1647523797112 0.3664693849121717 24424
1647523798120 0.3663977718563995 24425
1647523799273 0.3663635793565862 24426
1647523800489 0.36630000253658623 24427
1647523801594 0.366246678122701 24428
1647523802609 0.36629151864730614 24429
1647523803782 0.3663007645001963 24430
1647523804961 0.36628463886767987 24431
1647523806044 0.36627955095041004 24432
1647523806985 0.36633997144763597 24433
1647523808502 0.3664391481273764 24434
1647523809985 0.3664856477826834 24435
1647523811525 0.3665333131661306 24436
1647523812808 0.3666851338958312 24437
1647523813984 0.3668861275507232 24438
1647523815467 0.366994766852414 24439
1647523816568 0.36716983515528306 24440
1647523817741 0.36734058630928607 24441
1647523819051 0.3673377503320027 24442
1647523820073 0.3675132038899594 24443
1647523821353 0.3675424144543316 24444
1647523822767 0.3675043922692242 24445
1647523823775 0.36765542515838184 24446
1647523824855 0.36771583561546245 24447
1647523826050 0.36778943990849083 24448
1647523827138 0.3678570993582643 24449
1647523828174 0.3680084078916775 24450
1647523829464 0.36795629832277615 24451
1647523830632 0.3680104548981525 24452
1647523831617 0.36809084432708256 24453
1647523832779 0.36806698011872346 24454
1647523833980 0.3681149204425952 24455
1647523834917 0.36821952694251653 24456
1647523835989 0.3682570388784847 24457
1647523837098 0.36832742215309905 24458
1647523838187 0.36834725104563404 24459
1647523839128 0.36843034998672763 24460
1647523840027 0.3685170491507411 24461
1647523840992 0.3685662636593231 24462
1647523842166 0.3684980057991664 24463
1647523843403 0.36841467056202587 24464
1647523844367 0.3684597520718297 24465
1647523845565 0.3684277901449444 24466
1647523846624 0.36843835124962554 24467
1647523847708 0.3684186799684314 24468
1647523848788 0.36840268354178396 24469
1647523849778 0.3683694531232263 24470
1647523850746 0.3683123128725985 24471
1647523851759 0.3683382881555631 24472
1647523852978 0.3682279580619064 24473
1647523854069 0.36819061821934346 24474
1647523855092 0.36816518385536395 24475
1647523856141 0.3681616843691477 24476
1647523857027 0.3681319689596226 24477
1647523857882 0.3681656655534916 24478
1647523859050 0.3681174081489729 24479
1647523859943 0.36807816203986626 24480
1647523861378 0.36792884890994426 24481
1647523862480 0.36790936779668476 24482
1647523863682 0.3678154321316317 24483
1647523864816 0.36771953363039017 24484
1647523865840 0.36776305469728654 24485
1647523867178 0.3677221986506804 24486
1647523868379 0.3676958753383885 24487
1647523869264 0.36766942009570364 24488
1647523870295 0.36763575417210526 24489
1647523871183 0.36760877262077063 24490
1647523872239 0.36756773353695416 24491
1647523873740 0.3674529308176537 24492
1647523874601 0.3674575877437519 24493
1647523876200 0.36734043462756 24494
1647523877076 0.36732428492802494 24495
1647523878220 0.36726925490488993 24496
1647523879205 0.36721934271509815 24497
1647523880122 0.36714436855387933 24498
1647523880924 0.3671470394260005 24499
1647523881860 0.367081824015004 24500
1647523882791 0.3670529108948824 24501
1647523884001 0.36698971003042613 24502
1647523884906 0.36701343585266155 24503
1647523886061 0.366920300350778 24504
1647523887063 0.36685339318257626 24505
1647523887955 0.36688371329637026 24506
1647523889071 0.366790933451101 24507
1647523890075 0.36681121337780415 24508
1647523891188 0.3667889025957225 24509
1647523892207 0.3667317547354587 24510
1647523893110 0.366723238701714 24511
1647523893955 0.36678757887254076 24512
1647523895010 0.36680012241918214 24513
1647523895999 0.3668123100564036 24514
1647523896929 0.3667875643405649 24515
1647523897995 0.3667720101642785 24516
1647523899073 0.36672920611120635 24517
1647523900097 0.36673076548514716 24518
1647523901048 0.36672727087327034 24519
1647523902122 0.36668057381282754 24520
1647523902984 0.36670257757601377 24521
1647523904093 0.36664986879099587 24522
1647523905313 0.3665966979940148 24523
1647523906439 0.3665505087189547 24524
1647523907300 0.36659883829431794 24525
1647523908206 0.36660426789527634 24526
1647523909399 0.36654507786363033 24527
1647523910406 0.3665352314301619 24528
1647523911622 0.3664812617262713 24529
1647523912681 0.3664214585469738 24530
1647523913842 0.3664417435979321 24531
1647523914841 0.3664793488157806 24532
1647523915888 0.3665929416598301 24533
1647523917025 0.3666687642475819 24534
1647523918122 0.36679888411001726 24535
1647523919304 0.36690736182379136 24536
1647523920369 0.3671335203948341 24537
1647523921291 0.3673576892827277 24538
1647523922431 0.36745898196122784 24539
1647523923261 0.3676030578926138 24540
1647523924421 0.36760542720933503 24541
1647523925522 0.36765353084148966 24542
1647523926372 0.3677725729798152 24543
1647523927348 0.36796285541236023 24544
1647523928420 0.36801431592520295 24545
1647523929780 0.36802323110247387 24546
1647523930766 0.368120774465928 24547
1647523931751 0.3681674693633283 24548
1647523932904 0.3681967911215188 24549
1647523934378 0.3681917343973579 24550
1647523935548 0.36821458755748676 24551
1647523936971 0.3681574792550308 24552
1647523938069 0.3682126065113037 24553
1647523939382 0.3681781236032379 24554
1647523940485 0.36822476482817107 24555
1647523941408 0.36833400087203433 24556
1647523942306 0.36843037028894915 24557
1647523943189 0.36864290448139525 24558
1647523944243 0.3687206603241985 24559
1647523945366 0.36874785844484964 24560
1647523946795 0.36867136787457744 24561
1647523947817 0.36876784618067976 24562
1647523948846 0.36882127678774773 24563
1647523949931 0.3688897939252051 24564
1647523951024 0.369005552857323 24565
1647523952253 0.3690372338661781 24566
1647523953213 0.36923014401547055 24567
1647523954499 0.369316497158394 24568
1647523955562 0.3694243462628158 24569
1647523956805 0.3695217437943698 24570
1647523957783 0.3696672069302327 24571
1647523958762 0.36981606040487397 24572
1647523959836 0.36996790072725194 24573
1647523960925 0.3700217944001607 24574
1647523962005 0.37017003185393516 24575
1647523963055 0.3702333339152892 24576
1647523964010 0.370361179844093 24577
1647523965385 0.3703544613101038 24578
1647523966791 0.3703509009332507 24579
1647523968011 0.37034438491908744 24580
1647523969052 0.3703901193008789 24581
1647523970040 0.3705286825337198 24582
1647523970990 0.370712602595419 24583
1647523972030 0.3709214685583654 24584
1647523973161 0.3709939659678418 24585
1647523974429 0.3709334204965421 24586
1647523975590 0.3709055396417777 24587
1647523976902 0.370908192624657 24588
1647523978151 0.3709367497128465 24589
1647523979188 0.37097613243829636 24590
1647523980616 0.3709544777663934 24591
1647523981930 0.37095205971364226 24592
1647523983098 0.37100197217830927 24593
1647523984211 0.37109057480554525 24594
1647523985474 0.37106402950554057 24595
1647523986571 0.3710985306672861 24596
1647523987598 0.37117368439388765 24597
1647523988752 0.37122014129049086 24598
1647523989842 0.3713994012614296 24599
1647523990926 0.37140244908087244 24600
1647523992182 0.3713390311133596 24601
1647523993216 0.37138074194659715 24602
1647523994325 0.37143862696543134 24603
1647523995365 0.3715112064514943 24604
1647523996452 0.37159379155207906 24605
1647523997399 0.371712942595771 24606
1647523998376 0.37179758811668323 24607
1647523999528 0.3718636016609927 24608
1647524000601 0.3718918921391034 24609
1647524002113 0.3719373374796928 24610
1647524003387 0.3721419626555475 24611
1647524004428 0.3722462029961478 24612
1647524005769 0.3721998631954193 24613
1647524006770 0.37228669363932654 24614
1647524007752 0.37239442134307604 24615
1647524008977 0.3724140371436491 24616
1647524010079 0.37247420353231897 24617
1647524011027 0.37251690707767 24618
1647524012079 0.37251641113009004 24619
1647524013477 0.3724592617543941 24620
1647524014431 0.3725802334776214 24621
1647524015533 0.37259388876342936 24622
1647524016938 0.3725035549564795 24623
1647524017971 0.37263015714686293 24624
1647524019123 0.37259770296200984 24625
1647524020251 0.37258415428357 24626
1647524021340 0.37266560711416624 24627
1647524022284 0.3727418162546933 24628
1647524023310 0.3727924742890363 24629
1647524024264 0.3728174715361336 24630
1647524025383 0.3728384579404142 24631
1647524026494 0.3728537060065178 24632
1647524027420 0.3729785437476456 24633
1647524028346 0.3730684481281554 24634
1647524029534 0.3730364363640547 24635
1647524030549 0.3731110545370005 24636
1647524031702 0.37306595929648834 24637
1647524032703 0.37310737401172706 24638
1647524033578 0.3732275764312459 24639
1647524034472 0.373290014860541 24640
1647524035461 0.37329615674801725 24641
1647524036510 0.37331050234386126 24642
1647524037604 0.37328679477240867 24643
1647524038571 0.3733423816654877 24644
1647524039592 0.3733988550822597 24645
1647524040471 0.373437152161862 24646
1647524041489 0.37348761648038037 24647
1647524042472 0.3735425547686669 24648
1647524043397 0.37363899861273697 24649
1647524044507 0.3736386318756229 24650
1647524045314 0.37369749354394644 24651
1647524046490 0.37372364416020565 24652
1647524047473 0.3737902159271961 24653
1647524048597 0.373761186084364 24654
1647524049695 0.3737382275403523 24655
1647524050722 0.3737511221352998 24656
1647524051805 0.3737619342663479 24657
1647524052763 0.3738088022707333 24658
1647524053729 0.37381748869722964 24659
1647524054790 0.37378629995852103 24660
1647524055789 0.3738484198127252 24661
1647524056847 0.3738277845734392 24662
1647524057942 0.3737909272798498 24663
1647524058987 0.37377640238809234 24664
1647524060066 0.37376897623383903 24665
1647524061151 0.37380914706025636 24666
1647524062135 0.3738278316261319 24667
1647524063221 0.3737970319155842 24668
1647524064224 0.3738118498744609 24669
1647524065218 0.37380807563843516 24670
1647524066628 0.37372454279931233 24671
1647524067704 0.3737282126828751 24672
1647524068672 0.37376267558057014 24673
1647524069882 0.3737167055997471 24674
1647524070918 0.3736990937061848 24675
1647524071864 0.373729704777912 24676
1647524073136 0.3736578270241066 24677
1647524074494 0.3735616867665025 24678
1647524075703 0.3734886628782251 24679
1647524076790 0.37349002038139895 24680
1647524077656 0.37354720432915234 24681
1647524078840 0.3735228278872101 24682
1647524079809 0.3735160917664568 24683
1647524080771 0.3735558503241039 24684
1647524081661 0.37364433779716494 24685
1647524082597 0.3736711545146817 24686
1647524083499 0.37380147008850173 24687
1647524084925 0.37370643031568596 24688
1647524086126 0.3737620010472941 24689
1647524087192 0.3738285468156594 24690
1647524088147 0.37393103808069683 24691
1647524089608 0.3738672709360707 24692
1647524090724 0.3738997592124348 24693
1647524091950 0.37385848448615494 24694
1647524093125 0.37389373895194794 24695
1647524094097 0.37399078575889805 24696
1647524095498 0.3739635611156654 24697
1647524096709 0.37395549556704993 24698
1647524098199 0.37388264100196994 24699
1647524099665 0.3738069359964062 24700
1647524101066 0.37379248004765686 24701
1647524102150 0.3738992451774669 24702
1647524103204 0.37389903790567197 24703
1647524104693 0.37381390904328127 24704
1647524105781 0.3739312453063454 24705
1647524106898 0.3739700278928203 24706
1647524108323 0.37391408270447507 24707
1647524109628 0.3739255716130196 24708
1647524110628 0.37406545669261476 24709
1647524111604 0.3741527580981161 24710
1647524112654 0.3742161338979548 24711
1647524113798 0.37421691303339055 24712
1647524115089 0.37416750176318564 24713
1647524116424 0.37414730697334325 24714
1647524117641 0.37417044597677884 24715
1647524118719 0.3742133804730007 24716
1647524119857 0.37428012385662185 24717
1647524120975 0.37429832141564773 24718
1647524122508 0.37422756263493007 24719
1647524123602 0.37422460762907095 24720
1647524124706 0.37418704784676593 24721
1647524125811 0.37417812111679677 24722
1647524126853 0.37422499969971845 24723
1647524127867 0.3742637010717503 24724
1647524129096 0.37421510917271755 24725
1647524130160 0.3742324645255168 24726
1647524131234 0.37431622907842277 24727
1647524132621 0.3742347728440859 24728
1647524133818 0.3741666810267491 24729
1647524134926 0.37424335666144676 24730
1647524135952 0.37428985726962116 24731
1647524137001 0.37433351485565614 24732
1647524138199 0.374314109859371 24733
1647524139225 0.3743479996346069 24734
1647524140407 0.3743484058517676 24735
1647524141429 0.3744318789926334 24736
1647524141625 0.374250928286217 24737
