1647535494558 0.3348391652107239 33852
1647535496683 0.37685351073741913 33853
1647535498379 0.347327580054601 33854
1647535500260 0.3566153794527054 33855
1647535501470 0.36365178823471067 33856
1647535502772 0.3647453884283702 33857
1647535503780 0.36431664654186796 33858
1647535504821 0.37067772448062897 33859
1647535505900 0.36823785967297024 33860
1647535506842 0.370911231637001 33861
1647535507937 0.36790507489984686 33862
1647535509001 0.36493601898352307 33863
1647535509990 0.36529244826390195 33864
1647535511139 0.36090158990451265 33865
1647535512648 0.3525857408841451 33866
1647535513715 0.35314545407891273 33867
1647535514873 0.35148227039505453 33868
1647535516375 0.34658028185367584 33869
1647535517382 0.34556869927205536 33870
1647535518625 0.34198305755853653 33871
1647535519848 0.34010149183727445 33872
1647535521126 0.33753221414305945 33873
1647535522290 0.3354020364906477 33874
1647535523696 0.3305931407958269 33875
1647535524889 0.3310416918992996 33876
1647535526067 0.33085687974324596 33877
1647535526972 0.33395127179446044 33878
1647535528125 0.3313299295093332 33879
1647535529375 0.3289411730807403 33880
1647535530490 0.32832410285870234 33881
1647535531584 0.3266816749688118 33882
1647535532585 0.32664219243451953 33883
1647535533576 0.3271935243498195 33884
1647535534845 0.3256729337222436 33885
1647535536138 0.32475083938666754 33886
1647535537329 0.32521186396479607 33887
1647535538305 0.32602006639983205 33888
1647535539260 0.32669476654968765 33889
1647535540539 0.3246903075621678 33890
1647535541514 0.325996708124876 33891
1647535542654 0.32519227339000234 33892
1647535543959 0.3246206868262518 33893
1647535545100 0.3237012375232785 33894
1647535545944 0.3239983780817552 33895
1647535547281 0.3214278750949436 33896
1647535548292 0.32201193467430445 33897
1647535549717 0.3207329448233259 33898
1647535550657 0.3214515329649051 33899
1647535551843 0.3197892791762644 33900
1647535553028 0.3193522253632545 33901
1647535554074 0.3192472729612799 33902
1647535555234 0.3193517949145574 33903
1647535556289 0.31893146291094004 33904
1647535557195 0.31973404271735084 33905
1647535558154 0.3190968153151599 33906
1647535559130 0.3204408083111048 33907
1647535560574 0.31900673058995027 33908
1647535561659 0.31917725554827986 33909
1647535562712 0.31831544789217286 33910
1647535563820 0.31842073003451027 33911
1647535564917 0.3177041763164958 33912
1647535565852 0.31809799228945085 33913
1647535566970 0.31824692752626205 33914
1647535568217 0.3178635574877262 33915
1647535569753 0.31695448664518505 33916
1647535570786 0.3162691579623656 33917
1647535571985 0.31488656686313116 33918
1647535573299 0.31450119351639466 33919
1647535574818 0.3140459816524948 33920
1647535575852 0.3145674765110016 33921
1647535577028 0.3141800908135696 33922
1647535578130 0.3140718841718303 33923
1647535579147 0.3145003126908655 33924
1647535580089 0.3137992962792113 33925
1647535581298 0.3125709056854248 33926
1647535582502 0.31232639715859767 33927
1647535583514 0.31229140580474557 33928
1647535584561 0.3117789985277714 33929
1647535585642 0.311847891611389 33930
1647535586650 0.3114984378218651 33931
1647535587750 0.31107790492199083 33932
1647535588786 0.31082458539706903 33933
1647535590233 0.30961270504687205 33934
1647535591345 0.30853957469974247 33935
1647535592271 0.3089711666107178 33936
1647535593211 0.30886534688084627 33937
1647535594477 0.30795471712775613 33938
1647535595625 0.3078263010829687 33939
1647535596735 0.307525212677677 33940
1647535597834 0.30699106603860854 33941
1647535599266 0.3060852714947292 33942
1647535600397 0.3055957309577776 33943
1647535601522 0.30562584246358565 33944
1647535602580 0.3050457223298702 33945
1647535603783 0.304414313561038 33946
1647535604660 0.3044812553562224 33947
1647535605544 0.3047088416888542 33948
1647535606517 0.30468753390774433 33949
1647535607571 0.3046495876830034 33950
1647535608512 0.3050316132605076 33951
1647535609752 0.3043046516947227 33952
1647535610685 0.3045052725310419 33953
1647535611787 0.3038187640384563 33954
1647535612811 0.3034007724087972 33955
1647535613944 0.30283752126353125 33956
1647535615070 0.30246909286053675 33957
1647535616114 0.3021019821133569 33958
1647535617116 0.3020946037162233 33959
1647535618091 0.3022648748181282 33960
1647535619541 0.30149038325656546 33961
1647535620602 0.30114307650574695 33962
1647535621772 0.300830429153783 33963
1647535623086 0.30007837066608195 33964
1647535624002 0.299741756236344 33965
1647535624973 0.2995757388032001 33966
1647535626056 0.2994107002842015 33967
1647535626898 0.29956859375676537 33968
1647535628185 0.2988079643603099 33969
1647535629259 0.29821216734517525 33970
1647535630449 0.2974957646181186 33971
1647535631744 0.29671009919367547 33972
1647535633026 0.29589602949677923 33973
1647535634248 0.29538009297556994 33974
1647535635135 0.2949095984860774 33975
1647535636071 0.2949807537794113 33976
1647535637523 0.29409081926421515 33977
1647535638520 0.29430766626605837 33978
1647535639693 0.2941374883521348 33979
1647535641086 0.29378955147063085 33980
1647535642138 0.2934386112369024 33981
1647535643115 0.29323216874635855 33982
1647535643984 0.2933782051232728 33983
1647535644978 0.2928173190220854 33984
1647535646187 0.2920983110123606 33985
1647535647253 0.29216232068008846 33986
1647535648452 0.29149055623394604 33987
1647535649500 0.29143699731704964 33988
1647535650737 0.2908462254681449 33989
1647535651557 0.29071847558450353 33990
1647535652700 0.2904238815818514 33991
1647535653645 0.2901901232858076 33992
1647535654599 0.29027077786519495 33993
1647535655591 0.29008080138193143 33994
1647535656813 0.28927801125165487 33995
1647535657821 0.28901349049189995 33996
1647535659253 0.28852061845668375 33997
1647535660276 0.28845402578107354 33998
1647535661418 0.2880338467657566 33999
1647535662797 0.28716350411808733 34000
1647535663675 0.2869350215792656 34001
1647535664846 0.28680229453456324 34002
1647535665768 0.28693976772851065 34003
1647535666647 0.2867746252834407 34004
1647535667586 0.28655763367166764 34005
1647535668621 0.28660977030954055 34006
1647535669851 0.2862820194508785 34007
1647535670990 0.285757411057782 34008
1647535672014 0.2854404727680774 34009
1647535673365 0.2848241841830548 34010
1647535674427 0.28443470066413284 34011
1647535675640 0.28399501250397347 34012
1647535676799 0.28362184119077377 34013
1647535677936 0.28323606607372775 34014
1647535678956 0.2831030744241505 34015
1647535679830 0.2832129126245325 34016
1647535680808 0.2828823977924255 34017
1647535681792 0.2829110822277869 34018
1647535682880 0.28259301079171045 34019
1647535683867 0.28271661319676233 34020
1647535684959 0.28267546524019804 34021
1647535685922 0.2827853703359414 34022
1647535686826 0.28283052250396373 34023
1647535687849 0.28274281400476575 34024
1647535689057 0.2825014079953062 34025
1647535690518 0.28192154015813553 34026
1647535691592 0.28171953008594836 34027
1647535692562 0.28181194156239936 34028
1647535693762 0.28156827499022646 34029
1647535694689 0.28167220242529606 34030
1647535695651 0.2814569138818317 34031
1647535696885 0.2813073958151907 34032
1647535697851 0.2812807614004219 34033
1647535698804 0.28118263991152653 34034
1647535699726 0.2812399366951507 34035
1647535700709 0.28115660612647597 34036
1647535701607 0.2809257222119198 34037
1647535702594 0.28070657911466407 34038
1647535703841 0.2804948500496276 34039
1647535704937 0.28029750208690685 34040
1647535706029 0.2800461931448234 34041
1647535707089 0.2798428254601843 34042
1647535708126 0.27949945675209165 34043
1647535709436 0.2794073098990584 34044
1647535710455 0.2793368595777099 34045
1647535711563 0.27929444725696856 34046
1647535712515 0.2790969322834696 34047
1647535713745 0.27889351879582186 34048
1647535714909 0.27887019025858 34049
1647535715855 0.2788294266965521 34050
1647535716812 0.27894858114421367 34051
1647535717764 0.2787264466137435 34052
1647535718818 0.2785276201101813 34053
1647535719729 0.2786391022170118 34054
1647535720951 0.2784872225978795 34055
1647535722149 0.2781954624303957 34056
1647535723142 0.2782168421641137 34057
1647535724228 0.2781560095611978 34058
1647535725701 0.27779294758175427 34059
1647535726719 0.2775499919812645 34060
1647535727773 0.2775420437966074 34061
1647535728908 0.2775205156955674 34062
1647535729708 0.2773470842051056 34063
1647535730695 0.2772935453994733 34064
1647535731708 0.2775954469063572 34065
1647535733088 0.27724833668664445 34066
1647535734038 0.27697431668639183 34067
1647535735404 0.2766934800120543 34068
1647535736302 0.2768318037237596 34069
1647535737370 0.27666865704266447 34070
1647535738528 0.2767154102975672 34071
1647535740016 0.2763169706542028 34072
1647535741080 0.27640016987785565 34073
1647535742002 0.276370799127181 34074
1647535742855 0.27634714390816434 34075
1647535743707 0.2763419721523921 34076
1647535744782 0.2761452119566698 34077
1647535745859 0.2760487280884503 34078
1647535747095 0.27579204084580405 34079
1647535748305 0.2757202710907532 34080
1647535749361 0.27543130873338034 34081
1647535750297 0.2754698076418468 34082
1647535751441 0.2752075756675211 34083
1647535752392 0.27531383388032216 34084
1647535753295 0.2753545133731304 34085
1647535754171 0.275246628675055 34086
1647535755290 0.2750124065679009 34087
1647535756192 0.2751361088284963 34088
1647535757621 0.2747765775738644 34089
1647535758504 0.2746505324561227 34090
1647535759507 0.2744846623390913 34091
1647535760404 0.2745787612630124 34092
1647535761599 0.27439904668607 34093
1647535762686 0.27428536491138944 34094
1647535763689 0.2741180574674098 34095
1647535764778 0.27386145439683174 34096
1647535765862 0.2739261825515972 34097
1647535766699 0.27410301548025384 34098
1647535767963 0.27380969801977756 34099
1647535768900 0.2739785202894824 34100
1647535770047 0.27391982525587083 34101
1647535771118 0.273795561367772 34102
1647535772294 0.2736942760409817 34103
1647535773286 0.27373989303357044 34104
1647535774762 0.27342971860189136 34105
1647535775630 0.27341933501701726 34106
1647535776771 0.2732457598904148 34107
1647535777898 0.27308559904766455 34108
1647535778898 0.27308235958565114 34109
1647535779812 0.2730967118242993 34110
1647535781037 0.2729085934276764 34111
1647535782493 0.27255302250842023 34112
1647535783530 0.2724492959962546 34113
1647535784608 0.272351029707905 34114
1647535785610 0.2724972626928127 34115
1647535786702 0.27259605909293555 34116
1647535787782 0.27260932483171163 34117
1647535789231 0.27223192088389664 34118
1647535790294 0.2721754762330162 34119
1647535791270 0.27217660766773505 34120
1647535792462 0.2719990321331554 34121
1647535793421 0.27197389931476423 34122
1647535794376 0.27205316486823206 34123
1647535795508 0.2720157987141347 34124
1647535796495 0.27196912886234964 34125
1647535797503 0.272316548445008 34126
1647535798372 0.27234056122277095 34127
1647535799636 0.27216279716483094 34128
1647535801067 0.27194269778702757 34129
1647535802120 0.271843305144686 34130
1647535803211 0.27196905543761596 34131
1647535804221 0.272111106544627 34132
1647535805475 0.2718956962439185 34133
1647535806523 0.27168687330328534 34134
1647535807472 0.2716432179678494 34135
1647535808471 0.27163828271522855 34136
1647535809455 0.2715760413687546 34137
1647535810593 0.27129300561723807 34138
1647535811645 0.2711383579298854 34139
1647535812778 0.2710072280626396 34140
1647535814016 0.27088778188516355 34141
1647535815473 0.2705666229794525 34142
1647535816592 0.27053978329856104 34143
1647535817617 0.27055617256579545 34144
1647535818602 0.2706109075015094 34145
1647535820053 0.270151914378344 34146
1647535821280 0.2699410238278073 34147
1647535822432 0.2699667305155635 34148
1647535823363 0.2701516133926859 34149
1647535824419 0.2700486594318945 34150
1647535825571 0.26984771887461345 34151
1647535826727 0.26982809816087994 34152
1647535827623 0.2701551343826269 34153
1647535828607 0.27010403716131404 34154
1647535829619 0.27032247224920675 34155
1647535830647 0.27015921155937384 34156
1647535831764 0.27012574492521535 34157
1647535832797 0.2701623820811995 34158
1647535833733 0.2704691499374904 34159
1647535834699 0.27060786878213916 34160
1647535835727 0.27061577780592827 34161
1647535836682 0.2707921291950048 34162
1647535837806 0.27080552065028596 34163
1647535838630 0.2706772600785612 34164
1647535839625 0.2706124408134989 34165
1647535840700 0.27038067446814645 34166
1647535841669 0.27033511539803273 34167
1647535842617 0.27037580598039956 34168
1647535843629 0.27041674297560686 34169
1647535844992 0.270208536317356 34170
1647535845973 0.27014326890930535 34171
1647535847124 0.2700549632403709 34172
1647535848054 0.27014973519011315 34173
1647535849146 0.2700946159407081 34174
1647535850393 0.26990373248671307 34175
1647535851824 0.26966736119527085 34176
1647535852840 0.2696591308054748 34177
1647535853882 0.269645966384389 34178
1647535855015 0.2696055557760524 34179
1647535856061 0.2695923898267166 34180
1647535857190 0.2693392677289067 34181
1647535858273 0.2691412855761289 34182
1647535859145 0.26925721167620403 34183
1647535860407 0.2690532327414275 34184
1647535861581 0.26880175772005926 34185
1647535862740 0.26873873200879167 34186
1647535863826 0.2686176867712112 34187
1647535865238 0.2684184189896909 34188
1647535866532 0.2682968031989752 34189
1647535867593 0.26822699026196406 34190
1647535868600 0.26809627825722976 34191
1647535870041 0.2678740181006994 34192
1647535871461 0.267700857934896 34193
1647535872383 0.26787423800796534 34194
1647535873877 0.26766557805240154 34195
1647535875073 0.26765949186207594 34196
1647535875905 0.26777679145852956 34197
1647535876930 0.26766943381911396 34198
1647535878024 0.267702112766518 34199
1647535879212 0.26761624063325135 34200
1647535880157 0.26749545310224804 34201
1647535881192 0.2675688788931594 34202
1647535882297 0.2675507990643382 34203
1647535883535 0.2675079351275231 34204
1647535884561 0.26750322427116546 34205
1647535885531 0.26743705851930966 34206
1647535886937 0.2672207287272041 34207
1647535888307 0.2669444416834861 34208
1647535889359 0.2667993717519931 34209
1647535890409 0.2667372269052649 34210
1647535891453 0.2667286673353778 34211
1647535892590 0.2666653817793009 34212
1647535893815 0.26655222784254434 34213
1647535894693 0.26654710039783774 34214
1647535895718 0.2665927418722556 34215
1647535896615 0.2666120085405977 34216
1647535897595 0.2667326684939405 34217
1647535898533 0.26671158305143466 34218
1647535899691 0.26688364994428726 34219
1647535900904 0.2672446516713476 34220
1647535901861 0.2676601548855369 34221
1647535902971 0.2679339626005718 34222
1647535904080 0.26835096855798074 34223
1647535905514 0.2683976291411684 34224
1647535906460 0.26891434045239565 34225
1647535907468 0.26922410293420157 34226
1647535908492 0.26951141389919087 34227
1647535909736 0.269596852144765 34228
1647535910831 0.26981865370242053 34229
1647535911736 0.2701728452085505 34230
1647535912808 0.2703046018747907 34231
1647535913747 0.2705338771340102 34232
1647535914614 0.27076919919065157 34233
1647535916023 0.2708977504825468 34234
1647535917136 0.2709829417290166 34235
1647535918252 0.2710742092364794 34236
1647535919476 0.271171467793729 34237
1647535920543 0.27138255490351093 34238
1647535921494 0.2716782214792119 34239
1647535922887 0.2716703431388713 34240
1647535924280 0.27176589167270904 34241
1647535925526 0.2717133410217817 34242
1647535926669 0.27169932808955105 34243
1647535927529 0.27215373906622103 34244
1647535928636 0.2723087951692228 34245
1647535929853 0.2723516958046563 34246
1647535930907 0.27248562093485484 34247
1647535931893 0.27266825743075884 34248
1647535933127 0.27269505829218044 34249
1647535934161 0.2729976091692621 34250
1647535935251 0.2731497150287032 34251
1647535936125 0.27346195726471945 34252
1647535937136 0.2735837899259667 34253
1647535938147 0.2736520232914695 34254
1647535939097 0.27387476605501504 34255
1647535940506 0.27388431396749285 34256
1647535941490 0.2741764174232929 34257
1647535942635 0.2742867486263083 34258
1647535943799 0.27444964541377975 34259
1647535944742 0.2745764054776987 34260
1647535945739 0.27484119516320343 34261
1647535946731 0.2750212503393201 34262
1647535947781 0.27512230170727936 34263
1647535948937 0.27509527723812305 34264
1647535949970 0.2752213823982483 34265
1647535951377 0.275258584302592 34266
1647535952519 0.27536968983566534 34267
1647535953812 0.2752293071729674 34268
1647535954891 0.27522129454966365 34269
1647535955781 0.27540854530004444 34270
1647535956785 0.27550867256664097 34271
1647535958142 0.27556165918318504 34272
1647535959209 0.2756726033455953 34273
1647535960626 0.2755973826627077 34274
1647535961562 0.2756845666411913 34275
1647535962634 0.27584047527874217 34276
1647535963679 0.2760156515478528 34277
1647535964801 0.2761170095665952 34278
1647535965837 0.27616730631790426 34279
1647535967066 0.2762068391957761 34280
1647535968244 0.27622905352780985 34281
1647535969682 0.27619594708949396 34282
1647535970752 0.2762538107043063 34283
1647535971652 0.2763678232599351 34284
1647535972723 0.2765197307558104 34285
1647535973934 0.27660330479172457 34286
1647535975024 0.2766975747472649 34287
1647535976216 0.2766944774228321 34288
1647535977298 0.2767241586288905 34289
1647535978277 0.27681221553296326 34290
1647535979197 0.2770882754840634 34291
1647535980227 0.27720955365639427 34292
1647535981319 0.27724384937890517 34293
1647535982425 0.27731925457648715 34294
1647535983659 0.2774481943867228 34295
1647535984852 0.2776338997181882 34296
1647535985900 0.27769568722878873 34297
1647535986897 0.27779893020388796 34298
1647535987943 0.27785813874964205 34299
1647535988838 0.2781734611249979 34300
1647535989848 0.27842557317680783 34301
1647535990967 0.2784113726700489 34302
1647535992165 0.2783689776484945 34303
1647535993506 0.2783795764246261 34304
1647535994712 0.2784191314869515 34305
1647535995637 0.2786376809680855 34306
1647535996727 0.27868719523151714 34307
1647535997597 0.27896667439775863 34308
1647535998690 0.27911621156478034 34309
1647535999846 0.27922209318167246 34310
1647536001056 0.27916280866965004 34311
1647536002241 0.27910387768145495 34312
1647536003631 0.2790629433476048 34313
1647536004757 0.2791225448025483 34314
1647536005897 0.279239726991489 34315
1647536006994 0.2793662110964457 34316
1647536008396 0.2793197443173167 34317
1647536009539 0.27947916061770994 34318
1647536010527 0.2796444597407284 34319
1647536011805 0.27960089948385763 34320
1647536012710 0.2797816107247738 34321
1647536014157 0.27978262355879363 34322
1647536015410 0.27979685157790024 34323
1647536016788 0.27982165999946834 34324
1647536017914 0.27986578517573796 34325
1647536019038 0.27993743840016816 34326
1647536019957 0.28010235814487233 34327
1647536021060 0.2801013215282928 34328
1647536022156 0.28013710752441295 34329
1647536023235 0.28027064541436436 34330
1647536024252 0.2803721557681759 34331
1647536025606 0.2803340552998184 34332
1647536026986 0.2802505654850936 34333
1647536028293 0.2801864686466399 34334
1647536029428 0.2801686996393952 34335
1647536030629 0.2801390615935178 34336
1647536031769 0.2801058238425863 34337
1647536033212 0.28002373852768964 34338
1647536034190 0.2801726718784356 34339
1647536035310 0.28014420451318317 34340
1647536036246 0.2802765037332262 34341
1647536037420 0.28028785035226594 34342
1647536038496 0.2803314049554065 34343
1647536039630 0.28030774426508626 34344
1647536040811 0.2802694444111002 34345
1647536042177 0.28015621993878875 34346
1647536043584 0.28015133927786545 34347
1647536044776 0.28011170272496144 34348
1647536045894 0.2802103361391638 34349
1647536047091 0.2801099773757682 34350
1647536048379 0.28011598354578016 34351
1647536049397 0.2800846798215322 34352
1647536050550 0.28031845836050484 34353
1647536051652 0.28068187382538795 34354
1647536052943 0.28082245777523707 34355
1647536053977 0.2811242123051445 34356
1647536055017 0.28139681195317523 34357
1647536055996 0.2817352554031613 34358
1647536057163 0.2819517722397339 34359
1647536058336 0.28208804007597665 34360
1647536059556 0.282151137380039 34361
1647536060549 0.28247196543706604 34362
1647536061710 0.2826637929538265 34363
1647536062824 0.2828893092175906 34364
1647536063961 0.28303155482743036 34365
1647536065285 0.28309259489902017 34366
1647536066282 0.2832113995917084 34367
1647536067314 0.28348524352568033 34368
1647536068762 0.28347510208724547 34369
1647536069786 0.2836606696621301 34370
1647536070946 0.28370831035650695 34371
1647536072065 0.28385088385409907 34372
1647536073318 0.28381349665908523 34373
1647536074572 0.28381774667116244 34374
1647536075666 0.28390319759154137 34375
1647536076768 0.2839876285053435 34376
1647536077957 0.28409631504985317 34377
1647536079278 0.2841627578581533 34378
1647536080500 0.28426566240236617 34379
1647536081338 0.284477286505564 34380
1647536082317 0.28470568268928886 34381
1647536083320 0.2848738880929749 34382
1647536084442 0.2849587722492397 34383
1647536085600 0.2849995436856268 34384
1647536086755 0.2851118345497253 34385
1647536087889 0.2851562643162558 34386
1647536089423 0.28517920596163665 34387
1647536090878 0.28512729956895055 34388
1647536091920 0.28525332364229466 34389
1647536093100 0.2853213828437182 34390
1647536094024 0.28546879247382834 34391
1647536095140 0.2854992668531739 34392
1647536096299 0.2854706608171393 34393
1647536097451 0.2854885153239164 34394
1647536098446 0.28569038371172023 34395
1647536099555 0.28579114549750584 34396
1647536101014 0.2857496086166892 34397
1647536102235 0.2857258290433797 34398
1647536103285 0.2857792511256072 34399
1647536104465 0.2857839214888644 34400
1647536105591 0.2859123652631586 34401
1647536106796 0.2859918834834263 34402
1647536108131 0.28596945976217586 34403
1647536109058 0.28607774341300424 34404
1647536110480 0.28601251986375353 34405
1647536111584 0.28605927940424497 34406
1647536112752 0.28618201310578867 34407
1647536113886 0.28625611185064437 34408
1647536114988 0.28632777910612817 34409
1647536116076 0.2864068456274026 34410
1647536117266 0.2864334048703313 34411
1647536118518 0.28638582983437705 34412
1647536119622 0.28641761905676105 34413
1647536120764 0.2865359361546501 34414
1647536122145 0.28646262523764415 34415
1647536123600 0.2863712303670107 34416
1647536124721 0.28649148768860544 34417
1647536125625 0.28665446927623145 34418
1647536126602 0.2867214931306285 34419
1647536128055 0.2866417749380604 34420
1647536129217 0.2866501389888295 34421
1647536130311 0.28667645487810395 34422
1647536131331 0.2867618983129521 34423
1647536132473 0.28683586509648 34424
1647536133647 0.28685419136846524 34425
1647536135033 0.28675907749196755 34426
1647536136074 0.2869182571820501 34427
1647536137527 0.28687322560691336 34428
1647536138657 0.2869368386052059 34429
1647536139732 0.2870772884248246 34430
1647536140916 0.28719509719260805 34431
1647536142341 0.28718354259321077 34432
1647536143322 0.28724722577022116 34433
1647536144232 0.28741005520571156 34434
1647536145220 0.28745711531030804 34435
1647536146373 0.28753189905586407 34436
1647536147495 0.28760338223733184 34437
1647536148744 0.2877361968641996 34438
1647536149887 0.28777894603253223 34439
1647536150980 0.28780702528099456 34440
1647536151915 0.28794598516266223 34441
1647536153106 0.2879591168435495 34442
1647536154163 0.2880069943950386 34443
1647536155270 0.28804744579036157 34444
1647536156341 0.28812429000331896 34445
1647536157419 0.2881439723137046 34446
1647536158599 0.2882096636665347 34447
1647536159691 0.288227860427382 34448
1647536160828 0.2883002227016516 34449
1647536161853 0.28840094329618254 34450
1647536162968 0.28837912204364935 34451
1647536164007 0.28839953387537337 34452
1647536165243 0.2884493088256877 34453
1647536166445 0.2885450057771866 34454
1647536167520 0.28857051642821324 34455
1647536168933 0.2884868169865332 34456
1647536169935 0.28856559355955314 34457
1647536171375 0.2885055926672906 34458
1647536172719 0.2885025797754918 34459
1647536173737 0.28859676278772806 34460
1647536174883 0.28863568098330106 34461
1647536175846 0.2888152531291771 34462
1647536176949 0.2889072728751142 34463
1647536178160 0.2889543051966641 34464
1647536179226 0.2889904472309526 34465
1647536180262 0.28904175009669325 34466
1647536181629 0.28901270426229225 34467
1647536183119 0.2889226529644606 34468
1647536184148 0.2889636396686622 34469
1647536185226 0.2889840195078842 34470
1647536186251 0.2890563851402652 34471
1647536187412 0.28906246832603416 34472
1647536188537 0.2891079896515972 34473
1647536189675 0.2891588924306162 34474
1647536190762 0.2892523272774922 34475
1647536191881 0.28928779492378237 34476
1647536193018 0.28938385706168773 34477
1647536194196 0.2894164795795696 34478
1647536195364 0.28941427641044 34479
1647536196623 0.28935728391516946 34480
1647536197960 0.2893338757847983 34481
1647536198898 0.2894612720764571 34482
1647536200309 0.28934894014102747 34483
1647536201318 0.28938352838040904 34484
1647536202493 0.2893496372675294 34485
1647536203400 0.28944017978634423 34486
1647536204768 0.28938061586997044 34487
1647536205920 0.28946471076277397 34488
1647536206981 0.28949084025471933 34489
1647536208061 0.28957741620115274 34490
1647536209192 0.2896215609041974 34491
1647536210271 0.28961876980879003 34492
1647536211728 0.2895458715262814 34493
1647536212778 0.2896658160823686 34494
1647536213935 0.2897435699745735 34495
1647536215327 0.289669665463211 34496
1647536216537 0.2897062973572005 34497
1647536217700 0.2896674759743571 34498
1647536218836 0.2896822348099064 34499
1647536220311 0.28962004804647945 34500
1647536221466 0.28967156827449797 34501
1647536222761 0.28962889441879847 34502
1647536224153 0.2894988953381594 34503
1647536225293 0.2896001377980158 34504
1647536226298 0.28971808818411027 34505
1647536227490 0.289740194277909 34506
1647536228934 0.28961871387209837 34507
1647536229909 0.28980235839361834 34508
1647536230986 0.28992470297226425 34509
1647536232136 0.28996227200005953 34510
1647536233300 0.2899670292030681 34511
1647536234424 0.2898867511262331 34512
1647536235539 0.28984766824908126 34513
1647536236939 0.2897604162471866 34514
1647536238046 0.2898516959948353 34515
1647536239137 0.28987705373674405 34516
1647536240098 0.2900143732224499 34517
1647536241101 0.29011351488966275 34518
1647536242191 0.2901966282484417 34519
1647536243188 0.29035634365940666 34520
1647536244315 0.2903889023768368 34521
1647536245421 0.29039197789308036 34522
1647536246791 0.2903002052612248 34523
1647536248061 0.29028003012974585 34524
1647536249138 0.2902814906853243 34525
1647536250371 0.2902594700124529 34526
1647536251515 0.2903482438280032 34527
1647536252437 0.2904369446780516 34528
1647536253612 0.2904192382870874 34529
1647536254628 0.29053323192519187 34530
1647536256118 0.2905682654065244 34531
1647536257310 0.29073123767337433 34532
1647536258352 0.29096051766550785 34533
1647536259799 0.29100470687774055 34534
1647536260827 0.29114746607360786 34535
1647536262148 0.2911792781231177 34536
1647536263212 0.2913977109308493 34537
1647536264261 0.2915762694121448 34538
1647536265450 0.29146533084730075 34539
1647536266536 0.2914946237781743 34540
1647536267733 0.2914980593582858 34541
1647536269168 0.2914442458175198 34542
1647536270165 0.29150695196552084 34543
1647536271179 0.2916340324570778 34544
1647536272155 0.29167904356972285 34545
1647536273334 0.2917135509870035 34546
1647536274442 0.2917337405827196 34547
1647536275363 0.29180642904732457 34548
1647536276465 0.29178554718422683 34549
1647536277565 0.29180714473107 34550
1647536278403 0.2919086383283138 34551
1647536279304 0.29199024735180695 34552
1647536280281 0.29209012788670013 34553
1647536281284 0.2921861403993997 34554
1647536282326 0.2921778887975961 34555
1647536283251 0.292202216492477 34556
1647536284294 0.2921702203475382 34557
1647536285419 0.29214605530974214 34558
1647536286526 0.29223061363491637 34559
1647536287417 0.2923067345143373 34560
1647536288398 0.29237521402013134 34561
1647536289353 0.2924273891162269 34562
1647536290321 0.29252930058773313 34563
1647536291336 0.29251644769774915 34564
1647536292349 0.2925749491034102 34565
1647536293297 0.29259987096269646 34566
1647536294385 0.2925233907123518 34567
1647536295580 0.2924746195558391 34568
1647536296949 0.29234744384262223 34569
1647536297926 0.29237947556007554 34570
1647536298957 0.29237557210856013 34571
1647536300134 0.2923971938276754 34572
1647536301176 0.2924286015641326 34573
1647536302062 0.2924772255730662 34574
1647536303000 0.29255275699973765 34575
1647536303893 0.29273899826510197 34576
1647536304827 0.2927639550906568 34577
1647536305716 0.2928229064528191 34578
1647536306868 0.2927701828571466 34579
1647536307686 0.29286089698964185 34580
1647536308627 0.29291406384069624 34581
1647536309681 0.29290932955070004 34582
1647536311044 0.29282014128940353 34583
1647536312200 0.2927638316707429 34584
1647536313227 0.2928122575179108 34585
1647536314263 0.2927912144839358 34586
1647536315210 0.29286410040019645 34587
1647536316282 0.2928725816663279 34588
1647536317507 0.29277714192463455 34589
1647536318892 0.29267870202277446 34590
1647536320031 0.29262410688239177 34591
1647536321041 0.29260776190944365 34592
1647536322044 0.29265313336470056 34593
1647536323241 0.292596597891316 34594
1647536324149 0.2925638242033861 34595
1647536325392 0.2925224084982136 34596
1647536326434 0.29256108826670507 34597
1647536327540 0.292613243282719 34598
1647536328714 0.29262820220886065 34599
1647536329823 0.2926066281480369 34600
1647536330760 0.2926475076675415 34601
1647536331634 0.29270444998887185 34602
1647536332815 0.2926878070736185 34603
1647536334223 0.29260276988208056 34604
1647536335270 0.29262072120642474 34605
1647536336386 0.29260420199261594 34606
1647536337487 0.29254947579096235 34607
1647536338467 0.2926057750356717 34608
1647536339403 0.29261708141631376 34609
1647536340577 0.29264243274966406 34610
1647536341677 0.2925947048554295 34611
1647536342737 0.29263565465122576 34612
1647536343594 0.29270145977575945 34613
1647536344612 0.2927216736704775 34614
1647536345600 0.2928139526416494 34615
1647536346578 0.29284449040500166 34616
1647536347579 0.29286064779478327 34617
1647536348572 0.2928908864009489 34618
1647536349401 0.2930582445502902 34619
1647536350643 0.29300172433198973 34620
1647536351585 0.29303907181148403 34621
1647536352562 0.2931057642058176 34622
1647536353555 0.2931212298186023 34623
1647536354547 0.2931674065557519 34624
1647536355470 0.29321147414834 34625
1647536356540 0.29314783923087584 34626
1647536357584 0.29313177331206725 34627
1647536358583 0.293153256101191 34628
1647536359485 0.29325674052869755 34629
1647536360442 0.29338772638924465 34630
1647536361886 0.29329257185260454 34631
1647536362804 0.2933756157889409 34632
1647536363792 0.2934109666730132 34633
1647536365024 0.293371785170426 34634
1647536366010 0.29344572345441094 34635
1647536366996 0.29355622440766377 34636
1647536368428 0.29343952788348115 34637
1647536369352 0.2935256472915373 34638
1647536370240 0.29359244895616765 34639
1647536371196 0.29360031054198216 34640
1647536372120 0.29368098793150504 34641
1647536373045 0.29369049461843394 34642
1647536373954 0.2937508737950614 34643
1647536374904 0.2938263673349407 34644
1647536375885 0.29393856482631914 34645
1647536376825 0.29404876625762794 34646
1647536377678 0.29416902277188084 34647
1647536378678 0.2941835820300965 34648
1647536379596 0.2941895458184388 34649
1647536380646 0.29417905297237584 34650
1647536381725 0.29427022121846674 34651
1647536382780 0.2943024319804712 34652
1647536383681 0.29437453650922846 34653
1647536384720 0.2944570920832576 34654
1647536385867 0.29452729084301943 34655
1647536386992 0.2944880385946783 34656
1647536388017 0.29459585537833555 34657
1647536389452 0.2945332287855751 34658
1647536390652 0.29455371783806544 34659
1647536391533 0.2945831637226312 34660
1647536392488 0.2946715787237073 34661
1647536393590 0.2946838094920618 34662
1647536394467 0.2947673278268922 34663
1647536395461 0.294824838198419 34664
1647536396540 0.29490117732371396 34665
1647536397497 0.2949356643334488 34666
1647536398579 0.2949499015641563 34667
1647536399701 0.2949994095171388 34668
1647536401126 0.2949008101683957 34669
1647536402230 0.294901441541638 34670
1647536403323 0.2948942584417215 34671
1647536404284 0.29492213227644326 34672
1647536405368 0.2949939237640142 34673
1647536406579 0.29498662206628345 34674
1647536407585 0.295062112631005 34675
1647536408509 0.29515526484359395 34676
1647536409723 0.2950626080968478 34677
1647536410867 0.2950752406339403 34678
1647536412070 0.29504295928034807 34679
1647536413067 0.2951559639739185 34680
1647536414146 0.2950898439410221 34681
1647536415249 0.2950561677434097 34682
1647536416160 0.29507507000548333 34683
1647536417420 0.2950487372969665 34684
1647536418487 0.2950620391814829 34685
1647536419602 0.29509083621516197 34686
1647536420506 0.2950872627029008 34687
1647536421585 0.2951009325870049 34688
1647536422516 0.2950913939882861 34689
1647536423503 0.2950702713840198 34690
1647536424452 0.2950859147168341 34691
1647536425573 0.2950737128714177 34692
1647536426620 0.29509249888802935 34693
1647536427746 0.29504958597649317 34694
1647536428918 0.29503275888367286 34695
1647536429881 0.295110833750674 34696
1647536430925 0.29516798187373094 34697
1647536431841 0.2952173476447181 34698
1647536432681 0.29522977512821835 34699
1647536433731 0.29524129221942036 34700
1647536434757 0.29522432783070734 34701
1647536435710 0.2952709474658854 34702
1647536436643 0.2952373724588206 34703
1647536437587 0.29529854945253237 34704
1647536438494 0.29534692032834126 34705
1647536439524 0.29536055249777454 34706
1647536440444 0.2953840331217953 34707
1647536441414 0.29545108704472367 34708
1647536442341 0.29553763707339903 34709
1647536443351 0.2955232189406616 34710
1647536444741 0.29546005083031435 34711
1647536445889 0.2953949910042316 34712
1647536446823 0.2954246629107303 34713
1647536447747 0.29545146698263813 34714
1647536448832 0.2954902175848407 34715
1647536449939 0.2955687364918648 34716
1647536451089 0.2955566822071549 34717
1647536452238 0.2955250557696806 34718
1647536453152 0.2955770174101476 34719
1647536454271 0.2955470946119076 34720
1647536455359 0.29555301280884905 34721
1647536456346 0.2955808106950996 34722
1647536457266 0.2955839559948499 34723
1647536458447 0.2955773281102055 34724
1647536459396 0.2956119479624303 34725
1647536460459 0.2956245740311486 34726
1647536461763 0.2955557872715606 34727
1647536462906 0.29547629866455954 34728
1647536464160 0.2954641465343756 34729
1647536465330 0.2954329415155623 34730
1647536466243 0.2955188502134247 34731
1647536467222 0.29552410492223186 34732
1647536468225 0.2955382069458767 34733
1647536469282 0.29552651283627596 34734
1647536470305 0.29558440758024945 34735
1647536471327 0.2955796952133125 34736
1647536472416 0.29559104509533934 34737
1647536473483 0.2955975509516416 34738
1647536474560 0.2955555472992831 34739
1647536475477 0.2955643023260533 34740
1647536476535 0.2956075949782736 34741
1647536477562 0.29566908937980296 34742
1647536478682 0.29568997618529297 34743
1647536479829 0.2957149538287657 34744
1647536480832 0.2957702356263562 34745
1647536481957 0.29575513036890405 34746
1647536483039 0.29570967732329984 34747
1647536484064 0.2957152589873194 34748
1647536485163 0.29571133083715734 34749
1647536486019 0.29577522821832153 34750
1647536486964 0.29576296615931724 34751
1647536488064 0.2957376010310769 34752
1647536489182 0.2957084581189832 34753
1647536490399 0.29565474646762097 34754
1647536491322 0.2957004958318662 34755
1647536492538 0.2956333399806892 34756
1647536493837 0.2955440702554143 34757
1647536494814 0.2955928888118517 34758
1647536495877 0.29567379304228375 34759
1647536496843 0.2956465699754008 34760
1647536498093 0.29560703805514743 34761
1647536499033 0.2957310365138802 34762
1647536499933 0.2957517011254503 34763
1647536500824 0.2957576372602553 34764
1647536501802 0.29578766673477264 34765
1647536502731 0.2958497927488525 34766
1647536503877 0.29581198444402895 34767
1647536504835 0.29584375059591644 34768
1647536505785 0.29592272051668894 34769
1647536506713 0.29599598341979194 34770
1647536508062 0.29596321667018144 34771
1647536508954 0.2959673780701189 34772
1647536510037 0.29597883828291405 34773
1647536511488 0.29589442666599836 34774
1647536512591 0.2959065374583651 34775
1647536513755 0.2959300658026257 34776
1647536514771 0.2959289439907599 34777
1647536515606 0.29596154822565074 34778
1647536516698 0.29595949855665193 34779
1647536517872 0.2959315818368555 34780
1647536518980 0.2958829110187869 34781
1647536520086 0.2959093867163909 34782
1647536521541 0.29585691429514743 34783
1647536522454 0.29587417195719795 34784
1647536523772 0.29584425030479594 34785
1647536524793 0.29584963608553067 34786
1647536526054 0.29578673645344555 34787
1647536527244 0.29572025199073865 34788
1647536528224 0.2956883078063729 34789
1647536529190 0.2956898594562746 34790
1647536530460 0.2955970097888023 34791
1647536531489 0.2956524146255601 34792
1647536532555 0.2956435838734015 34793
1647536533392 0.29566937354753786 34794
1647536534291 0.2957084809224737 34795
1647536535244 0.2957030345996221 34796
1647536536304 0.2956545939531185 34797
1647536537299 0.2956833621013001 34798
1647536538442 0.2956297846534584 34799
1647536539530 0.29561574369260707 34800
1647536540579 0.29561184600779883 34801
1647536541490 0.2955894901424051 34802
1647536542429 0.2955926463571416 34803
1647536543637 0.29555223718019746 34804
1647536544516 0.29561249408831886 34805
1647536545551 0.2956250148917992 34806
1647536546444 0.2956270024679196 34807
1647536547449 0.2956765041518236 34808
1647536548686 0.2956591196871501 34809
1647536549748 0.2956673892931595 34810
1647536550752 0.2956813950712482 34811
1647536551816 0.2956838977448526 34812
1647536552715 0.29573472129208134 34813
1647536553815 0.2957616405385553 34814
1647536554828 0.29586927960646103 34815
1647536555727 0.29593192357473425 34816
1647536557153 0.29585804472490373 34817
1647536558279 0.2958672623445724 34818
1647536559274 0.29592378472924724 34819
1647536560142 0.29600819131845785 34820
1647536561365 0.2959699829675488 34821
1647536562204 0.29602203207391664 34822
1647536563183 0.29603845225992026 34823
1647536564107 0.29612248212497255 34824
1647536565133 0.29612805654564434 34825
1647536566173 0.2961308127030348 34826
1647536567118 0.29619943608575666 34827
1647536568082 0.29624467183709025 34828
1647536569175 0.2962374006586572 34829
1647536570083 0.2963076640106928 34830
1647536571104 0.29631763409290995 34831
1647536572205 0.29632269344259354 34832
1647536573318 0.2962990937158921 34833
1647536574204 0.29634764040171313 34834
1647536575168 0.296345081044043 34835
1647536576315 0.2963278436569998 34836
1647536577225 0.2963538782984683 34837
1647536578443 0.29636712804089443 34838
1647536579801 0.29630697265207045 34839
1647536580857 0.2962959101696709 34840
1647536581872 0.2962591720048827 34841
1647536583019 0.296246225399639 34842
1647536584257 0.2962207343549498 34843
1647536585362 0.2962022734672762 34844
1647536586424 0.29625023979416315 34845
1647536587619 0.2962808322666877 34846
1647536588895 0.29625819123772734 34847
1647536589928 0.2962564770412541 34848
1647536590863 0.29630652452279665 34849
1647536592338 0.2964112328456806 34850
1647536593833 0.2964783908426762 34851
1647536595417 0.29654474141119 34852
1647536596715 0.2966918630930716 34853
1647536597930 0.29687185474074373 34854
1647536599452 0.2969746920038979 34855
1647536600578 0.29714242854521644 34856
1647536601754 0.29727460500260233 34857
1647536603087 0.29728818573094645 34858
1647536604116 0.29738572612404823 34859
1647536605425 0.2974194400787826 34860
1647536606828 0.29739103756918767 34861
1647536607829 0.29750306042082586 34862
1647536608901 0.29755797943932266 34863
1647536610103 0.29763157914327376 34864
1647536611210 0.2976917302937668 34865
1647536612272 0.29779004439931783 34866
1647536613599 0.2977664871361312 34867
1647536614788 0.2978128034808291 34868
1647536615827 0.29787147935106617 34869
1647536617040 0.29787078216101637 34870
1647536618247 0.2979203242005086 34871
1647536619175 0.29800499787410023 34872
1647536620241 0.2980442003377963 34873
1647536621322 0.29809463434904554 34874
1647536622404 0.2981250415905379 34875
1647536623361 0.29818563830561756 34876
1647536624292 0.2982270953483284 34877
1647536625274 0.29826743652665044 34878
1647536626454 0.2982144766715482 34879
1647536627684 0.29814557387946994 34880
1647536628633 0.2981643082447422 34881
1647536629839 0.2981403077781836 34882
1647536630944 0.29815318553831227 34883
1647536632098 0.29815126714609486 34884
1647536633171 0.29814209689600557 34885
1647536634205 0.29814264261780155 34886
1647536635203 0.2980859970896861 34887
1647536636248 0.29813389306243154 34888
1647536637477 0.2980608457918342 34889
1647536638597 0.29803781133930307 34890
1647536639657 0.2980193787326033 34891
1647536640715 0.29801643440118786 34892
1647536641593 0.2980021558516085 34893
1647536642398 0.2980142022739321 34894
1647536643590 0.29798329762857534 34895
1647536644514 0.2979364942135423 34896
1647536645967 0.2978148638033958 34897
1647536647093 0.2977953846241706 34898
1647536648254 0.29773487621306916 34899
1647536649405 0.2976582342380564 34900
1647536650420 0.29768203320957365 34901
1647536651746 0.29762842698283243 34902
1647536652923 0.2976226223625611 34903
1647536653815 0.2975993859745272 34904
1647536654889 0.29756694675849105 34905
1647536655765 0.29756630630854747 34906
1647536656865 0.297551966413404 34907
1647536658323 0.2974602532702566 34908
1647536659181 0.29746257791221703 34909
1647536660564 0.297384758832547 34910
1647536661445 0.29737921409168333 34911
1647536662542 0.29732591321061624 34912
1647536663523 0.29727976661168476 34913
1647536664420 0.2972246572052883 34914
1647536665247 0.2972406387693228 34915
1647536666182 0.29719795611262884 34916
1647536667148 0.29717703595561784 34917
1647536668372 0.2971320344307988 34918
1647536669291 0.29716263475656957 34919
1647536670449 0.2970869375986959 34920
1647536671454 0.29702719115765297 34921
1647536672380 0.2970619890369287 34922
1647536673536 0.2969687529909077 34923
1647536674531 0.29700047808168983 34924
1647536675708 0.2969860925965247 34925
1647536676719 0.2969536911609561 34926
1647536677626 0.29692916951547327 34927
1647536678490 0.2969402214555466 34928
1647536679569 0.2969656372391005 34929
1647536680567 0.2969857096064411 34930
1647536681508 0.296981775401919 34931
1647536682566 0.2969815677012921 34932
1647536683641 0.29694975661922957 34933
1647536684668 0.29694936389407955 34934
1647536685608 0.2969433226488613 34935
1647536686695 0.2969285161813833 34936
1647536687562 0.29696673854609223 34937
1647536688681 0.2969277693299712 34938
1647536689899 0.2968909390106359 34939
1647536691021 0.2968484254962704 34940
1647536691904 0.29685892779892736 34941
1647536692812 0.2968537017744031 34942
1647536694019 0.2967998123158029 34943
1647536695058 0.2967951358564382 34944
1647536696283 0.2967285537169446 34945
1647536697322 0.2966569017601884 34946
1647536698452 0.2966860370153058 34947
1647536699446 0.29670790875620917 34948
1647536700475 0.29677884997240184 34949
1647536701594 0.2968217157254553 34950
1647536702687 0.29689591545950283 34951
1647536703885 0.2969596154791566 34952
1647536704942 0.29710842152472633 34953
1647536705887 0.29726686187473517 34954
1647536707024 0.2973432711501052 34955
1647536707869 0.2974045396660248 34956
1647536709034 0.29742126242269445 34957
1647536710137 0.2974653015453318 34958
1647536710984 0.2975651413632644 34959
1647536711981 0.2977064960007199 34960
1647536713049 0.29774854988665195 34961
1647536714408 0.29774953013170313 34962
1647536715384 0.29782402209883974 34963
1647536716363 0.2978484922984861 34964
1647536717537 0.2978522315006068 34965
1647536718947 0.29785584123145303 34966
1647536720111 0.2978549107748975 34967
1647536721522 0.29782559381816254 34968
1647536722618 0.29786202082267177 34969
1647536723903 0.29783964119818296 34970
1647536725013 0.2978733137782131 34971
1647536725950 0.2979458303296279 34972
1647536726832 0.298048065015764 34973
1647536727715 0.2981856633326037 34974
1647536728737 0.2982304102585409 34975
1647536729864 0.2982552743222978 34976
1647536731267 0.2982000315274057 34977
1647536732301 0.2982855804905811 34978
1647536733363 0.2983154702588176 34979
1647536734438 0.29836876211280416 34980
1647536735648 0.29844320577330297 34981
1647536736870 0.29847078200571314 34982
1647536737848 0.29866639419389696 34983
1647536739054 0.2987501712257843 34984
1647536740107 0.2988294856836346 34985
1647536741326 0.29890139336628013 34986
1647536742301 0.29900529246095203 34987
1647536743285 0.2991639032579873 34988
1647536744344 0.29930913236208245 34989
1647536745419 0.2993762239853053 34990
1647536746508 0.29949855644974793 34991
1647536747556 0.29954213306216376 34992
1647536748527 0.29966155067738637 34993
1647536749906 0.2996702190042064 34994
1647536751327 0.29967646207009163 34995
1647536752524 0.2996867252749647 34996
1647536753557 0.29973531432488826 34997
1647536754547 0.29981192343632035 34998
1647536755532 0.29993254330515445 34999
1647536756568 0.3000710467290007 35000
1647536757714 0.3001283734259398 35001
1647536758992 0.30007062866623563 35002
1647536760157 0.3000336035879122 35003
1647536761481 0.3000296053685836 35004
1647536762739 0.30005577516514464 35005
1647536763771 0.3000636890853122 35006
1647536765208 0.300044887824867 35007
1647536766501 0.30002845670503075 35008
1647536767646 0.30006604084490907 35009
1647536768767 0.30012533994354595 35010
1647536770020 0.30010265420223103 35011
1647536771107 0.30011491858681966 35012
1647536772125 0.3001458169363452 35013
1647536773305 0.30016417876975043 35014
1647536774300 0.3003005221025231 35015
1647536775394 0.3002914001245867 35016
1647536776661 0.3002459849542451 35017
1647536777717 0.30028297925158864 35018
1647536778831 0.30032710873917356 35019
1647536779864 0.3003716202400198 35020
1647536780993 0.3004459323027195 35021
1647536781937 0.30052377468087954 35022
1647536782951 0.3005772328366599 35023
1647536784092 0.3006119645261805 35024
1647536785157 0.3006436125687887 35025
1647536786298 0.3006784504271568 35026
1647536787074 0.3008191958830065 35027
1647536788118 0.30089572163183204 35028
1647536789479 0.30085117896111185 35029
1647536790481 0.3008940289519013 35030
1647536791478 0.3009212292478246 35031
1647536792684 0.30091029964545135 35032
1647536793733 0.3009286893881517 35033
1647536794679 0.3009486053696348 35034
1647536795740 0.30092795773384134 35035
1647536797124 0.3008828746995845 35036
1647536798074 0.30094497324192104 35037
1647536799167 0.3009514747267525 35038
1647536800579 0.30088426886433706 35039
1647536801641 0.3009275330200829 35040
1647536802777 0.30089391661541803 35041
1647536803885 0.30085010241050864 35042
1647536804952 0.3008742054311821 35043
1647536805914 0.3009199169210696 35044
1647536806962 0.3009323050803076 35045
1647536807917 0.3009136680903295 35046
1647536808989 0.3009138071791185 35047
1647536810110 0.3009079932394681 35048
1647536811034 0.30099726443447933 35049
1647536811968 0.3010443462815456 35050
1647536813147 0.3010243697836995 35051
1647536814155 0.3010613420151553 35052
1647536815342 0.30101138536822974 35053
1647536816352 0.30102782334175493 35054
1647536817224 0.30111719024339784 35055
1647536818136 0.3011754470494773 35056
1647536819043 0.30117827886174964 35057
1647536820122 0.3011759200072427 35058
1647536821200 0.3011564238626041 35059
1647536822200 0.30118110682276084 35060
1647536823223 0.3011990681906377 35061
1647536824134 0.301228269799301 35062
1647536825138 0.30129089231046513 35063
1647536826162 0.30132952047495043 35064
1647536827087 0.3014047128904789 35065
1647536828212 0.30140204746046184 35066
1647536829012 0.3014240241854599 35067
1647536830196 0.30143835423123966 35068
1647536831186 0.3014846352129343 35069
1647536832317 0.30146722396540776 35070
1647536833425 0.30146056924198494 35071
1647536834478 0.3014620353607346 35072
1647536835576 0.30146696270975465 35073
1647536836565 0.3015117962781465 35074
1647536837529 0.3015347779332812 35075
1647536838613 0.3015136438973096 35076
1647536839638 0.3015769625760214 35077
1647536840732 0.30158519407259127 35078
1647536841828 0.30154933639671594 35079
1647536842897 0.30153409536530856 35080
1647536843985 0.30153085213851155 35081
1647536844911 0.3015550269429806 35082
1647536845898 0.3015647785762301 35083
1647536847013 0.301539406023273 35084
1647536848023 0.30155799111632126 35085
1647536849043 0.30155894280927864 35086
1647536850468 0.30150206853608486 35087
1647536851537 0.3015032409537484 35088
1647536852481 0.3015298467725275 35089
1647536853700 0.3015190314943508 35090
1647536854741 0.3015056626090119 35091
1647536855693 0.30153105903257776 35092
1647536856974 0.301494389400486 35093
1647536858345 0.3014290263023668 35094
1647536859588 0.30138935982414383 35095
1647536860657 0.30140001735534055 35096
1647536861546 0.3014535800842374 35097
1647536862744 0.30143279250660415 35098
1647536863706 0.3014380587742497 35099
1647536864674 0.30147852310187534 35100
1647536865678 0.30155364334583284 35101
1647536866672 0.3015948740555514 35102
1647536867628 0.3017152379067561 35103
1647536869038 0.301641988223872 35104
1647536870262 0.30169153913404 35105
1647536871336 0.3017449157052781 35106
1647536872300 0.30184068531984354 35107
1647536873737 0.30179891213122684 35108
1647536874858 0.3018358399312712 35109
1647536876156 0.30182905060796156 35110
1647536877331 0.301884938847451 35111
1647536878301 0.3019486325634178 35112
1647536879689 0.3019349388719172 35113
1647536880976 0.3019311498859433 35114
1647536882486 0.3018923285358314 35115
1647536883950 0.30184602474742256 35116
1647536885345 0.30185082699591514 35117
1647536886441 0.30193704786550934 35118
1647536887490 0.30195108529662107 35119
1647536889002 0.30189041771035763 35120
1647536890029 0.30197346632874855 35121
1647536891189 0.30199534003421324 35122
1647536892607 0.30196084461684497 35123
1647536893932 0.3019780535587437 35124
1647536894954 0.30206059733496354 35125
1647536895998 0.3021203140183991 35126
1647536897042 0.3021627876171871 35127
1647536898170 0.3021722717171268 35128
1647536899426 0.30213617499632084 35129
1647536900780 0.30213182686920553 35130
1647536901994 0.3021694322116673 35131
1647536903064 0.3022029273078183 35132
1647536904190 0.30227497594311903 35133
1647536905317 0.3023334416623982 35134
1647536906838 0.3022978088566076 35135
1647536907967 0.3023056565555617 35136
1647536909124 0.302293472745185 35137
1647536910244 0.30227458970252175 35138
1647536911326 0.30230121613011596 35139
1647536912366 0.30232271545149725 35140
1647536913604 0.30229026691396105 35141
1647536914667 0.30231650322560283 35142
1647536915737 0.3023608051724847 35143
1647536917148 0.3022995015054549 35144
1647536918351 0.3022512373222266 35145
1647536919499 0.3023065833051232 35146
1647536920554 0.3023594171728617 35147
1647536921651 0.3023977001171068 35148
1647536922864 0.30239574898189314 35149
1647536923900 0.30242733162948954 35150
1647536925102 0.30243576998894034 35151
1647536926115 0.3025040289102198 35152
1647536926316 0.30235339935222344 35153
