1647516387725 0.4949616491794586 18228
1647516388831 0.5455472022294998 18229
1647516390079 0.4940733114878337 18230
1647516391070 0.5094554126262665 18231
1647516392136 0.5220959305763244 18232
1647516393069 0.528553823630015 18233
1647516394079 0.5302778141839164 18234
1647516395090 0.5440516918897629 18235
1647516396155 0.5406083795759413 18236
1647516397078 0.5449947655200958 18237
1647516398147 0.5391490432349119 18238
1647516399197 0.5355205709735552 18239
1647516400213 0.5367674116904919 18240
1647516401328 0.5300379672220775 18241
1647516402835 0.5149316628774007 18242
1647516403900 0.5157688781619072 18243
1647516405036 0.5127505467218512 18244
1647516406544 0.5028436846203275 18245
1647516407510 0.5029269268638209 18246
1647516408740 0.49772227704524996 18247
1647516409872 0.49623313546180725 18248
1647516411094 0.49328418617898767 18249
1647516412220 0.49004318273585773 18250
1647516413584 0.48226170738538104 18251
1647516414755 0.4827682852745056 18252
1647516415895 0.4828848082285661 18253
1647516416802 0.4874037195135046 18254
1647516417930 0.48461737270866123 18255
1647516419178 0.4806268430989364 18256
1647516420292 0.4793431987365087 18257
1647516421408 0.4772377360251642 18258
1647516422424 0.47753305174410343 18259
1647516423430 0.4788712136673205 18260
1647516424706 0.47591600786237154 18261
1647516426000 0.4739524739129203 18262
1647516427184 0.4738808323939641 18263
1647516428159 0.47440291578705246 18264
1647516429144 0.4759172138414885 18265
1647516430415 0.4723702523952875 18266
1647516431364 0.47601271942257883 18267
1647516432500 0.4746641356770585 18268
1647516433811 0.47252701435770306 18269
1647516434964 0.47096045072688614 18270
1647516435826 0.47205025905912573 18271
1647516437151 0.46772331926557753 18272
1647516438093 0.46962412414343463 18273
1647516439483 0.4671367178571985 18274
1647516440402 0.4687421036263307 18275
1647516441582 0.46600062445718415 18276
1647516442793 0.46469207406044005 18277
1647516443854 0.4649851941594891 18278
1647516445001 0.46475280821323395 18279
1647516446050 0.46461874808905257 18280
1647516446931 0.4669934268350954 18281
1647516447896 0.46696334860541605 18282
1647516448863 0.4696536564401218 18283
1647516450307 0.46717949185455054 18284
1647516451394 0.4676045795966839 18285
1647516452438 0.46678716095827394 18286
1647516453555 0.46725303679704666 18287
1647516454660 0.4660771547770891 18288
1647516455605 0.46710144704388035 18289
1647516456705 0.4672238760524326 18290
1647516457975 0.4663046170026064 18291
1647516459496 0.46446160353147065 18292
1647516460538 0.4636498567732898 18293
1647516461765 0.4618698518667648 18294
1647516463071 0.4610253944993019 18295
1647516464239 0.4600820083549057 18296
1647516465246 0.4605840742588043 18297
1647516466419 0.45962797713951326 18298
1647516467539 0.4596863169636991 18299
1647516468564 0.4605485000838972 18300
1647516469526 0.45986383106257467 18301
1647516470738 0.45811819553375244 18302
1647516471951 0.4578050539681786 18303
1647516472941 0.45776251345485836 18304
1647516473994 0.45660860798297787 18305
1647516475050 0.45704530877403066 18306
1647516476066 0.4565624035894871 18307
1647516477155 0.4559264164647938 18308
1647516478189 0.4552304973689521 18309
1647516479623 0.4532473065766944 18310
1647516480738 0.45167404945407597 18311
1647516481692 0.4523425792946535 18312
1647516482637 0.4523248069508131 18313
1647516483906 0.4506526743543559 18314
1647516485063 0.4502485939724879 18315
1647516486175 0.44945431090472787 18316
1647516487283 0.4485450714826584 18317
1647516488729 0.4467959191117968 18318
1647516489839 0.4463027190902959 18319
1647516490947 0.44613555169874625 18320
1647516492026 0.44535225344465135 18321
1647516493223 0.4440905320016961 18322
1647516494108 0.44443192798644304 18323
1647516495001 0.44476020121082815 18324
1647516495984 0.44475619859841403 18325
1647516497038 0.4444275943919866 18326
1647516497994 0.44475056111812594 18327
1647516499306 0.44344847302625673 18328
1647516500226 0.44399524728457135 18329
1647516501365 0.4430447640349564 18330
1647516502376 0.4424353058521564 18331
1647516503515 0.4413754627818153 18332
1647516504643 0.4406700862466164 18333
1647516505869 0.44014044482017234 18334
1647516507375 0.4402329954836104 18335
1647516508625 0.44071934009910724 18336
1647516510648 0.43935612711039457 18337
1647516512891 0.4387134633085749 18338
1647516514131 0.43817406706511974 18339
1647516515396 0.43692425157116577 18340
1647516516302 0.4366260722540973 18341
1647516517237 0.4365397341873335 18342
1647516518307 0.4361678986199971 18343
1647516519115 0.43661284395772165 18344
1647516520369 0.4352943866939868 18345
1647516521408 0.4343693677116843 18346
1647516522585 0.4331465850273768 18347
1647516523886 0.43191571151914676 18348
1647516525153 0.430517812488509 18349
1647516526350 0.42978139718373615 18350
1647516527201 0.4295269075420595 18351
1647516528135 0.42960351276397707 18352
1647516529591 0.4280925170769767 18353
1647516530614 0.4284128497435352 18354
1647516531743 0.4281147352885455 18355
1647516533124 0.42740070219187776 18356
1647516534158 0.4268658988750898 18357
1647516535121 0.4266666453758269 18358
1647516535981 0.4270574522740913 18359
1647516536968 0.42653045237512516 18360
1647516538162 0.42549955822638613 18361
1647516539226 0.4257937493147673 18362
1647516540409 0.42475047400769067 18363
1647516541447 0.4245332801429025 18364
1647516542677 0.4235556244418241 18365
1647516543466 0.4235997407985248 18366
1647516544601 0.42321165267910277 18367
1647516545516 0.4229201890052633 18368
1647516546480 0.42327289367225807 18369
1647516547460 0.4231110161001032 18370
1647516548667 0.42177955826951397 18371
1647516549650 0.42161542238860295 18372
1647516551092 0.4207347539597995 18373
1647516552091 0.42073508184783315 18374
1647516553233 0.42004778054920405 18375
1647516554586 0.41860950603181085 18376
1647516555447 0.41835046778122587 18377
1647516556590 0.41804134381922664 18378
1647516557517 0.41806120160771043 18379
1647516558394 0.41770779356068255 18380
1647516559322 0.41763287308541214 18381
1647516560357 0.41774685834684677 18382
1647516561591 0.41723880467888635 18383
1647516562733 0.4164053994189402 18384
1647516563769 0.41607121887463555 18385
1647516565122 0.4150716260356723 18386
1647516566160 0.41458569196984174 18387
1647516567361 0.41389765123032635 18388
1647516568469 0.4131853577715379 18389
1647516569622 0.41258149543788536 18390
1647516570639 0.4124131038239816 18391
1647516571517 0.4128469921422727 18392
1647516572484 0.4124280689171998 18393
1647516573466 0.4125158396845092 18394
1647516574535 0.41213762591637315 18395
1647516575510 0.4122866343640717 18396
1647516576589 0.4119372768437161 18397
1647516577556 0.41211831125251036 18398
1647516578429 0.4121623733189217 18399
1647516579453 0.41197464240424203 18400
1647516580637 0.41156061361918506 18401
1647516582085 0.410647525872503 18402
1647516583136 0.41034216493029485 18403
1647516584127 0.41048022153350594 18404
1647516585297 0.40993470966481094 18405
1647516586186 0.41004302856309455 18406
1647516587128 0.4098722072939078 18407
1647516588343 0.4094559941337912 18408
1647516589284 0.409438720034374 18409
1647516590220 0.40937767743738623 18410
1647516591132 0.4095220369003389 18411
1647516592087 0.4093170474509935 18412
1647516592945 0.40912473514195413 18413
1647516593904 0.4088321639732881 18414
1647516595099 0.4084425640708588 18415
1647516596181 0.40810061360477773 18416
1647516597248 0.4076376100119792 18417
1647516598265 0.40730339764612505 18418
1647516599277 0.4069241165028264 18419
1647516600539 0.40656496877806175 18420
1647516601536 0.4064743361368622 18421
1647516602570 0.4065548639266919 18422
1647516603515 0.40638621174255196 18423
1647516604729 0.4059941011485715 18424
1647516605895 0.40595257319886274 18425
1647516606822 0.40596541919600426 18426
1647516607770 0.40630434654653075 18427
1647516608696 0.40613738302864244 18428
1647516609744 0.4059072282202173 18429
1647516610650 0.4062656410075174 18430
1647516611872 0.40593941049540744 18431
1647516613020 0.40556877597076135 18432
1647516614021 0.40552412255585774 18433
1647516615087 0.405380560796042 18434
1647516616549 0.40479307958426386 18435
1647516617559 0.4044135334816846 18436
1647516618625 0.40435239055327005 18437
1647516621019 0.4042716219103167 18438
1647516621809 0.40433589235510464 18439
1647516622782 0.4042801303622868 18440
1647516623804 0.4045384703813312 18441
1647516625186 0.40385968886142554 18442
1647516626120 0.40346540807297937 18443
1647516627483 0.4029373318506276 18444
1647516628352 0.40318445403368103 18445
1647516629413 0.4029383537567914 18446
1647516630550 0.4028865145688707 18447
1647516632034 0.4021507339779608 18448
1647516633090 0.4023878862997433 18449
1647516633988 0.40243595263883136 18450
1647516634843 0.4025097953687821 18451
1647516635676 0.4025846842924754 18452
1647516636718 0.40227292095665385 18453
1647516637775 0.40220108247538494 18454
1647516638954 0.40177251176353085 18455
1647516640164 0.4015364058673642 18456
1647516641193 0.40115456438582875 18457
1647516642094 0.40117119155920944 18458
1647516643219 0.4006481186069291 18459
1647516644161 0.40082620615099634 18460
1647516645083 0.4009256966603108 18461
1647516645945 0.4008850370315795 18462
1647516647036 0.40056802521822815 18463
1647516647909 0.4007980138189179 18464
1647516649315 0.40016377573253725 18465
1647516650194 0.40014501470900976 18466
1647516651194 0.39983422085642817 18467
1647516652079 0.39992993476479877 18468
1647516653244 0.399536713218886 18469
1647516654876 0.39937313422254084 18470
1647516656643 0.39905780040826955 18471
1647516658834 0.3986884213223749 18472
1647516659900 0.3986503217763048 18473
1647516660716 0.39882021237481463 18474
1647516661949 0.398303973097955 18475
1647516662856 0.3985298600302164 18476
1647516663989 0.39828652572631834 18477
1647516665032 0.3980001187419511 18478
1647516666187 0.3977712008451659 18479
1647516667141 0.3977100011623895 18480
1647516668592 0.3970763812970927 18481
1647516669419 0.397027035612686 18482
1647516670543 0.3966509646852501 18483
1647516671610 0.39630756947548934 18484
1647516672590 0.39636258983103806 18485
1647516673469 0.39650064988716227 18486
1647516674664 0.3961292141332076 18487
1647516676108 0.3954854109734868 18488
1647516677119 0.39531589180003596 18489
1647516678172 0.39514341871094794 18490
1647516679137 0.3952806481357777 18491
1647516680193 0.39534579065610775 18492
1647516681239 0.39520538592697085 18493
1647516682636 0.3945704521088118 18494
1647516683672 0.39438770222130104 18495
1647516684628 0.39428913183371816 18496
1647516685785 0.3939003554759202 18497
1647516686728 0.39379705472186044 18498
1647516687661 0.393803100923405 18499
1647516688747 0.39359450329354395 18500
1647516689687 0.39348623439343305 18501
1647516690689 0.39379759777675977 18502
1647516691524 0.3937886501999869 18503
1647516692786 0.39344461848589485 18504
1647516694227 0.39297966358901787 18505
1647516695278 0.3927643162375283 18506
1647516696375 0.3928788661956787 18507
1647516697378 0.3931269496149016 18508
1647516698646 0.39275414797853914 18509
1647516699682 0.39234760214077713 18510
1647516700632 0.39226986247469003 18511
1647516701645 0.392210310592986 18512
1647516702630 0.39209916156071883 18513
1647516703757 0.3916436949881112 18514
1647516704805 0.3913822698717316 18515
1647516705951 0.39108412106969365 18516
1647516707185 0.3908626306673576 18517
1647516708633 0.3903327221722947 18518
1647516709765 0.3902944719342336 18519
1647516710785 0.390294222294674 18520
1647516711768 0.3904005413760944 18521
1647516713216 0.3896579670198893 18522
1647516714440 0.38933104714630423 18523
1647516715592 0.38918808860208853 18524
1647516716497 0.3894673933418805 18525
1647516717557 0.3892842493826729 18526
1647516718681 0.38897968833645186 18527
1647516719842 0.38882641335856477 18528
1647516720724 0.38918145558494605 18529
1647516721706 0.38902153005891116 18530
1647516722693 0.38922198533423635 18531
1647516723710 0.3889734830524101 18532
1647516724792 0.38885752734989903 18533
1647516725797 0.3888036314070419 18534
1647516726704 0.38909716889649243 18535
1647516727675 0.3892497048505302 18536
1647516728671 0.3892368876645642 18537
1647516729622 0.3895858913851704 18538
1647516730712 0.38948123247768635 18539
1647516731532 0.38953575715660665 18540
1647516732495 0.3894956612567993 18541
1647516733583 0.3891777366399765 18542
1647516734527 0.3893699919969975 18543
1647516735463 0.389479549008213 18544
1647516736445 0.38964773662997493 18545
1647516737812 0.389360229750412 18546
1647516738750 0.3893139822874218 18547
1647516739895 0.3891952298233442 18548
1647516740806 0.38948620878946705 18549
1647516741886 0.3893702563025265 18550
1647516743089 0.3892101953151049 18551
1647516744511 0.38880501760886266 18552
1647516745517 0.3889956557951822 18553
1647516746539 0.3889898750304447 18554
1647516747671 0.38903420186806015 18555
1647516748719 0.38906079037030056 18556
1647516749840 0.3887640670845003 18557
1647516750931 0.38848818937637297 18558
1647516751806 0.3886672148413687 18559
1647516753076 0.38832555031096255 18560
1647516754228 0.38800676760380853 18561
1647516755341 0.3880171310990604 18562
1647516756426 0.3878814567856136 18563
1647516757823 0.38757733036750147 18564
1647516759118 0.38738840443671807 18565
1647516760190 0.387330507062881 18566
1647516761198 0.38711312400067555 18567
1647516762660 0.38680403222960813 18568
1647516764072 0.3865232118650487 18569
1647516764986 0.3868190189579138 18570
1647516766455 0.38647982543117776 18571
1647516767615 0.3864249499379725 18572
1647516768439 0.3866163983596543 18573
1647516769438 0.38650358921340977 18574
1647516770534 0.3864866152148822 18575
1647516771701 0.3863333145578133 18576
1647516772652 0.3862515946371215 18577
1647516773682 0.38627248667074404 18578
1647516774795 0.3861879396083003 18579
1647516776018 0.3860964319608029 18580
1647516777035 0.38604668847753504 18581
1647516777987 0.3860416306156508 18582
1647516779409 0.38569137726104663 18583
1647516780773 0.3852405085199687 18584
1647516781824 0.3850454436250905 18585
1647516782880 0.3849214435370852 18586
1647516783914 0.38499139145844513 18587
1647516785052 0.38488033310693387 18588
1647516786269 0.3846694474309189 18589
1647516787150 0.38470904553724716 18590
1647516788155 0.38476497299232326 18591
1647516789044 0.3849161050499302 18592
1647516789986 0.38515094480390755 18593
1647516790894 0.38520077646428297 18594
1647516792034 0.3854121958189037 18595
1647516793209 0.38584082482791526 18596
1647516794118 0.3864895724364229 18597
1647516795216 0.38686366467623695 18598
1647516796289 0.387467802732542 18599
1647516797732 0.3874283389415562 18600
1647516798671 0.38810468130411313 18601
1647516799646 0.38849946081638337 18602
1647516800665 0.3888571033690204 18603
1647516801916 0.3888620607337522 18604
1647516803009 0.3890103373341459 18605
1647516803904 0.389603295434748 18606
1647516804974 0.3897672581437387 18607
1647516805906 0.39011661810042664 18608
1647516806769 0.39045633402950475 18609
1647516808164 0.39046870887902013 18610
1647516809266 0.3904749007973199 18611
1647516810382 0.39053110011986325 18612
1647516811589 0.39052252915393504 18613
1647516812620 0.39070024004432274 18614
1647516813543 0.3910408611841423 18615
1647516814937 0.3909049980667992 18616
1647516816329 0.3909165881765194 18617
1647516817566 0.39079676454176987 18618
1647516818705 0.3907153283683013 18619
1647516819543 0.3912407412707957 18620
1647516820635 0.39137559149622314 18621
1647516821841 0.39135217142256 18622
1647516822879 0.39144785638258917 18623
1647516823868 0.39168308232383103 18624
1647516825065 0.39162876973649363 18625
1647516826097 0.3919806545763685 18626
1647516827156 0.3921522920951247 18627
1647516828041 0.39253509308483236 18628
1647516829036 0.3927062753940103 18629
1647516830058 0.3926859221076847 18630
1647516830980 0.3929923986370611 18631
1647516832377 0.39293413202703736 18632
1647516833339 0.39318759640302564 18633
1647516834473 0.39323734808758964 18634
1647516835615 0.3933632366870548 18635
1647516836563 0.3934598182189144 18636
1647516837558 0.393801719858879 18637
1647516838550 0.3940613534111176 18638
1647516839603 0.39417404873133866 18639
1647516840761 0.394083268597686 18640
1647516841793 0.3942651768453455 18641
1647516843202 0.39423482701720963 18642
1647516844336 0.3943392366815645 18643
1647516845593 0.3941416206191198 18644
1647516846668 0.39415980379975013 18645
1647516847517 0.3945496140274626 18646
1647516848504 0.3946694840632734 18647
1647516849846 0.39470305249555093 18648
1647516850909 0.3949182873582953 18649
1647516852335 0.3947362459790904 18650
1647516853259 0.3948780588173079 18651
1647516854312 0.3951317940389409 18652
1647516855336 0.39534501434072084 18653
1647516856458 0.395439688613599 18654
1647516857483 0.3955270234042796 18655
1647516858696 0.3955257675656072 18656
1647516859832 0.3954982756528743 18657
1647516861258 0.3953605506854378 18658
1647516862325 0.39537619423397163 18659
1647516863210 0.39551913913760944 18660
1647516864248 0.39564773313323476 18661
1647516865444 0.39570592508233826 18662
1647516866518 0.3957950454717929 18663
1647516867697 0.39571975539832693 18664
1647516868761 0.3957300019114529 18665
1647516869703 0.39591587917000937 18666
1647516870604 0.3962855368513953 18667
1647516871638 0.39639855056257745 18668
1647516872720 0.3964384845141911 18669
1647516873792 0.39652884689329976 18670
1647516875011 0.39657799721703874 18671
1647516876168 0.3967529184028004 18672
1647516877213 0.3968548928074238 18673
1647516878185 0.3970064249814757 18674
1647516879223 0.39710129641129505 18675
1647516880091 0.3973207933400946 18676
1647516881073 0.39771575109826196 18677
1647516882160 0.3976438318744731 18678
1647516883352 0.39754539401789685 18679
1647516884694 0.39747100328372803 18680
1647516885894 0.39742435505080326 18681
1647516886805 0.3976411246663921 18682
1647516887890 0.3976320490044983 18683
1647516888707 0.3980251232761262 18684
1647516889790 0.3981446406791824 18685
1647516890915 0.39823747379198055 18686
1647516892117 0.3981261337904827 18687
1647516893286 0.39800162897839203 18688
1647516894657 0.3978868279428709 18689
1647516895791 0.3978954196684304 18690
1647516896918 0.3979070140691153 18691
1647516898004 0.3979328638443383 18692
1647516899407 0.39777832100959293 18693
1647516900516 0.39791632952603334 18694
1647516901482 0.39808121314033484 18695
1647516902709 0.3979715474569467 18696
1647516903594 0.3981640660065286 18697
1647516905000 0.3980536678224612 18698
1647516906259 0.39805755830543527 18699
1647516907616 0.3979833764014234 18700
1647516908698 0.39798766107373096 18701
1647516909805 0.3979675302066301 18702
1647516910714 0.39815702054555674 18703
1647516911788 0.39814957273456286 18704
1647516912849 0.3981509462123635 18705
1647516913895 0.39822026573914826 18706
1647516914853 0.3984098155361911 18707
1647516916198 0.39835237772078125 18708
1647516917570 0.3981766239797921 18709
1647516918845 0.3980279896508586 18710
1647516919993 0.39799353421842754 18711
1647516921185 0.39791847974369204 18712
1647516922295 0.3978915901647674 18713
1647516923715 0.39773120628612485 18714
1647516924660 0.39795279237212705 18715
1647516925747 0.3979248560827934 18716
1647516926635 0.3980944502414489 18717
1647516927783 0.39811743735174543 18718
1647516928832 0.39812104867362397 18719
1647516929963 0.398128568672747 18720
1647516931133 0.3980417543878922 18721
1647516932473 0.39786740592633835 18722
1647516933879 0.3978036980655405 18723
1647516935029 0.39770945537857844 18724
1647516936121 0.39781014953392096 18725
1647516937309 0.3976713536915655 18726
1647516938571 0.3976771723330021 18727
1647516939591 0.3975941920411325 18728
1647516940744 0.39790734515128384 18729
1647516941840 0.39831302473488195 18730
1647516943134 0.39840656374063754 18731
1647516944132 0.39875623515926967 18732
1647516945120 0.39910569077306113 18733
1647516946078 0.39950294369423883 18734
1647516947232 0.3996845379061117 18735
1647516948394 0.3998137739704728 18736
1647516949605 0.3998354830286082 18737
1647516950571 0.4002725432122057 18738
1647516951706 0.4004067726491485 18739
1647516952773 0.4006456613366367 18740
1647516953883 0.4008196492893223 18741
1647516955116 0.40086131781628986 18742
1647516956087 0.4010472245976444 18743
1647516957066 0.4013670197826751 18744
1647516958518 0.40127373532784033 18745
1647516959479 0.40148255656794546 18746
1647516960618 0.4015248124129497 18747
1647516961687 0.4017244739575944 18748
1647516962913 0.40161449068236627 18749
1647516964120 0.40155604416166163 18750
1647516965168 0.4016177332071403 18751
1647516966259 0.4017065232424509 18752
1647516967382 0.4018037687746291 18753
1647516968635 0.40185319939080405 18754
1647516969846 0.4019735267837391 18755
1647516970670 0.40235338226270584 18756
1647516971624 0.4026490766765936 18757
1647516972611 0.4029082358164078 18758
1647516973712 0.4030104728513642 18759
1647516974830 0.40307081749358725 18760
1647516975968 0.40322187668486925 18761
1647516977024 0.40325809419155123 18762
1647516978501 0.4032528295612602 18763
1647516979930 0.40314459559304755 18764
1647516980954 0.4033722906584633 18765
1647516982133 0.40346099270407476 18766
1647516983006 0.4037350499795543 18767
1647516984080 0.40381498761516404 18768
1647516985172 0.40378062127371117 18769
1647516986307 0.4037763018908861 18770
1647516987269 0.4040126985979869 18771
1647516988349 0.404147816661301 18772
1647516989752 0.4040271690859026 18773
1647516990943 0.4039322300465059 18774
1647516991951 0.4040618783855525 18775
1647516993125 0.4040364341060538 18776
1647516994242 0.40420610316775063 18777
1647516995411 0.40433174547504386 18778
1647516996720 0.40426493989492673 18779
1647516997625 0.4044670765751309 18780
1647516999057 0.4043370378523097 18781
1647517000166 0.40446700547729525 18782
1647517001327 0.40461227836475955 18783
1647517002439 0.4046675992771796 18784
1647517003487 0.4047822379991145 18785
1647517004554 0.4048318394021613 18786
1647517005706 0.4048537492485983 18787
1647517006938 0.40473778593667686 18788
1647517008025 0.4047714617381741 18789
1647517009162 0.40496638869836954 18790
1647517010538 0.4048255284891484 18791
1647517011980 0.4046465278990501 18792
1647517013080 0.40481348001388273 18793
1647517013977 0.4050685111334715 18794
1647517014939 0.4051592363385667 18795
1647517016374 0.4050144926892014 18796
1647517017526 0.4049921283857864 18797
1647517018586 0.40503836588872083 18798
1647517019582 0.4052102393047376 18799
1647517020709 0.40522979699192246 18800
1647517021834 0.40521489148667467 18801
1647517023208 0.40503484687079555 18802
1647517024228 0.4052363782345007 18803
1647517025689 0.40508618989581663 18804
1647517026819 0.4051793575235304 18805
1647517027869 0.40532121569278534 18806
1647517029044 0.405460670564709 18807
1647517030411 0.4054090568664357 18808
1647517031377 0.40549390824492443 18809
1647517032267 0.4056936942334854 18810
1647517033238 0.4057880742347812 18811
1647517034377 0.4058915362653569 18812
1647517035485 0.40595970750363614 18813
1647517036707 0.4060830351288924 18814
1647517037827 0.4061021231824443 18815
1647517038896 0.40610135560428345 18816
1647517039804 0.4062640783897901 18817
1647517040970 0.40627379700314575 18818
1647517041999 0.40635774574066336 18819
1647517043079 0.4063706540488473 18820
1647517044120 0.40646018406457773 18821
1647517045198 0.4065455840164874 18822
1647517046354 0.40663547151340734 18823
1647517047416 0.40662500833846016 18824
1647517048523 0.4066641603574705 18825
1647517049531 0.4067947488645082 18826
1647517050642 0.4067109499623378 18827
1647517051649 0.406776248441758 18828
1647517052887 0.40679920350891413 18829
1647517054090 0.40698343206499743 18830
1647517055146 0.40698999321914664 18831
1647517056547 0.40686025474189724 18832
1647517057522 0.40697946719112177 18833
1647517058941 0.40686060831908144 18834
1647517060284 0.40680001752058925 18835
1647517061252 0.4069146634077987 18836
1647517062353 0.40697809733816837 18837
1647517063302 0.40728167418859984 18838
1647517064363 0.40735503054814404 18839
1647517065526 0.4073841620668113 18840
1647517066577 0.4074142600746419 18841
1647517067595 0.40746679555594434 18842
1647517068955 0.4073720963599233 18843
1647517070416 0.4072136206845217 18844
1647517071442 0.40728315607340204 18845
1647517072492 0.4073525545140653 18846
1647517073457 0.407548140157615 18847
1647517074591 0.4075610373955034 18848
1647517075723 0.40765912770937496 18849
1647517076851 0.4077134590422552 18850
1647517077911 0.4078322592406319 18851
1647517078990 0.40788807442188263 18852
1647517080099 0.40797545527593015 18853
1647517081269 0.40803003403843874 18854
1647517082374 0.4080271130771774 18855
1647517083601 0.4078974714102919 18856
1647517084887 0.40784530164230437 18857
1647517085809 0.40805337307664746 18858
1647517087224 0.4078323159932713 18859
1647517088226 0.40786095274285683 18860
1647517089402 0.40781091550829285 18861
1647517090279 0.4079672922064939 18862
1647517091660 0.40786142166961664 18863
1647517092785 0.40792310202795445 18864
1647517093840 0.40797532475947584 18865
1647517094891 0.4080984909349764 18866
1647517095993 0.4081575886113569 18867
1647517097060 0.4081346914055939 18868
1647517098491 0.4079942215593804 18869
1647517099519 0.4081293746110625 18870
1647517100648 0.4082233953226057 18871
1647517102030 0.4080743618482767 18872
1647517103189 0.4080879270984292 18873
1647517104313 0.4080564304840804 18874
1647517105411 0.4080508122979491 18875
1647517106866 0.40793168689418463 18876
1647517108028 0.40799449698283125 18877
1647517109289 0.4078784252412491 18878
1647517110686 0.4076843351080008 18879
1647517111810 0.4078127512933649 18880
1647517112780 0.4080085935076807 18881
1647517113962 0.40802233485320144 18882
1647517115355 0.4078224232511186 18883
1647517116317 0.40810083755528725 18884
1647517117364 0.4082753669391287 18885
1647517118503 0.40837740321532007 18886
1647517119650 0.40835323345028995 18887
1647517120762 0.40829825552346666 18888
1647517121857 0.4082321148489537 18889
1647517123239 0.4081294234297035 18890
1647517124344 0.4082731962518161 18891
1647517125409 0.40830721382359814 18892
1647517126333 0.40862297673930636 18893
1647517127283 0.40882691381306485 18894
1647517128346 0.40903362500185736 18895
1647517129267 0.40952638849638323 18896
1647517130366 0.40967589823612527 18897
1647517131434 0.40974716762227914 18898
1647517132810 0.4096725126506672 18899
1647517134079 0.40966186762121776 18900
1647517135157 0.4096756442850704 18901
1647517136390 0.4096431514289644 18902
1647517137510 0.409777795003187 18903
1647517138422 0.4099285698755805 18904
1647517139564 0.40989751148979925 18905
1647517140581 0.41009829117640834 18906
1647517142049 0.41009806585224234 18907
1647517143202 0.41028432644323803 18908
1647517144249 0.4105871973280683 18909
1647517145691 0.41060786259034715 18910
1647517146716 0.41084963054946294 18911
1647517148044 0.41081674283873426 18912
1647517149085 0.41107424965492145 18913
1647517150138 0.4113118877794371 18914
1647517151311 0.41114899756516826 18915
1647517152392 0.41115965559018886 18916
1647517153578 0.4111190231166024 18917
1647517154992 0.41098882033666206 18918
1647517155954 0.41109060760953525 18919
1647517156957 0.4112412178886229 18920
1647517157913 0.4113102283661578 18921
1647517159091 0.4113470316576443 18922
1647517160165 0.4114087985550193 18923
1647517161091 0.411542691771406 18924
1647517162172 0.4115054500436031 18925
1647517163256 0.41153816188098025 18926
1647517164077 0.41171973273158075 18927
1647517164970 0.4118491626542577 18928
1647517165927 0.41198276694428887 18929
1647517166921 0.41210865756102 18930
1647517167969 0.4121073355940594 18931
1647517168892 0.41211811492206357 18932
1647517169931 0.4120864930005992 18933
1647517171052 0.4120407158659068 18934
1647517172123 0.41213359290176194 18935
1647517173008 0.41230158037039727 18936
1647517173987 0.4124397692336163 18937
1647517174905 0.41254082575712864 18938
1647517175848 0.4126826079164663 18939
1647517176837 0.4126906551493836 18940
1647517177826 0.412788690033914 18941
1647517178781 0.41286556718649564 18942
1647517179880 0.4127863137956771 18943
1647517181081 0.41271502459148984 18944
1647517182488 0.4124985109174152 18945
1647517183467 0.412535981214262 18946
1647517184491 0.412544357466201 18947
1647517185681 0.4125308295435449 18948
1647517186703 0.412549384433642 18949
1647517187591 0.41264105999370826 18950
1647517188523 0.412741680480334 18951
1647517189420 0.41302265650239484 18952
1647517190344 0.4130831760849506 18953
1647517191214 0.4132061047476948 18954
1647517192366 0.41312172454218943 18955
1647517193172 0.41333306581803964 18956
1647517194091 0.41340249329805373 18957
1647517195165 0.4134024571418436 18958
1647517196534 0.41328338205895787 18959
1647517197678 0.4131998833456924 18960
1647517198703 0.41325261902662974 18961
1647517199742 0.4132346134810221 18962
1647517200631 0.41340902474020486 18963
1647517201704 0.4133992497802913 18964
1647517202940 0.4132560172741652 18965
1647517204332 0.41312077272486786 18966
1647517205461 0.4130327848767912 18967
1647517206480 0.4130743704384316 18968
1647517207475 0.4132131038690513 18969
1647517208678 0.4130810842339155 18970
1647517209572 0.4130993049030983 18971
1647517210812 0.4130299510771796 18972
1647517211854 0.41309495124436574 18973
1647517212915 0.4131774425785864 18974
1647517214062 0.4131744763948382 18975
1647517215135 0.41315357418897475 18976
1647517216052 0.4132257232864698 18977
1647517216908 0.41335686348805256 18978
1647517218112 0.4132848119046143 18979
1647517219496 0.41319426262916953 18980
1647517220404 0.41325952944689154 18981
1647517221402 0.41323182667722763 18982
1647517222513 0.41318700969140365 18983
1647517223455 0.41326871445424646 18984
1647517224356 0.4133319702775938 18985
1647517225404 0.4133842136509648 18986
1647517226476 0.41333320856486494 18987
1647517227520 0.41331334541332704 18988
1647517228348 0.413384861461916 18989
1647517229280 0.4134406927255316 18990
1647517230178 0.4135515512947325 18991
1647517231135 0.4136120428252064 18992
1647517232141 0.4136803227795322 18993
1647517233110 0.41370212342080115 18994
1647517233923 0.4139277755166404 18995
1647517235141 0.41383816270818946 18996
1647517236087 0.4139042157050851 18997
1647517237064 0.41394985029437664 18998
1647517238042 0.41397092867777757 18999
1647517239033 0.4140108322765664 19000
1647517239918 0.41410062870236947 19001
1647517240989 0.41396574437618255 19002
1647517242015 0.41395010993115067 19003
1647517243013 0.4139601397813517 19004
1647517243913 0.4140986472100096 19005
1647517244841 0.41425500798669185 19006
1647517246259 0.4140876663992038 19007
1647517247140 0.41420900014619055 19008
1647517248106 0.41423732772126526 19009
1647517249288 0.41411677747013315 19010
1647517250211 0.4142361768540375 19011
1647517251150 0.4143323628955586 19012
1647517252557 0.41412371743953863 19013
1647517253423 0.4143029454210359 19014
1647517254305 0.4143649729791329 19015
1647517255236 0.4143966035811167 19016
1647517256147 0.414486211142208 19017
1647517257058 0.4145244306657468 19018
1647517257965 0.4145854603348657 19019
1647517258894 0.41467317410781135 19020
1647517259783 0.4148907623340561 19021
1647517260704 0.4150372238466575 19022
1647517261546 0.4152373077918836 19023
1647517262546 0.4152282617584226 19024
1647517263411 0.4152184555442411 19025
1647517264444 0.4151862047901738 19026
1647517265476 0.41527544083073736 19027
1647517266519 0.4152939918075459 19028
1647517267379 0.41542069723555575 19029
1647517268409 0.4155895727249338 19030
1647517269515 0.4156977825089177 19031
1647517270629 0.415706262029476 19032
1647517271619 0.4159129831579424 19033
1647517273063 0.41581797786287805 19034
1647517274256 0.4158621989743839 19035
1647517275113 0.415933723079112 19036
1647517276059 0.41599877368152877 19037
1647517277141 0.4159626404946594 19038
1647517278027 0.4160648995982896 19039
1647517278979 0.416178290749388 19040
1647517279997 0.4162674015181949 19041
1647517280920 0.416322076777739 19042
1647517282003 0.4163273630809842 19043
1647517283104 0.41636571231568315 19044
1647517284499 0.4161898605798742 19045
1647517285603 0.41615756081646904 19046
1647517286697 0.41610201482729214 19047
1647517287645 0.41613730586765746 19048
1647517288713 0.41617909532466363 19049
1647517289872 0.41612219258255684 19050
1647517290859 0.4161798871366434 19051
1647517291791 0.41629588464895884 19052
1647517292996 0.41615102220029 19053
1647517294130 0.41609740071674356 19054
1647517295304 0.41600681191697214 19055
1647517296282 0.4161145063555284 19056
1647517297353 0.4159847076937377 19057
1647517298443 0.41592134442068324 19058
1647517299344 0.41596742069277054 19059
1647517300486 0.4159136378929681 19060
1647517301552 0.4159139084765951 19061
1647517302641 0.4159062478892104 19062
1647517303546 0.4159330277030833 19063
1647517304579 0.4159511471058163 19064
1647517305515 0.415932713534354 19065
1647517306470 0.41591086857580317 19066
1647517307430 0.4159641941565843 19067
1647517308527 0.4159361286870648 19068
1647517309559 0.41595283870954697 19069
1647517310648 0.415882434231955 19070
1647517311817 0.41583240771957486 19071
1647517312698 0.4159211098266071 19072
1647517313736 0.41597877286075136 19073
1647517314601 0.4160223573868503 19074
1647517315429 0.416062276863124 19075
1647517316470 0.4160290605293146 19076
1647517317495 0.4159938751073445 19077
1647517318438 0.4160393977802593 19078
1647517319376 0.41599785639716425 19079
1647517320303 0.4160609905458419 19080
1647517321205 0.41615132430886775 19081
1647517322245 0.4161800609520304 19082
1647517323167 0.416184783765228 19083
1647517324122 0.4162685035303009 19084
1647517325051 0.4163452044198841 19085
1647517326061 0.41632781322607476 19086
1647517327438 0.41620225828400875 19087
1647517328588 0.416097257143529 19088
1647517329521 0.41615925392183517 19089
1647517330440 0.4161839520910524 19090
1647517331526 0.41619238586820384 19091
1647517332621 0.4162609845055321 19092
1647517333755 0.41621993425330167 19093
1647517334895 0.41616712589646154 19094
1647517335795 0.41625094370839233 19095
1647517336915 0.41614273240226046 19096
1647517337988 0.41613834176597925 19097
1647517338968 0.4161758563309121 19098
1647517339873 0.41618713143563596 19099
1647517341046 0.4161331573541768 19100
1647517341998 0.4161153859043285 19101
1647517343052 0.4161271843739918 19102
1647517344342 0.41598372462473504 19103
1647517345459 0.4158402451461642 19104
1647517346710 0.4157765342902757 19105
1647517347882 0.415690166873601 19106
1647517348805 0.41577243813398207 19107
1647517349760 0.4157735909526654 19108
1647517350746 0.41578198440558783 19109
1647517351803 0.4157499233735377 19110
1647517352851 0.4158070506654444 19111
1647517353897 0.41578758320229203 19112
1647517354992 0.4158166489368368 19113
1647517356058 0.41583224390176665 19114
1647517357138 0.41575156301595606 19115
1647517358048 0.41577331356377384 19116
1647517359104 0.41583865664983066 19117
1647517360108 0.4159046809714785 19118
1647517361217 0.4159321280304894 19119
1647517362311 0.4159669250183116 19120
1647517363294 0.41603202709482284 19121
1647517364395 0.4160078887333417 19122
1647517365452 0.41595536834626856 19123
1647517366465 0.41597076205572026 19124
1647517367528 0.4159839184651927 19125
1647517368371 0.416078149427031 19126
1647517369321 0.4160653459197945 19127
1647517370399 0.416032520386408 19128
1647517371497 0.41597485441524545 19129
1647517372689 0.4158861787447238 19130
1647517373562 0.41597147079893443 19131
1647517374747 0.41587800230439853 19132
1647517375984 0.4157556891934761 19133
1647517376956 0.4157981301648614 19134
1647517377981 0.41584617163706983 19135
1647517378931 0.4158078024063436 19136
1647517380099 0.4157707140177161 19137
1647517380995 0.4158472083304507 19138
1647517381844 0.4159119287505746 19139
1647517382726 0.41594496540733394 19140
1647517383656 0.41599423627428206 19141
1647517384576 0.4160508017233812 19142
1647517385692 0.41596923155230203 19143
1647517386653 0.41598332570124347 19144
1647517387571 0.4160718222946123 19145
1647517388471 0.41616770698079864 19146
1647517389815 0.4160666779817446 19147
1647517390697 0.4160453059612475 19148
1647517391781 0.41601455572047097 19149
1647517393233 0.41585375975619676 19150
1647517394333 0.4158341208416404 19151
1647517395476 0.4158369415998459 19152
1647517396490 0.4158313640153949 19153
1647517397328 0.4158930976060345 19154
1647517398423 0.4158686204042671 19155
1647517399579 0.41578645904751976 19156
1647517400682 0.41569199582902333 19157
1647517401783 0.4156871071019311 19158
1647517403252 0.4155816700741201 19159
1647517404124 0.4156309475629148 19160
1647517405446 0.4155685267145935 19161
1647517406449 0.4155563175200141 19162
1647517407702 0.41544419238901037 19163
1647517408886 0.41532744387743187 19164
1647517409866 0.4153089662318799 19165
1647517410814 0.41531777637390793 19166
1647517412076 0.4151507187238399 19167
1647517413094 0.4152257703917693 19168
1647517414157 0.41516259137042766 19169
1647517414971 0.41524007551427355 19170
1647517415843 0.41532121177257625 19171
1647517416771 0.4153161350539122 19172
1647517417815 0.41525153130544923 19173
1647517418793 0.4152541563874691 19174
1647517419926 0.4151693356973964 19175
1647517420968 0.415149528859036 19176
1647517422000 0.4151147364472088 19177
1647517422890 0.4151342443330556 19178
1647517423808 0.4151516437311383 19179
1647517424999 0.41509611372995225 19180
1647517425863 0.41520852139473463 19181
1647517426875 0.41521881211802597 19182
1647517427760 0.4152270389494786 19183
1647517428722 0.4153246295832043 19184
1647517429945 0.4152686446127414 19185
1647517430976 0.4152588132493066 19186
1647517431969 0.41527588651515546 19187
1647517433007 0.4152640488064624 19188
1647517433873 0.41534170283783 19189
1647517434938 0.4153863897668981 19190
1647517435944 0.41551029544586465 19191
1647517436812 0.41558133556743976 19192
1647517438225 0.41543899527432754 19193
1647517439338 0.4154287792256847 19194
1647517440330 0.41548675488034065 19195
1647517441188 0.4156077533529762 19196
1647517442402 0.4155243794481779 19197
1647517443242 0.4155967585612031 19198
1647517444194 0.41560404451847566 19199
1647517445094 0.41570672023761923 19200
1647517446123 0.415696774557753 19201
1647517447175 0.4156748908146834 19202
1647517448103 0.41573605904752603 19203
1647517449052 0.4157624314391381 19204
1647517450155 0.4157246200249727 19205
1647517451058 0.415819915934286 19206
1647517452038 0.41581200326279716 19207
1647517453074 0.41578998039196513 19208
1647517454144 0.415733278814377 19209
1647517455024 0.41578528898960454 19210
1647517455933 0.41581370065185597 19211
1647517457028 0.4157682448928126 19212
1647517457914 0.41586447558526335 19213
1647517459097 0.4158466458471592 19214
1647517460436 0.4157480784062191 19215
1647517461465 0.4157373698916064 19216
1647517462460 0.4156702980098098 19217
1647517463590 0.4156538094539575 19218
1647517464802 0.41559014185481974 19219
1647517465902 0.415559330000378 19220
1647517466914 0.41562898911280893 19221
1647517468068 0.41564638214794236 19222
1647517469241 0.41562823013189326 19223
1647517470255 0.41565689703107717 19224
1647517471189 0.4157441785047671 19225
1647517472673 0.4158568534258011 19226
1647517474155 0.4159197860211134 19227
1647517475682 0.4159740176085349 19228
1647517476925 0.41614493714299744 19229
1647517478092 0.41637041173867906 19230
1647517479578 0.41646684051687977 19231
1647517480674 0.4166714842491482 19232
1647517481833 0.41685390358357494 19233
1647517483141 0.41686189895294157 19234
1647517484160 0.4170631547384555 19235
1647517485401 0.4170794140979485 19236
1647517486768 0.41702652398017376 19237
1647517487767 0.4172331515835961 19238
1647517488838 0.41729872781238536 19239
1647517490033 0.4173876232920842 19240
1647517491131 0.4174523427494649 19241
1647517492146 0.4176342374438723 19242
1647517493437 0.41756635665248226 19243
1647517494578 0.41763613022123935 19244
1647517495581 0.41770783469285855 19245
1647517496719 0.4176819772990576 19246
1647517497916 0.4177464250402123 19247
1647517498828 0.4178896715807985 19248
1647517499895 0.4179491427692415 19249
1647517500929 0.4180368100122739 19250
1647517502005 0.4180797182052629 19251
1647517502952 0.418189103036392 19252
1647517503840 0.41829486154963863 19253
1647517504762 0.41836310246961145 19254
1647517505934 0.4182762595379167 19255
1647517507143 0.4181660523654421 19256
1647517508101 0.41821065647798833 19257
1647517509276 0.4181626885840317 19258
1647517510337 0.41816694313992364 19259
1647517511384 0.4181546759426536 19260
1647517512443 0.41813397547320197 19261
1647517513421 0.4180943153762587 19262
1647517514368 0.4180188475744835 19263
1647517515376 0.4180651689765538 19264
1647517516559 0.4179411056614795 19265
1647517517632 0.4178861856202418 19266
1647517518650 0.4178751257606424 19267
1647517519691 0.41786536667406504 19268
1647517520570 0.4178486595541639 19269
1647517521364 0.41791865222463215 19270
1647517522519 0.41786036242184965 19271
1647517523401 0.4178515889000094 19272
1647517524814 0.4176706575555282 19273
1647517525903 0.41765532422714724 19274
1647517527055 0.41756993843569556 19275
1647517528183 0.4174663449350826 19276
1647517529177 0.41751865144286837 19277
1647517530487 0.41745844113327685 19278
1647517531615 0.4174144728527096 19279
1647517532494 0.4173897812311013 19280
1647517533503 0.41733654678942356 19281
1647517534379 0.4173303881951418 19282
1647517535421 0.4173124122264033 19283
1647517536860 0.4171706943181515 19284
1647517537708 0.41720296950950964 19285
1647517539121 0.41706324776069975 19286
1647517539996 0.41704694644178986 19287
1647517541080 0.4169720258356601 19288
1647517542044 0.4169147776653762 19289
1647517542943 0.41685247007732895 19290
1647517543743 0.41689201675467474 19291
1647517544678 0.4168138802191461 19292
1647517545601 0.4168187629354604 19293
1647517546805 0.4167336029015419 19294
1647517547707 0.41678797203893964 19295
1647517548852 0.416677848842793 19296
1647517549846 0.41659846000860784 19297
1647517550742 0.41662914277403074 19298
1647517551849 0.4164978845267376 19299
1647517552842 0.41654639479331845 19300
1647517553956 0.41653323358053157 19301
1647517554969 0.4164769332769305 19302
1647517555841 0.416489515536669 19303
1647517556670 0.4165587848745902 19304
1647517557692 0.41658428099856526 19305
1647517558670 0.4166095791396662 19306
1647517559586 0.41661770568677675 19307
1647517560632 0.41659842376406825 19308
1647517561673 0.4165524008120935 19309
1647517562684 0.4165621793528783 19310
1647517563595 0.4165602024108501 19311
1647517564666 0.4165036959719548 19312
1647517565497 0.4165588856209927 19313
1647517566601 0.41649663616948535 19314
1647517567793 0.41641865976100023 19315
1647517568912 0.4163505637092914 19316
1647517569755 0.4163900752543309 19317
1647517570656 0.41638895264194165 19318
1647517571812 0.41631242664251134 19319
1647517572812 0.4162800335900454 19320
1647517573998 0.41619422308542176 19321
1647517575045 0.4160844822316409 19322
1647517576143 0.416066612246154 19323
1647517577113 0.41607964627016863 19324
1647517578135 0.41617728849849195 19325
1647517579248 0.41622550782829765 19326
1647517580326 0.4163039634579962 19327
1647517581508 0.4163524211671112 19328
1647517582551 0.41655667798218404 19329
1647517583465 0.416763399461671 19330
1647517584592 0.41683372602784546 19331
1647517585404 0.4169550149823745 19332
1647517586558 0.4169288889166459 19333
1647517587658 0.41697309195133836 19334
1647517588490 0.41712201223960854 19335
1647517589456 0.4173281320830097 19336
1647517590500 0.4173861246522482 19337
1647517591866 0.41736678982993486 19338
1647517592827 0.41749375990236837 19339
1647517593792 0.41754495413423337 19340
1647517594923 0.41756155759203156 19341
1647517596317 0.41753709641005426 19342
1647517597466 0.4175526437660058 19343
1647517598870 0.4174766587885555 19344
1647517599978 0.4175323908598777 19345
1647517601234 0.41746517079711704 19346
1647517602308 0.4175030853200172 19347
1647517603210 0.41763613849585873 19348
1647517604073 0.41775739380223226 19349
1647517604945 0.41800573780031364 19350
1647517605936 0.41811972094229105 19351
1647517607049 0.4181357768244214 19352
1647517608441 0.41804038357406487 19353
1647517609444 0.41811678700724214 19354
1647517610465 0.4181525333526921 19355
1647517611539 0.4182231953521024 19356
1647517612630 0.4183095408620033 19357
1647517613841 0.41829841234165416 19358
1647517614793 0.4185058824823307 19359
1647517615972 0.41857496789095155 19360
1647517617006 0.41869256230205876 19361
1647517618227 0.4187880680293239 19362
1647517619189 0.4189398993252659 19363
1647517620146 0.4190792560760872 19364
1647517621227 0.41923988754541885 19365
1647517622291 0.41928644925748393 19366
1647517623361 0.41944976434634446 19367
1647517624382 0.41951103505860493 19368
1647517625336 0.41963332629193356 19369
1647517626678 0.4196215460072039 19370
1647517628077 0.41959849405069866 19371
1647517629282 0.4195926134633185 19372
1647517630330 0.4196226056047551 19373
1647517631304 0.4198071719800896 19374
1647517632239 0.4199776452826498 19375
1647517633283 0.42016375392960714 19376
1647517634413 0.4202412420899972 19377
1647517635693 0.4201759207026012 19378
1647517636836 0.4201479212820737 19379
1647517638161 0.4201320439628798 19380
1647517639398 0.4201625684854063 19381
1647517640424 0.420177333992281 19382
1647517641861 0.4201204102989093 19383
1647517643110 0.4200902197545422 19384
1647517644230 0.42012932480977194 19385
1647517645338 0.420186396337872 19386
1647517646574 0.4201312115608618 19387
1647517647655 0.4201480389077739 19388
1647517648673 0.4202133975345994 19389
1647517649823 0.42024083778915583 19390
1647517650812 0.42040631102071596 19391
1647517651886 0.4203793221149322 19392
1647517653150 0.4202909318164732 19393
1647517654159 0.4203338991170677 19394
1647517655239 0.42039394599372804 19395
1647517656275 0.4204464882510253 19396
1647517657351 0.4205429022001405 19397
1647517658286 0.42066243704468853 19398
1647517659254 0.4207615993611845 19399
1647517660387 0.42082570737127756 19400
1647517661451 0.42085331512116897 19401
1647517662587 0.4208699139508795 19402
1647517663363 0.4211029287579717 19403
1647517664374 0.4211977222331419 19404
1647517665691 0.4211185989816039 19405
1647517666684 0.4212105117352763 19406
1647517667656 0.42126272960992184 19407
1647517668872 0.4212355501287373 19408
1647517669913 0.42128436402268016 19409
1647517670847 0.421298746841496 19410
1647517671882 0.4212655500710212 19411
1647517673278 0.4211690658632713 19412
1647517674229 0.4212701972354122 19413
1647517675332 0.4212713437790417 19414
1647517676725 0.4211477766359093 19415
1647517677754 0.42122776249910826 19416
1647517678871 0.42117365437144993 19417
1647517679945 0.42111039070348394 19418
1647517681013 0.42114290693812323 19419
1647517681956 0.4212113915000358 19420
1647517682981 0.4212116275725253 19421
1647517683924 0.42118454973318586 19422
1647517684978 0.42116977831342545 19423
1647517686119 0.42114420200300495 19424
1647517687046 0.42126413026765513 19425
1647517687968 0.4213224326922955 19426
1647517689133 0.42125875789672135 19427
1647517690120 0.42130906879901886 19428
1647517691271 0.42123991009250855 19429
1647517692286 0.42125756278051896 19430
1647517693147 0.4213754494250613 19431
1647517694053 0.42142047198234256 19432
1647517694954 0.4214161069906173 19433
1647517696007 0.4214016781701662 19434
1647517697081 0.4213562545964852 19435
1647517698044 0.4214005097931727 19436
1647517699040 0.4214417364355946 19437
1647517699919 0.4214710973073981 19438
1647517700930 0.42153866071463025 19439
1647517701945 0.42159395659402293 19440
1647517702867 0.421698055179449 19441
1647517703990 0.4216926611622665 19442
1647517704798 0.4217403679718508 19443
1647517705972 0.4217509583385635 19444
1647517706958 0.42181850904950563 19445
1647517708079 0.421767285642221 19446
1647517709168 0.42174117507748915 19447
1647517710198 0.4217031132994276 19448
1647517711285 0.42169727330170753 19449
1647517712257 0.42173976275098196 19450
1647517713214 0.4217418945376195 19451
1647517714268 0.4216976028194233 19452
1647517715264 0.4217675279759077 19453
1647517716332 0.42174932354576916 19454
1647517717425 0.42168750998591364 19455
1647517718469 0.4216616625971092 19456
1647517719551 0.4216466320118284 19457
1647517720449 0.42167603726265007 19458
1647517721428 0.4216877322087621 19459
1647517722533 0.42164490099419255 19460
1647517723524 0.4216425521616225 19461
1647517724511 0.4216410399327877 19462
1647517725918 0.4215326988316084 19463
1647517726981 0.42152495166661763 19464
1647517727909 0.42156357192983535 19465
1647517729107 0.42149322163058056 19466
1647517730133 0.4214437999912808 19467
1647517731069 0.4214678858553182 19468
1647517732322 0.42137943931679794 19469
1647517733652 0.42125449038904134 19470
1647517734858 0.4211554173559813 19471
1647517735914 0.4211478123344092 19472
1647517736779 0.4212033830308034 19473
1647517737958 0.4211583604383392 19474
1647517738893 0.4211553734822724 19475
1647517739855 0.4211886316012916 19476
1647517740742 0.4212970795512199 19477
1647517741674 0.42133146323126663 19478
1647517742554 0.4214815307325258 19479
1647517743940 0.42136045242678327 19480
1647517745138 0.42141418630759303 19481
1647517746191 0.4214848193870598 19482
1647517747147 0.4216006627769037 19483
1647517748571 0.42151957350822317 19484
1647517749682 0.42156488787151863 19485
1647517750888 0.42151759725842236 19486
1647517752040 0.4215569420821137 19487
1647517753012 0.4216638542918531 19488
1647517754407 0.42163135402979074 19489
1647517755593 0.4216183101550417 19490
1647517757059 0.4215301833457396 19491
1647517758508 0.42144006480105783 19492
1647517759891 0.421405624568839 19493
1647517760961 0.42150281786024807 19494
1647517761976 0.4215105395376306 19495
1647517763476 0.4214171174828512 19496
1647517764495 0.4215511849898053 19497
1647517765587 0.42158664798145684 19498
1647517767003 0.42152346571052224 19499
1647517768297 0.42153272834567695 19500
1647517769308 0.4216734546951634 19501
1647517770268 0.4217579994832768 19502
1647517771308 0.4218397788750154 19503
1647517772441 0.4218415212449191 19504
1647517773697 0.42176806916233517 19505
1647517775019 0.4217064356761952 19506
1647517776236 0.4217373886029236 19507
1647517777302 0.42177107084504706 19508
1647517778406 0.42182992527758273 19509
1647517779515 0.42184250853485367 19510
1647517781036 0.4217480838971903 19511
1647517782115 0.42174473809592916 19512
1647517783224 0.42169576548445464 19513
1647517784322 0.42167473949706175 19514
1647517785363 0.4216864302592433 19515
1647517786365 0.4217253490947216 19516
1647517787575 0.42166474984828817 19517
1647517788632 0.42168499166932244 19518
1647517789696 0.42173925873711016 19519
1647517791085 0.4216352513222757 19520
1647517792273 0.42156116110510217 19521
1647517793368 0.4216154065486547 19522
1647517794392 0.42168917379307524 19523
1647517795484 0.4217332388886876 19524
1647517796675 0.4217110353942461 19525
1647517797692 0.4217270715843264 19526
1647517798870 0.42172402827785566 19527
1647517799876 0.4217896002998359 19528
1647517800072 0.4216007619935979 19529
