1647513223906 0.548363983631134 15624
1647513225628 0.5979222357273102 15625
1647513227605 0.5421325663725535 15626
1647513229706 0.5582440569996834 15627
1647513231147 0.5713508427143097 15628
1647513232225 0.5805437713861465 15629
1647513233234 0.5815001257828304 15630
1647513234264 0.5978317074477673 15631
1647513235331 0.5922727949089475 15632
1647513236251 0.5985454529523849 15633
1647513237329 0.5899470421400937 15634
1647513238384 0.5837930465737978 15635
1647513239383 0.5825491432960217 15636
1647513240492 0.5752847705568586 15637
1647513242021 0.5574593484401703 15638
1647513243084 0.5584293771535158 15639
1647513244252 0.5556044000036576 15640
1647513245762 0.5443844828340743 15641
1647513246723 0.5437840223312378 15642
1647513247938 0.5373985901474952 15643
1647513249073 0.534387985865275 15644
1647513250271 0.5305648134513334 15645
1647513251388 0.5273172207500624 15646
1647513252788 0.5186580357452234 15647
1647513253965 0.5181079947948456 15648
1647513255094 0.5176264402958063 15649
1647513255989 0.5224068440772869 15650
1647513257122 0.5194089582988194 15651
1647513258372 0.5145799127118341 15652
1647513259485 0.5128220051527024 15653
1647513260592 0.5103937416307388 15654
1647513261617 0.5100157419219613 15655
1647513262631 0.5110041201114655 15656
1647513263903 0.5070782671956455 15657
1647513265187 0.5051070979663304 15658
1647513266370 0.504956299232112 15659
1647513267353 0.5060351531247835 15660
1647513268339 0.5076950090496164 15661
1647513269614 0.5037469084446247 15662
1647513270563 0.5073621034622192 15663
1647513271708 0.5059594766395848 15664
1647513273004 0.5040401156459536 15665
1647513274196 0.5031105917553569 15666
1647513275059 0.5042269229888916 15667
1647513276402 0.5000288599067264 15668
1647513277364 0.5032930458369462 15669
1647513278764 0.5007933505037998 15670
1647513279683 0.5038814644018809 15671
1647513280868 0.5009974095286155 15672
1647513282080 0.5010396242141724 15673
1647513283143 0.5025222862468046 15674
1647513284321 0.5031848194507452 15675
1647513285380 0.5035696389540186 15676
1647513286284 0.5070590432043429 15677
1647513287242 0.5071584918282249 15678
1647513288214 0.5104815395815032 15679
1647513289670 0.5075992769316623 15680
1647513290771 0.5079610085692899 15681
1647513291848 0.5069405987101087 15682
1647513292988 0.5079292600353559 15683
1647513294087 0.5067263040386263 15684
1647513295066 0.5079843757614013 15685
1647513296182 0.5082499205120026 15686
1647513297479 0.5069738086313009 15687
1647513299007 0.5048072021741133 15688
1647513300045 0.5034470323360327 15689
1647513301259 0.5015378065073668 15690
1647513302572 0.5002817923531813 15691
1647513303755 0.4991252012010934 15692
1647513304768 0.4996956122773034 15693
1647513305947 0.49861251468389806 15694
1647513307075 0.4986927840444777 15695
1647513308103 0.4994837217134972 15696
1647513309061 0.4984924885872248 15697
1647513310259 0.49663927634557087 15698
1647513311485 0.49593122538767365 15699
1647513312479 0.4954926824414885 15700
1647513313530 0.49433207779358596 15701
1647513314589 0.4945955627326724 15702
1647513315616 0.49405628107488153 15703
1647513316707 0.4934833060812067 15704
1647513317771 0.49259391608761577 15705
1647513319210 0.4903368468744209 15706
1647513320334 0.4885444463718505 15707
1647513321286 0.4892892465871923 15708
1647513322237 0.4888384522393692 15709
1647513323522 0.4867780712144128 15710
1647513324688 0.48596418378028 15711
1647513325781 0.4848448761393515 15712
1647513326876 0.483746537566185 15713
1647513328357 0.4816275923461704 15714
1647513329462 0.48079810161953385 15715
1647513330584 0.4803224173925256 15716
1647513331642 0.4794196644996075 15717
1647513332827 0.4778354603993265 15718
1647513333700 0.477828212082386 15719
1647513334598 0.47809707258165496 15720
1647513335574 0.47798508618559155 15721
1647513336705 0.4776729577117496 15722
1647513338401 0.4779350486397743 15723
1647513340644 0.4764778988786263 15724
1647513342474 0.4769705577808268 15725
1647513343563 0.47587663890088644 15726
1647513344585 0.47504436425291574 15727
1647513345721 0.47397032181421916 15728
1647513346843 0.4731940708632739 15729
1647513347886 0.4724257644091811 15730
1647513348889 0.472514170187491 15731
1647513349854 0.4727479845558831 15732
1647513351290 0.4711794324896552 15733
1647513352324 0.47045186403635386 15734
1647513353485 0.4697410786258323 15735
1647513354763 0.46827405190045857 15736
1647513355670 0.4680163496941851 15737
1647513356606 0.46788286385328876 15738
1647513357684 0.46754523263923053 15739
1647513358503 0.4680846025291671 15740
1647513359764 0.4666752423775398 15741
1647513360812 0.46560944579228636 15742
1647513361999 0.4641971498727798 15743
1647513363297 0.4628036931033962 15744
1647513364572 0.46127036580296815 15745
1647513365771 0.460236261288325 15746
1647513366635 0.45994410591740764 15747
1647513367592 0.46013381934165953 15748
1647513369043 0.4584444162864534 15749
1647513370051 0.45863142445331484 15750
1647513371168 0.45807323791086674 15751
1647513372548 0.45718344491581586 15752
1647513373586 0.45642152978823736 15753
1647513374555 0.4562306818161302 15754
1647513375415 0.45665814840432367 15755
1647513376405 0.4560715645775759 15756
1647513377616 0.4548634602062738 15757
1647513378688 0.4551969740125868 15758
1647513379883 0.4540102525668986 15759
1647513380914 0.45380344051514226 15760
1647513382145 0.4526156411654707 15761
1647513382933 0.45277202150804535 15762
1647513384071 0.45218903103045055 15763
1647513384984 0.4518035333207313 15764
1647513385941 0.4520650403180593 15765
1647513386922 0.45187999610300666 15766
1647513388126 0.4503766903653741 15767
1647513389128 0.4501048204200021 15768
1647513390560 0.4490690638553606 15769
1647513391560 0.4489396258073599 15770
1647513392690 0.4481318724920621 15771
1647513394041 0.4465023018169723 15772
1647513394905 0.44619747330745063 15773
1647513396056 0.4458019266657482 15774
1647513396966 0.4460244493460969 15775
1647513397844 0.4456311552937514 15776
1647513398786 0.44554514147631535 15777
1647513399822 0.4454909954340227 15778
1647513401049 0.4449074445053553 15779
1647513402194 0.4439263532685626 15780
1647513403231 0.4434866394989098 15781
1647513404582 0.4422804575483754 15782
1647513405619 0.4416334914974868 15783
1647513406829 0.44084435118281323 15784
1647513407950 0.4401099938485358 15785
1647513409095 0.43944000055087856 15786
1647513410124 0.43926917661617443 15787
1647513411012 0.4397322361216401 15788
1647513411970 0.439323064523289 15789
1647513412950 0.43948961080548293 15790
1647513414016 0.4390546902127209 15791
1647513414989 0.43935288136174694 15792
1647513416061 0.4390771609018831 15793
1647513417015 0.4391549579058474 15794
1647513417891 0.439304870661608 15795
1647513418898 0.4391234833208812 15796
1647513420101 0.43859022590278207 15797
1647513421521 0.4375932491677148 15798
1647513422576 0.43720332507721404 15799
1647513423534 0.43739344954153914 15800
1647513424712 0.4368314544638891 15801
1647513425627 0.43698526619199934 15802
1647513426584 0.43679522333873644 15803
1647513427796 0.4363147225333841 15804
1647513428741 0.43634832470299123 15805
1647513429686 0.4364675212590421 15806
1647513430593 0.4367020727013764 15807
1647513431553 0.43644821974071296 15808
1647513432413 0.43631527332528947 15809
1647513433386 0.43609838123946265 15810
1647513434578 0.43568342678407407 15811
1647513435673 0.4354196959544742 15812
1647513436759 0.4350753058728419 15813
1647513437796 0.43471339524416397 15814
1647513438815 0.43427052729142207 15815
1647513440107 0.4338344365667185 15816
1647513441118 0.4336502812418741 15817
1647513442170 0.43376835026802163 15818
1647513443099 0.4335831366479397 15819
1647513444321 0.43315516200464993 15820
1647513445487 0.4329957407381799 15821
1647513446420 0.43301765396067843 15822
1647513447367 0.4334259482473135 15823
1647513448287 0.43325957870898557 15824
1647513449335 0.43291733281152084 15825
1647513450259 0.4332851065056665 15826
1647513451471 0.43292170653448386 15827
1647513452632 0.4324970875571414 15828
1647513453644 0.43240783450383585 15829
1647513454703 0.43217117854074577 15830
1647513456156 0.4315054052007886 15831
1647513457156 0.4310724817252045 15832
1647513458192 0.431103486319383 15833
1647513459331 0.4309689917411849 15834
1647513460122 0.431023628292781 15835
1647513461103 0.4309781214021181 15836
1647513462115 0.43129685959804837 15837
1647513463499 0.43058040952959725 15838
1647513464427 0.43012887549897033 15839
1647513465767 0.42950848534634584 15840
1647513466644 0.42981290687388235 15841
1647513467698 0.429568845047254 15842
1647513468840 0.4294818280095404 15843
1647513470304 0.42867774951242216 15844
1647513471371 0.4288191632241816 15845
1647513472288 0.4289162441620378 15846
1647513473145 0.4290131852695985 15847
1647513473982 0.4291238484779994 15848
1647513475027 0.42888162482892517 15849
1647513476102 0.42874672779165174 15850
1647513477294 0.42824124459896173 15851
1647513478497 0.42796406247470054 15852
1647513479537 0.4276028562499129 15853
1647513480483 0.4276777524581719 15854
1647513481626 0.42708464577023325 15855
1647513482573 0.42730879444676917 15856
1647513483474 0.4274102253918974 15857
1647513484341 0.42750762111329016 15858
1647513485413 0.4271683540763491 15859
1647513486286 0.427429543580184 15860
1647513487690 0.42671620388742254 15861
1647513488578 0.4267036053800184 15862
1647513489587 0.42636196309079727 15863
1647513490490 0.4266012814900687 15864
1647513491649 0.426158998438642 15865
1647513492743 0.4259662145572435 15866
1647513493741 0.42577669055002637 15867
1647513494826 0.4254088680963127 15868
1647513495906 0.42547371929011696 15869
1647513496729 0.42584877838248664 15870
1647513497962 0.42528072738599393 15871
1647513498870 0.4255252250107417 15872
1647513500003 0.4252981852889061 15873
1647513501057 0.4250509610095347 15874
1647513502207 0.4248618682816861 15875
1647513503172 0.42480138385955524 15876
1647513504640 0.42411175117952615 15877
1647513505473 0.42415345445567487 15878
1647513506603 0.42378800589358434 15879
1647513507665 0.4234068772324328 15880
1647513508646 0.42349306690369465 15881
1647513509529 0.423606946834266 15882
1647513510720 0.423184426759298 15883
1647513512152 0.4225090706142886 15884
1647513513163 0.4223146463054737 15885
1647513514210 0.422220286251021 15886
1647513515173 0.4224565366113728 15887
1647513516227 0.4224615405752974 15888
1647513517278 0.42229374632575456 15889
1647513518672 0.4216149783647909 15890
1647513519712 0.4214640712893721 15891
1647513520657 0.4213436107985592 15892
1647513521816 0.4209147310367337 15893
1647513522765 0.42085700880777355 15894
1647513523695 0.4209402178907219 15895
1647513524780 0.42073838369095284 15896
1647513525724 0.42063358812219037 15897
1647513526726 0.4210628953305158 15898
1647513527561 0.4211626868641031 15899
1647513528819 0.4207666963338852 15900
1647513530256 0.4203085701564233 15901
1647513531322 0.4200591937935908 15902
1647513532418 0.4201789149748428 15903
1647513533437 0.4204234495175691 15904
1647513534707 0.4200142374169742 15905
1647513535748 0.4196296525401698 15906
1647513536701 0.4195763387415611 15907
1647513537708 0.4195617322859011 15908
1647513538713 0.4195220503252703 15909
1647513539863 0.41907299328141095 15910
1647513540914 0.41883841100045377 15911
1647513542074 0.418617800599976 15912
1647513543296 0.4183890170578299 15913
1647513544744 0.41779813692741785 15914
1647513545873 0.4176652488643176 15915
1647513546901 0.41767862032297937 15916
1647513547892 0.41781306418837333 15917
1647513549354 0.41700221087972994 15918
1647513550575 0.41664508367712433 15919
1647513551734 0.4164575534035461 15920
1647513552633 0.4168554301429915 15921
1647513553689 0.4166126917038474 15922
1647513554827 0.41630225608746213 15923
1647513556003 0.4161235491104696 15924
1647513556898 0.4165964350597748 15925
1647513557895 0.4164293894279908 15926
1647513558882 0.4166655578699551 15927
1647513559905 0.4164146733088572 15928
1647513560992 0.41625240747055975 15929
1647513562008 0.41617584539158725 15930
1647513562908 0.4165448418685368 15931
1647513563861 0.41670517637891674 15932
1647513564867 0.4166647877423994 15933
1647513565819 0.41702465487829743 15934
1647513566921 0.4169403923054536 15935
1647513567751 0.4169187456274185 15936
1647513568729 0.4168858168421278 15937
1647513569803 0.4164994748811873 15938
1647513570754 0.4165977938454362 15939
1647513571703 0.41662797134381363 15940
1647513572722 0.4166890376206464 15941
1647513574099 0.41630156034586197 15942
1647513575029 0.4161855728365481 15943
1647513576164 0.4160248604704658 15944
1647513577058 0.4161916118786202 15945
1647513578127 0.4159745175402969 15946
1647513579334 0.4156892619751118 15947
1647513580733 0.41519652678416324 15948
1647513581755 0.4153483009045841 15949
1647513582785 0.41529406903351485 15950
1647513583928 0.41521225724278427 15951
1647513584982 0.4152158076639958 15952
1647513586110 0.4148635626742334 15953
1647513587204 0.414565327484442 15954
1647513588079 0.41477660628327406 15955
1647513589343 0.41437037687401873 15956
1647513590481 0.4139947579827851 15957
1647513591598 0.4139403976611237 15958
1647513592688 0.41379395828005816 15959
1647513594104 0.4134003105255546 15960
1647513595404 0.4131051234945038 15961
1647513596465 0.41296514692911357 15962
1647513597478 0.41271635776056964 15963
1647513598924 0.4123381844713541 15964
1647513600335 0.4119714814842793 15965
1647513601251 0.4122443644889242 15966
1647513602725 0.41181676072436707 15967
1647513603870 0.4117367244285086 15968
1647513604684 0.4119633435341664 15969
1647513605686 0.41180662780742483 15970
1647513606787 0.4117091364045253 15971
1647513607950 0.4115470126057764 15972
1647513608894 0.41147166413920266 15973
1647513609901 0.4115051633951671 15974
1647513611001 0.41143603436648846 15975
1647513612207 0.4112972128323725 15976
1647513613208 0.411273963454753 15977
1647513614142 0.41121585981946596 15978
1647513615546 0.4108144845185655 15979
1647513616915 0.4103080483795214 15980
1647513617970 0.4101117976301209 15981
1647513619018 0.4099820285703478 15982
1647513620042 0.4100280992272827 15983
1647513621190 0.40989233693752924 15984
1647513622381 0.4096417083348359 15985
1647513623261 0.4096612020218668 15986
1647513624274 0.40974127906528146 15987
1647513625176 0.40992945436745476 15988
1647513626129 0.41016559657014784 15989
1647513627043 0.4102497885678705 15990
1647513628187 0.4104773772718466 15991
1647513629376 0.41090501982183636 15992
1647513630287 0.41166059370781927 15993
1647513631387 0.4119817779632913 15994
1647513632465 0.4125986174149539 15995
1647513633919 0.4125561728953676 15996
1647513634860 0.41337999689547134 15997
1647513635843 0.41383119650681816 15998
1647513636861 0.41422403940653546 15999
1647513638113 0.41423312284111663 16000
1647513639210 0.4144395420712138 16001
1647513640091 0.4149903335404585 16002
1647513641153 0.4151281910899438 16003
1647513642074 0.41550357561568263 16004
1647513642932 0.41581975528238957 16005
1647513644330 0.4158438176850426 16006
1647513645429 0.4158741028125708 16007
1647513646532 0.41590764054230284 16008
1647513647741 0.41587327208389274 16009
1647513648779 0.4160883252241815 16010
1647513649700 0.4164166033805646 16011
1647513651070 0.4162492568587889 16012
1647513652463 0.4162221992245087 16013
1647513653712 0.4161100216457606 16014
1647513654848 0.4160175063856402 16015
1647513655698 0.4166603079658125 16016
1647513656799 0.41680505875554785 16017
1647513658006 0.41676157015033916 16018
1647513659046 0.4168868926212643 16019
1647513660038 0.41714738482041686 16020
1647513661243 0.4170791615717974 16021
1647513662276 0.4174825336625403 16022
1647513663340 0.41764198649674655 16023
1647513664241 0.4180942115715317 16024
1647513665223 0.4183058214202449 16025
1647513666268 0.41831751715012877 16026
1647513667193 0.4186868606743836 16027
1647513668608 0.41858966023097804 16028
1647513669596 0.41885972518492215 16029
1647513670740 0.41893445028573345 16030
1647513671893 0.4191009409214352 16031
1647513672855 0.41922016900879827 16032
1647513673861 0.4195524786667126 16033
1647513674871 0.4198274147989106 16034
1647513675942 0.41992347937041113 16035
1647513677105 0.4197889555236618 16036
1647513678147 0.41998250721301433 16037
1647513679556 0.41992090369563506 16038
1647513680707 0.4199946498713241 16039
1647513681984 0.41972454078048826 16040
1647513683074 0.4197008813325868 16041
1647513683943 0.42015534493547635 16042
1647513684945 0.4202534895922456 16043
1647513686295 0.4202284644802506 16044
1647513687354 0.4204280359838246 16045
1647513688771 0.42021234354651565 16046
1647513689707 0.4203646113076862 16047
1647513690778 0.4205335737326566 16048
1647513691816 0.42073980236137415 16049
1647513692952 0.42083258075373514 16050
1647513693989 0.42094038966520925 16051
1647513695247 0.42095721570345074 16052
1647513696394 0.4209061871780906 16053
1647513697825 0.4207441030619039 16054
1647513698896 0.4207622224327039 16055
1647513699799 0.4209431295926246 16056
1647513700847 0.42108515361624377 16057
1647513702053 0.42113710521966563 16058
1647513703137 0.4212041105220624 16059
1647513704335 0.42111552426553156 16060
1647513705400 0.4211001398560663 16061
1647513706338 0.42126896532765823 16062
1647513707244 0.42169053402136675 16063
1647513708261 0.4217989073386268 16064
1647513709345 0.4217821221073828 16065
1647513710435 0.42188432923692615 16066
1647513711669 0.4219209848827607 16067
1647513712825 0.4221479745728246 16068
1647513713866 0.422175752241248 16069
1647513714842 0.4223558521710786 16070
1647513715894 0.42241682135500014 16071
1647513716761 0.42264787202290277 16072
1647513717763 0.42307881206274034 16073
1647513718849 0.423002348143087 16074
1647513720043 0.42283603156694266 16075
1647513721399 0.4227463937555717 16076
1647513722585 0.4226952876879255 16077
1647513723496 0.4229995275919254 16078
1647513724580 0.4230294185445497 16079
1647513725422 0.4234767471087579 16080
1647513726498 0.4236134564967655 16081
1647513727624 0.4237544697289373 16082
1647513728814 0.4236591837004475 16083
1647513729986 0.42352618012019716 16084
1647513731336 0.4233958104149604 16085
1647513732453 0.4234301655454718 16086
1647513733567 0.423523394744201 16087
1647513734689 0.42360757573317454 16088
1647513736083 0.4234602550772127 16089
1647513737191 0.42361823301882 16090
1647513738154 0.4238092586971246 16091
1647513739382 0.4237116347434424 16092
1647513740268 0.42399587780237197 16093
1647513741696 0.4239103183814674 16094
1647513742939 0.42393133464127275 16095
1647513744303 0.4238534553673504 16096
1647513745383 0.423869817537346 16097
1647513746491 0.42386542530436266 16098
1647513747393 0.424117098679813 16099
1647513748495 0.4241310252146151 16100
1647513749567 0.42418220449067556 16101
1647513750610 0.4243415628631827 16102
1647513751581 0.42459906137858827 16103
1647513752923 0.42453624822369734 16104
1647513754299 0.42438909649477957 16105
1647513755584 0.4242569557072953 16106
1647513756729 0.424233710562641 16107
1647513757930 0.4241522249180017 16108
1647513759048 0.4241562151798495 16109
1647513760480 0.4239842514421416 16110
1647513761423 0.4242547769710177 16111
1647513762509 0.42422816196955543 16112
1647513763404 0.4244614806406352 16113
1647513764550 0.4245247866070683 16114
1647513765612 0.4245558060947957 16115
1647513766741 0.4245376251713499 16116
1647513767914 0.42446281266236596 16117
1647513769279 0.4242578749403809 16118
1647513770690 0.4241824651497506 16119
1647513771854 0.4240784259209451 16120
1647513772955 0.4241655049733369 16121
1647513774144 0.42397745270170045 16122
1647513775416 0.423971925586462 16123
1647513776442 0.4239270877754855 16124
1647513777602 0.42422171207181963 16125
1647513778703 0.42462069770806354 16126
1647513779997 0.42471316879585624 16127
1647513781006 0.4250929172381316 16128
1647513782012 0.4254594627517485 16129
1647513782981 0.42587302936722304 16130
1647513784136 0.4260765128424318 16131
1647513785318 0.4262594344983635 16132
1647513786557 0.42626999520203646 16133
1647513787539 0.4267570012177973 16134
1647513788683 0.4269407303945627 16135
1647513789772 0.4272307659159859 16136
1647513790884 0.42741910536349514 16137
1647513792135 0.4274611450225404 16138
1647513793117 0.4276517067364482 16139
1647513794104 0.42802754560453055 16140
1647513795553 0.4279196948445902 16141
1647513796528 0.42817191917427705 16142
1647513797675 0.42822282649576665 16143
1647513798751 0.4284186905782648 16144
1647513799997 0.4283075174209715 16145
1647513801212 0.42824639146346205 16146
1647513802276 0.428325510519834 16147
1647513803359 0.42842084842068806 16148
1647513804489 0.42850619098419473 16149
1647513805751 0.42853208304695656 16150
1647513806974 0.42865243235207867 16151
1647513807793 0.4291337698923392 16152
1647513808759 0.4294635421543751 16153
1647513809757 0.4297567825701277 16154
1647513810872 0.42987047357106567 16155
1647513811994 0.42992680775627184 16156
1647513813134 0.4300426756788729 16157
1647513814186 0.43009128851868283 16158
1647513815662 0.43005186605698137 16159
1647513817094 0.4299190595773789 16160
1647513818125 0.4301691573514814 16161
1647513819297 0.4302418793453135 16162
1647513820183 0.43057524680539416 16163
1647513821254 0.43062423406489014 16164
1647513822350 0.4306004069663062 16165
1647513823483 0.43058919195861006 16166
1647513824454 0.43084750327226873 16167
1647513825549 0.43099125265528304 16168
1647513826972 0.4308544571746837 16169
1647513828182 0.43078158823075197 16170
1647513829199 0.43091834154333514 16171
1647513830378 0.4309224106629255 16172
1647513831519 0.43111338325522164 16173
1647513832714 0.4312637130545618 16174
1647513834048 0.4312099000520032 16175
1647513834966 0.43142035083464647 16176
1647513836391 0.43126443063416636 16177
1647513837511 0.43137627697742736 16178
1647513838672 0.43153062610210274 16179
1647513839797 0.43160659847931543 16180
1647513840864 0.43169827826027374 16181
1647513841946 0.43172756010709806 16182
1647513843096 0.43175334496689693 16183
1647513844340 0.4316348348762475 16184
1647513845448 0.4316779534428569 16185
1647513846600 0.4318751640101733 16186
1647513847994 0.43171022835035694 16187
1647513849440 0.43151343900018035 16188
1647513850585 0.4317249713380008 16189
1647513851494 0.43198909811557284 16190
1647513852453 0.4321118851100475 16191
1647513853899 0.4319452411627728 16192
1647513855061 0.4319313353352379 16193
1647513856130 0.43197948155490823 16194
1647513857127 0.4321502451035943 16195
1647513858245 0.43221201970003037 16196
1647513859368 0.4321940848376693 16197
1647513860757 0.4319902111913847 16198
1647513861792 0.4322067542363786 16199
1647513863243 0.4320345946314843 16200
1647513864369 0.4321094427296447 16201
1647513865424 0.43231522529957 16202
1647513866593 0.4324817047807677 16203
1647513867973 0.43240688279553247 16204
1647513868952 0.4325352407146975 16205
1647513869858 0.4327793064851499 16206
1647513870857 0.4328741829025827 16207
1647513872018 0.4329564519672312 16208
1647513873134 0.4330662242025646 16209
1647513874370 0.433202813517499 16210
1647513875509 0.4332355680260934 16211
1647513876582 0.4332612719266645 16212
1647513877512 0.43346282008845927 16213
1647513878686 0.4335029646376063 16214
1647513879713 0.4335584714757027 16215
1647513880797 0.4335875897896028 16216
1647513881835 0.4336859388433723 16217
1647513882906 0.4337951994493228 16218
1647513884065 0.4338679482922858 16219
1647513885123 0.43390167366020643 16220
1647513886254 0.43395964584522023 16221
1647513887270 0.434088325137288 16222
1647513888385 0.4340022491663694 16223
1647513889398 0.4340868100598331 16224
1647513890619 0.43412375724889907 16225
1647513891838 0.43429533183376984 16226
1647513892904 0.43428267096940254 16227
1647513894293 0.4341439089252929 16228
1647513895309 0.4342806681302121 16229
1647513896741 0.4341578351754137 16230
1647513898098 0.43410309837935 16231
1647513899073 0.4342420136644727 16232
1647513900172 0.4343430250638821 16233
1647513901124 0.4346621356745984 16234
1647513902215 0.4347425632276177 16235
1647513903398 0.4347717137019747 16236
1647513904452 0.4348118263706322 16237
1647513905480 0.43491649746410244 16238
1647513906844 0.4348116187354574 16239
1647513908314 0.43463182973417314 16240
1647513909368 0.43475625683285274 16241
1647513910423 0.43482082978685377 16242
1647513911416 0.43498843256984987 16243
1647513912547 0.4349805982168554 16244
1647513913676 0.4350807078637877 16245
1647513914798 0.4351366914055321 16246
1647513915873 0.4352826910475508 16247
1647513916953 0.43536013090610504 16248
1647513918077 0.4354385216348468 16249
1647513919238 0.43549940415451593 16250
1647513920342 0.4355019308436828 16251
1647513921572 0.43537503886014367 16252
1647513922853 0.43529598824088533 16253
1647513923765 0.4355441987183884 16254
1647513925176 0.4353078234752145 16255
1647513926190 0.43535508045935517 16256
1647513927363 0.4352843860393443 16257
1647513928247 0.43548498428243354 16258
1647513929602 0.4353618846515065 16259
1647513930732 0.4354316694442668 16260
1647513931775 0.43546147506719096 16261
1647513932824 0.4356065705675101 16262
1647513933918 0.4356581348227337 16263
1647513934986 0.4356108261577425 16264
1647513936428 0.43544362473803516 16265
1647513937474 0.4355846698371285 16266
1647513938605 0.43566158305136315 16267
1647513939992 0.43548905699290047 16268
1647513941158 0.43550601193318056 16269
1647513942329 0.43544986703572724 16270
1647513943435 0.4354442252467076 16271
1647513944886 0.43528857108532737 16272
1647513946043 0.43536419251790415 16273
1647513947302 0.4352318099063296 16274
1647513948698 0.4349990462187243 16275
1647513949835 0.43510248501760856 16276
1647513950811 0.4352789112688569 16277
1647513952003 0.4352799923137854 16278
1647513953416 0.4350544132701144 16279
1647513954388 0.43536058338174716 16280
1647513955458 0.43551966957861166 16281
1647513956616 0.43555900447737644 16282
1647513957794 0.4355457836705627 16283
1647513958917 0.4354505421038655 16284
1647513960032 0.43538376947814245 16285
1647513961446 0.43522425548792965 16286
1647513962553 0.4353152105741831 16287
1647513963631 0.4353583979203289 16288
1647513964571 0.4356183290436819 16289
1647513965533 0.43578696168255415 16290
1647513966610 0.43591650229638923 16291
1647513967558 0.43624832889869786 16292
1647513968669 0.43630814185338235 16293
1647513969728 0.43632705269822775 16294
1647513971104 0.4361835020771694 16295
1647513972356 0.43609827794522094 16296
1647513973433 0.4360527762982895 16297
1647513974665 0.4359750051189352 16298
1647513975774 0.43608104523557883 16299
1647513976698 0.4362405802025577 16300
1647513977864 0.43618602644113663 16301
1647513978876 0.4363452963563936 16302
1647513980343 0.43631232689846966 16303
1647513981522 0.4364825004216683 16304
1647513982558 0.43680736949104715 16305
1647513984011 0.43678415622316724 16306
1647513985032 0.4370240942732981 16307
1647513986339 0.4369679949796983 16308
1647513987380 0.43722469893992816 16309
1647513988469 0.43744329093064804 16310
1647513989647 0.4372741386164413 16311
1647513990730 0.4372736025920627 16312
1647513991925 0.43722575775523115 16313
1647513993340 0.4370923519091392 16314
1647513994290 0.4371752563024187 16315
1647513995297 0.43731679000809764 16316
1647513996266 0.4373679449003437 16317
1647513997456 0.4374062417008036 16318
1647513998540 0.4374588243449214 16319
1647513999464 0.43756821621182657 16320
1647514000549 0.4375337599042835 16321
1647514001646 0.43757535295510325 16322
1647514002479 0.43777367462004935 16323
1647514003389 0.43791812316072143 16324
1647514004352 0.4380702157942658 16325
1647514005338 0.43821412119299047 16326
1647514006380 0.4381982862568376 16327
1647514007314 0.4382109118902937 16328
1647514008359 0.43815886457226433 16329
1647514009494 0.43809590989241676 16330
1647514010588 0.4381847721919165 16331
1647514011466 0.4383474295204886 16332
1647514012441 0.4384558893635239 16333
1647514013366 0.4385788883547575 16334
1647514014313 0.4387261192994506 16335
1647514015304 0.43872439253129597 16336
1647514016300 0.43883493578150157 16337
1647514017255 0.4388782931999727 16338
1647514018352 0.43878173368186923 16339
1647514019558 0.43868021579716493 16340
1647514020946 0.43845039944379777 16341
1647514021935 0.4384991285988286 16342
1647514022951 0.43848888598796393 16343
1647514024128 0.43849006677550184 16344
1647514025144 0.4385536470530436 16345
1647514026051 0.4386460935879875 16346
1647514026976 0.4387765004613452 16347
1647514027879 0.4391072197412622 16348
1647514028812 0.43916965875333336 16349
1647514029692 0.4393490997067508 16350
1647514030845 0.43926802967357764 16351
1647514031667 0.43954710895387233 16352
1647514032598 0.4396648813804535 16353
1647514033693 0.43973188726014867 16354
1647514035063 0.4395918252730304 16355
1647514036209 0.43953642523548936 16356
1647514037230 0.4396309137384963 16357
1647514038266 0.43960948596600774 16358
1647514039150 0.43981535325798654 16359
1647514040229 0.4397949296753636 16360
1647514041497 0.439642784536531 16361
1647514042893 0.4394990357196057 16362
1647514044042 0.4394249369365138 16363
1647514045063 0.43946302051727587 16364
1647514046068 0.4395787501632364 16365
1647514047279 0.4394644456107074 16366
1647514048174 0.4394879251197782 16367
1647514049411 0.4394142036670006 16368
1647514050451 0.43947936384751396 16369
1647514051539 0.4395933686849104 16370
1647514052690 0.4396268184132436 16371
1647514053757 0.43962098992316523 16372
1647514054674 0.43968766925732294 16373
1647514055528 0.43986834887261395 16374
1647514056705 0.43979715902675337 16375
1647514058096 0.4396500450325202 16376
1647514059007 0.4397714361548424 16377
1647514060008 0.4397626892817731 16378
1647514061108 0.43973514904815053 16379
1647514062056 0.43981277739907193 16380
1647514062962 0.43990482820448584 16381
1647514064005 0.4399650296557091 16382
1647514065079 0.43987159448626795 16383
1647514066114 0.43986017582999265 16384
1647514066941 0.43993077728300894 16385
1647514067885 0.4399992500774826 16386
1647514068790 0.44008935861172477 16387
1647514069756 0.44014770207451837 16388
1647514070773 0.44024193024277375 16389
1647514071754 0.44027698446050617 16390
1647514072571 0.44052867670931545 16391
1647514073817 0.4404201926312304 16392
1647514074761 0.4405038512565873 16393
1647514075737 0.4405495951341129 16394
1647514076727 0.44060725566250675 16395
1647514077735 0.44067561393182 16396
1647514078624 0.44080218316587677 16397
1647514079712 0.4406853311869406 16398
1647514080758 0.4406781254009795 16399
1647514081762 0.4407369429041827 16400
1647514082663 0.4409664034039012 16401
1647514083593 0.4411639460817993 16402
1647514085019 0.44101506202266766 16403
1647514085930 0.4411638043105373 16404
1647514086920 0.44120259226664255 16405
1647514088114 0.4410647865798738 16406
1647514089050 0.4411637412992363 16407
1647514089979 0.4412510083169694 16408
1647514091408 0.44102821218527605 16409
1647514092271 0.44121707699426094 16410
1647514093159 0.4413108293364193 16411
1647514094096 0.44135978442105656 16412
1647514095028 0.4414827932096735 16413
1647514095932 0.4415816800897251 16414
1647514096842 0.44168891191407283 16415
1647514097791 0.44180596586960413 16416
1647514098682 0.44208688172570404 16417
1647514099610 0.4422856868250565 16418
1647514100453 0.4425109148437354 16419
1647514101441 0.44253697959586996 16420
1647514102311 0.4425903829678258 16421
1647514103350 0.4425914266492906 16422
1647514104381 0.4427136767469346 16423
1647514105440 0.4427753665883294 16424
1647514106315 0.44288196972109134 16425
1647514107363 0.4430112279626827 16426
1647514108472 0.4430608227663669 16427
1647514109595 0.44297677583946204 16428
1647514110585 0.44313771399685525 16429
1647514112054 0.44298881833364234 16430
1647514113243 0.4429443084478083 16431
1647514114108 0.4429745396555428 16432
1647514115058 0.4430650148310779 16433
1647514116150 0.4430337816697308 16434
1647514117037 0.443166205540226 16435
1647514117997 0.44331303764899865 16436
1647514119008 0.44341370318753126 16437
1647514119930 0.44349563438102513 16438
1647514121002 0.44352673302751544 16439
1647514122121 0.443593917252676 16440
1647514123521 0.4434027911726303 16441
1647514124625 0.4433913953756966 16442
1647514125737 0.4433482293493864 16443
1647514126694 0.4434125298014802 16444
1647514127776 0.4434799080818819 16445
1647514128938 0.44342590604126814 16446
1647514129931 0.44350977113597023 16447
1647514130868 0.44363560143745306 16448
1647514132086 0.4434799209742223 16449
1647514133231 0.4434476631908636 16450
1647514134423 0.44336767298515867 16451
1647514135395 0.4435097824499029 16452
1647514136462 0.4433934254280056 16453
1647514137550 0.4433235960567614 16454
1647514138456 0.44339269584116453 16455
1647514139602 0.4433512379105638 16456
1647514140666 0.44335739116231315 16457
1647514141765 0.4433544738742406 16458
1647514142663 0.44336817493778097 16459
1647514143701 0.44336318408930175 16460
1647514144639 0.44335137014243936 16461
1647514145606 0.4433363607692775 16462
1647514146553 0.44339852540620733 16463
1647514147648 0.4433599998033855 16464
1647514148685 0.44338731621690713 16465
1647514149779 0.44330015564657754 16466
1647514150941 0.4432412268532113 16467
1647514151821 0.44335698240254756 16468
1647514152870 0.4434021371229602 16469
1647514153733 0.44342968024427803 16470
1647514154575 0.4434975503574846 16471
1647514155626 0.4434650560887037 16472
1647514156679 0.4434226530965637 16473
1647514157630 0.4434921109543284 16474
1647514158574 0.4434456004818001 16475
1647514159496 0.4435374741851934 16476
1647514160403 0.44364498337551916 16477
1647514161439 0.44364497753960347 16478
1647514162360 0.44366302099252974 16479
1647514163322 0.44373924000886383 16480
1647514164235 0.44384056491243257 16481
1647514165239 0.44384035063914007 16482
1647514166617 0.44370965574716414 16483
1647514167766 0.44361230943884167 16484
1647514168699 0.44367366083605936 16485
1647514169631 0.4437313659131734 16486
1647514170726 0.4437480657706382 16487
1647514171825 0.443849848374466 16488
1647514172962 0.44380620044524893 16489
1647514174112 0.4437338704846997 16490
1647514175027 0.4438292284406001 16491
1647514176156 0.4437255787184104 16492
1647514177248 0.44371825153457706 16493
1647514178247 0.44375177846641956 16494
1647514179157 0.443781292134332 16495
1647514180339 0.44373053116009137 16496
1647514181294 0.44373300182260145 16497
1647514182354 0.4437246642283031 16498
1647514183638 0.4435654939003459 16499
1647514184754 0.4434304108743385 16500
1647514186005 0.4433651625397265 16501
1647514187209 0.4432726847738943 16502
1647514188131 0.4433632701127367 16503
1647514189109 0.4433490281309362 16504
1647514190106 0.4433788104223556 16505
1647514191192 0.4433289344927733 16506
1647514192212 0.44337887591703445 16507
1647514193238 0.443364195786627 16508
1647514194319 0.44336039879050265 16509
1647514195404 0.4433768826548384 16510
1647514196473 0.4432973150365256 16511
1647514197405 0.4433173553177959 16512
1647514198467 0.4433746577816063 16513
1647514199480 0.44345751797778304 16514
1647514200588 0.44348131342385916 16515
1647514201696 0.44351397715050056 16516
1647514202688 0.44360499245675084 16517
1647514203805 0.44356709836914554 16518
1647514204877 0.4435061211864065 16519
1647514205917 0.44350579505580723 16520
1647514206999 0.4434913470677384 16521
1647514207845 0.4435949649939415 16522
1647514208796 0.44358282369044094 16523
1647514209892 0.4435444186285519 16524
1647514211003 0.4434776732537012 16525
1647514212213 0.44338085542815603 16526
1647514213083 0.4434952309140853 16527
1647514214275 0.44339009360384546 16528
1647514215512 0.44324011470768887 16529
1647514216487 0.44330516202907183 16530
1647514217539 0.4433504654348947 16531
1647514218485 0.4433070885302341 16532
1647514219673 0.44325906357594896 16533
1647514220589 0.44335658272521816 16534
1647514221461 0.4434086420785701 16535
1647514222337 0.44345254631384573 16536
1647514223256 0.44351518537270423 16537
1647514224181 0.4435660106073963 16538
1647514225293 0.4434734469515528 16539
1647514226247 0.4434952135791955 16540
1647514227180 0.44359237453971295 16541
1647514228086 0.4437033837424009 16542
1647514229424 0.4435953522991875 16543
1647514230309 0.44357434042954935 16544
1647514231377 0.4435504745538478 16545
1647514232827 0.44337707830599044 16546
1647514233924 0.44335282114999636 16547
1647514235059 0.44334285280189 16548
1647514236061 0.4433430391595122 16549
1647514236885 0.44344847849464725 16550
1647514237978 0.44341350284180253 16551
1647514239129 0.4433286404487776 16552
1647514240223 0.44325429042500836 16553
1647514241308 0.44325535351492534 16554
1647514242760 0.4431377640833415 16555
1647514243635 0.4432321124234 16556
1647514244939 0.4431577201860875 16557
1647514245933 0.44318199586422047 16558
1647514247196 0.4430602303204628 16559
1647514248395 0.4429505714389278 16560
1647514249381 0.4429884025060546 16561
1647514250341 0.4430173580416729 16562
1647514251611 0.442855719889098 16563
1647514252630 0.4429895217974812 16564
1647514253688 0.4429388496621399 16565
1647514254495 0.4430709057591247 16566
1647514255370 0.4431848851648175 16567
1647514256300 0.44320578759624846 16568
1647514257349 0.44315781141877425 16569
1647514258326 0.4431804445785605 16570
1647514259465 0.4430917579885022 16571
1647514260503 0.4430849048592645 16572
1647514261548 0.4430533471076112 16573
1647514262443 0.4430533364086121 16574
1647514263374 0.4430594341751157 16575
1647514264583 0.44299596996835244 16576
1647514265460 0.4431308423416919 16577
1647514266483 0.44316025546395965 16578
1647514267361 0.44317462449604994 16579
1647514268319 0.44329936883354887 16580
1647514269555 0.4432409448794134 16581
1647514270585 0.44324793272707086 16582
1647514271581 0.4432545981525133 16583
1647514272620 0.4432553160047928 16584
1647514273495 0.44336724694887963 16585
1647514274558 0.4434131734684373 16586
1647514275560 0.443567926813829 16587
1647514276429 0.44369258638181835 16588
1647514277844 0.44353871737022577 16589
1647514279015 0.4435378316608802 16590
1647514280017 0.4436042396090001 16591
1647514280884 0.4437572369726819 16592
1647514282106 0.4436796232136254 16593
1647514282938 0.4437736578047828 16594
1647514283884 0.4437887689918893 16595
1647514284804 0.4439037220910544 16596
1647514285826 0.44391798607438987 16597
1647514286865 0.44390011648337047 16598
1647514287785 0.443980364907594 16599
1647514288739 0.44402215011349233 16600
1647514289855 0.4439774911187909 16601
1647514290763 0.4440708099364991 16602
1647514291760 0.44406545166762507 16603
1647514292815 0.4440526246386566 16604
1647514293909 0.4440001880412432 16605
1647514294807 0.4440634879885224 16606
1647514295726 0.4440682022643041 16607
1647514296828 0.44401274058721996 16608
1647514297720 0.4440951231134107 16609
1647514298935 0.44406033194838085 16610
1647514300285 0.4439381998831685 16611
1647514301315 0.44392410931681237 16612
1647514302320 0.4438430075242062 16613
1647514303456 0.44383102584739265 16614
1647514304660 0.44373358006498986 16615
1647514305770 0.44368463086877824 16616
1647514306785 0.44375290295907427 16617
1647514307948 0.44377023186815445 16618
1647514309139 0.44372523703189737 16619
1647514310149 0.4437174730249489 16620
1647514311086 0.4438079050434137 16621
1647514312583 0.4439003913401364 16622
1647514314064 0.44394996093213557 16623
1647514315593 0.44398579068414934 16624
1647514316880 0.4442331881193582 16625
1647514318061 0.444452130886636 16626
1647514319562 0.4445483506883521 16627
1647514320664 0.4448028611751338 16628
1647514321840 0.44502886132916686 16629
1647514323143 0.4450363780352423 16630
1647514324168 0.44527589211920426 16631
1647514325436 0.4452967993006834 16632
1647514326830 0.44524882009418887 16633
1647514327843 0.44549893394009416 16634
1647514328920 0.4455907369996955 16635
1647514330121 0.4456921868092451 16636
1647514331208 0.44578409616704995 16637
1647514332241 0.44598836216139676 16638
1647514333551 0.4459142009250996 16639
1647514334696 0.4459922762190229 16640
1647514335679 0.446082603735282 16641
1647514336830 0.44604091922422623 16642
1647514338036 0.44610429708571997 16643
1647514338958 0.4462857683509384 16644
1647514340076 0.4463457779962489 16645
1647514341120 0.4464419437963825 16646
1647514342200 0.446494484654977 16647
1647514343141 0.44661551985798814 16648
1647514344035 0.44673352613028494 16649
1647514344967 0.44681228714711246 16650
1647514346146 0.4467318408944959 16651
1647514347352 0.44662043841807325 16652
1647514348306 0.4466728464347645 16653
1647514349493 0.4466219924672152 16654
1647514350555 0.4466222345164811 16655
1647514351613 0.4466040052062429 16656
1647514352677 0.44658917169909873 16657
1647514353658 0.446574040527505 16658
1647514354615 0.44652267302382864 16659
1647514355621 0.4465718865250897 16660
1647514356813 0.4464391578053463 16661
1647514357900 0.44639433352446994 16662
1647514358923 0.44638660924079326 16663
1647514359973 0.4463889313562917 16664
1647514360853 0.4463837033641773 16665
1647514361651 0.4464761949254134 16666
1647514362815 0.44640418637358364 16667
1647514363704 0.4464302284152884 16668
1647514365124 0.44623376961875827 16669
1647514366211 0.44620415209699155 16670
1647514367364 0.4461040475498174 16671
1647514368487 0.44599024168756374 16672
1647514369476 0.4460406882422311 16673
1647514370813 0.4459770198780281 16674
1647514371944 0.44594073224770253 16675
1647514372824 0.44593375038217614 16676
1647514373860 0.4458881842230484 16677
1647514374740 0.4459151878741115 16678
1647514375802 0.44590324126748426 16679
1647514377258 0.44582236072536674 16680
1647514378105 0.4458535555292393 16681
1647514379490 0.44570559105634466 16682
1647514380361 0.44574583751975366 16683
1647514381461 0.4456736079990358 16684
1647514382428 0.4456546870384737 16685
1647514383320 0.4456354711881137 16686
1647514384119 0.44572809543040465 16687
1647514385053 0.4457734895703938 16688
1647514385998 0.4458526092499327 16689
1647514387211 0.4458232966950818 16690
1647514388111 0.4459304122275181 16691
1647514389272 0.4458163557373775 16692
1647514390284 0.445751062926845 16693
1647514391181 0.44586296801139663 16694
1647514392294 0.4457359703174278 16695
1647514393309 0.4458098370453407 16696
1647514394428 0.4458233267346352 16697
1647514395438 0.4457677110960317 16698
1647514396307 0.4457700975433158 16699
1647514397161 0.44585405020328617 16700
1647514398197 0.44590343452008624 16701
1647514399175 0.4459259571909794 16702
1647514400078 0.4459451942808098 16703
1647514401129 0.4459289149152913 16704
1647514402157 0.4458843649755785 16705
1647514403166 0.44588295904883385 16706
1647514404077 0.4458950517692249 16707
1647514405147 0.4458465488000949 16708
1647514405984 0.445910659201896 16709
1647514407090 0.44584510495274465 16710
1647514408290 0.44576670782750144 16711
1647514409422 0.445714813317587 16712
1647514410273 0.44577805479185295 16713
1647514411172 0.44581123596478994 16714
1647514412335 0.44572668669970483 16715
1647514413326 0.4456952486361044 16716
1647514414517 0.445605099228444 16717
1647514415565 0.4454981335494072 16718
1647514416670 0.44549912230594313 16719
1647514417654 0.4455234101933572 16720
1647514418684 0.445643783375648 16721
1647514419807 0.4457081076879736 16722
1647514420894 0.4458247348937121 16723
1647514422069 0.4458830808099024 16724
1647514423119 0.44612297275105317 16725
1647514424035 0.44637538040105795 16726
1647514425165 0.44646806588423427 16727
1647514425984 0.44664159592460184 16728
1647514427151 0.4466301058882184 16729
1647514428248 0.4466902531797862 16730
1647514429088 0.4468707037746691 16731
1647514430069 0.44712230839957195 16732
1647514431127 0.4471901223466203 16733
1647514432515 0.4471684480496723 16734
1647514433516 0.447314712292642 16735
1647514434497 0.44738105250068966 16736
1647514435647 0.4473978604459249 16737
1647514437057 0.44736387136271183 16738
1647514438226 0.4473666805093006 16739
1647514439662 0.44727997416455295 16740
1647514440746 0.44734445168954956 16741
1647514442013 0.4472734315039538 16742
1647514443098 0.44732189758547714 16743
1647514444003 0.4474745724054451 16744
1647514444916 0.44761054427653496 16745
1647514445821 0.44786563948234703 16746
1647514446826 0.44797311569448045 16747
1647514447955 0.44798702036009896 16748
1647514449366 0.4478622616713678 16749
1647514450381 0.44797344110449966 16750
1647514451399 0.4480167580834517 16751
1647514452475 0.4480853645647385 16752
1647514453571 0.44818047364201163 16753
1647514454795 0.44818003835349246 16754
1647514455817 0.4484203994905991 16755
1647514457000 0.44850336211188535 16756
1647514458044 0.448632809640659 16757
1647514459253 0.44872361064482363 16758
1647514460225 0.44888716909877013 16759
1647514461184 0.44904208728484973 16760
1647514462241 0.44923289416125456 16761
1647514463302 0.4492943609776049 16762
1647514464378 0.4494638001186806 16763
1647514465407 0.4495415865695863 16764
1647514466353 0.44969087656450357 16765
1647514467726 0.44966962696269014 16766
1647514469114 0.4496383910568861 16767
1647514470308 0.4496200371517365 16768
1647514471331 0.4496722031014128 16769
1647514472297 0.4498575617150836 16770
1647514473231 0.450052998570615 16771
1647514474301 0.4502572739923177 16772
1647514475427 0.4503098892647287 16773
1647514476691 0.45021017754108983 16774
1647514477862 0.45014363563516074 16775
1647514479181 0.45011464901210324 16776
1647514480428 0.4501079366618261 16777
1647514481447 0.4501169217613352 16778
1647514482871 0.4500477437484223 16779
1647514484128 0.4500070547068438 16780
1647514485258 0.4500395362756001 16781
1647514486366 0.45010496903535513 16782
1647514487615 0.45003867082554716 16783
1647514488716 0.45004012800823706 16784
1647514489740 0.45009420709540227 16785
1647514490893 0.4501138788712814 16786
1647514491884 0.4502738711145735 16787
1647514492986 0.4502336924168173 16788
1647514494241 0.45013358307232376 16789
1647514495318 0.4501608561631851 16790
1647514496415 0.45018991613633014 16791
1647514497457 0.4502408333167344 16792
1647514498551 0.45032653991992655 16793
1647514499494 0.4504483827253777 16794
1647514500469 0.450540973820784 16795
1647514501601 0.4505927325921087 16796
1647514502642 0.4506059352695637 16797
1647514503770 0.45062158267548746 16798
1647514504548 0.45087340055983893 16799
1647514505568 0.4509810025700089 16800
1647514506918 0.4508919427724767 16801
1647514507911 0.4509599462366387 16802
1647514508896 0.45099296703682107 16803
1647514510119 0.4509617159873323 16804
1647514511173 0.45098743031775285 16805
1647514512110 0.45099495901763187 16806
1647514513165 0.45095288297916586 16807
1647514514563 0.45084547385384766 16808
1647514515511 0.45093452666601885 16809
1647514516603 0.45090793282822994 16810
1647514518026 0.4507786072414331 16811
1647514519056 0.4508387959985998 16812
1647514520174 0.45077216046697954 16813
1647514521270 0.45074419117994813 16814
1647514522347 0.4507888864300795 16815
1647514523296 0.45085922228320746 16816
1647514524317 0.45088738502569536 16817
1647514525265 0.45087309297657413 16818
1647514526338 0.45086531924164813 16819
1647514527450 0.4508538963950069 16820
1647514528366 0.45098253201463184 16821
1647514529292 0.45106988382200286 16822
1647514530463 0.4510376916825771 16823
1647514531453 0.451104492519817 16824
1647514532604 0.45102462006388805 16825
1647514533603 0.45109142193374097 16826
1647514534474 0.4512451916586521 16827
1647514535373 0.45134744330065873 16828
1647514536278 0.4514138991411646 16829
1647514537321 0.4514213198211041 16830
1647514538388 0.45140399801119274 16831
1647514539350 0.45146706695394934 16832
1647514540347 0.45153467839907024 16833
1647514541224 0.4515991412982972 16834
1647514542226 0.4517066552251479 16835
1647514543209 0.451789194188232 16836
1647514544135 0.4519082521636168 16837
1647514545296 0.4519196922396436 16838
1647514546098 0.4520087284281066 16839
1647514547270 0.45204425685799504 16840
1647514548246 0.45214260769595066 16841
1647514549360 0.4521012355109724 16842
1647514550448 0.4520801711766446 16843
1647514551477 0.4520612732735352 16844
1647514552561 0.452071194343403 16845
1647514553518 0.45212595385308163 16846
1647514554492 0.4521507561401604 16847
1647514555555 0.4521149489830951 16848
1647514556554 0.4522077538449846 16849
1647514557622 0.45219610567100665 16850
1647514558697 0.45214469594947676 16851
1647514560215 0.45214089940387703 16852
1647514561352 0.4521429839657574 16853
1647514562237 0.45219935327889377 16854
1647514563210 0.45221354838992867 16855
1647514564291 0.4521823369770251 16856
1647514565307 0.452184531952419 16857
1647514566344 0.4521875387985214 16858
1647514567763 0.452078752484908 16859
1647514568824 0.452083706976236 16860
1647514569768 0.45213588208008276 16861
1647514570976 0.45207573943700013 16862
1647514572008 0.4520340850516673 16863
1647514572956 0.4520953683052017 16864
1647514574222 0.45201392085463915 16865
1647514575585 0.4518937344092663 16866
1647514576812 0.4517851697814043 16867
1647514577896 0.4517772890956526 16868
1647514578759 0.45187061144873186 16869
1647514579946 0.4518272583257129 16870
1647514580886 0.4518352932989215 16871
1647514581859 0.4518937652496646 16872
1647514582744 0.45203352797031404 16873
1647514583683 0.4520881756080045 16874
1647514584584 0.45226621482604606 16875
1647514585980 0.4521390964817449 16876
1647514587194 0.4522033631088631 16877
1647514588240 0.4523164539935579 16878
1647514589200 0.4524430150201746 16879
1647514590626 0.4523591015579782 16880
1647514591752 0.45241382689657955 16881
1647514592972 0.4523708376503824 16882
1647514594142 0.4524190405295009 16883
1647514595105 0.45255942970017987 16884
1647514596482 0.4525239699049344 16885
1647514597688 0.45252322742416096 16886
1647514599187 0.45243399882618385 16887
1647514600659 0.4523376628344238 16888
1647514602058 0.4523117555684953 16889
1647514603152 0.4524520895522508 16890
1647514604203 0.4524879212541159 16891
1647514605713 0.45238473311571553 16892
1647514606788 0.4525856529868494 16893
1647514607884 0.4526397155130313 16894
1647514609310 0.45256382327690814 16895
1647514610771 0.45257560694582893 16896
1647514611781 0.4527345418087916 16897
1647514612753 0.4528424595384037 16898
1647514613812 0.45293248115475276 16899
1647514614943 0.4529584972486892 16900
1647514616205 0.45288289460777675 16901
1647514617527 0.4528361094519904 16902
1647514618737 0.45285985155496744 16903
1647514619805 0.4528923735871713 16904
1647514620924 0.45295722073586236 16905
1647514622051 0.452977383359744 16906
1647514623579 0.45288344732604663 16907
1647514624662 0.4528978215813173 16908
1647514625793 0.4528518154591461 16909
1647514626901 0.4528491972441255 16910
1647514627953 0.4528893206199134 16911
1647514628967 0.4529658032767619 16912
1647514630201 0.452901414406392 16913
1647514631265 0.45295082398572695 16914
1647514632318 0.4530418052254446 16915
1647514633714 0.4529353650567703 16916
1647514634910 0.45286409365707053 16917
1647514636018 0.4529441527418188 16918
1647514637052 0.4530417346108107 16919
1647514638115 0.4531032761520115 16920
1647514639303 0.4530959526085523 16921
1647514640340 0.45315358714932563 16922
1647514641549 0.4531632624910428 16923
1647514642561 0.45325283439318825 16924
1647514642759 0.45308915715658904 16925
