1647521125087 0.45667722821235657 22134
1647521126897 0.4865507036447525 22135
1647521128742 0.4429829816023509 22136
1647521130464 0.4495898485183716 22137
1647521132434 0.4600638270378113 22138
1647521133593 0.4668414294719696 22139
1647521134574 0.4695253712790353 22140
1647521135567 0.4795059338212013 22141
1647521136611 0.47720521688461304 22142
1647521137510 0.48405722379684446 22143
1647521138591 0.48108649253845215 22144
1647521139623 0.47626082350810367 22145
1647521140608 0.47668708058503956 22146
1647521141680 0.47054949615682873 22147
1647521143258 0.4581532537937164 22148
1647521144305 0.45991216972470284 22149
1647521145446 0.45774120443007527 22150
1647521146916 0.4495396117369334 22151
1647521147863 0.44973269732374893 22152
1647521149081 0.4449764981865883 22153
1647521150175 0.44359805896168664 22154
1647521151375 0.4413704899224368 22155
1647521152475 0.4388319059558537 22156
1647521153841 0.43210532888770103 22157
1647521154993 0.43275916934013364 22158
1647521156096 0.4324134932114528 22159
1647521156992 0.43573916841436316 22160
1647521158096 0.433297689471926 22161
1647521159354 0.42985985813469724 22162
1647521160458 0.42885184089342754 22163
1647521161568 0.4273461276485074 22164
1647521162577 0.4270959896966815 22165
1647521163574 0.4282896879947547 22166
1647521164843 0.4258365166537902 22167
1647521166122 0.42420391525541035 22168
1647521167290 0.42436198476288056 22169
1647521168246 0.4244230832602527 22170
1647521169214 0.4254007339477539 22171
1647521170471 0.4226428828178308 22172
1647521171431 0.42565354630351065 22173
1647521172560 0.4245578530358105 22174
1647521173870 0.4231661983898708 22175
1647521175010 0.4222740558690803 22176
1647521175856 0.4223257438703017 22177
1647521177158 0.4185151802168952 22178
1647521178098 0.4197661280632019 22179
1647521179497 0.4178388150448495 22180
1647521180402 0.41911715269088745 22181
1647521181568 0.4169643965302681 22182
1647521182771 0.4157895612716675 22183
1647521183843 0.41553446767376917 22184
1647521184993 0.41522683948278427 22185
1647521186051 0.4145080014219824 22186
1647521186929 0.416363936331537 22187
1647521187896 0.4162019908428192 22188
1647521188852 0.4181604082030909 22189
1647521190307 0.41610521182679294 22190
1647521191393 0.41609905917069007 22191
1647521192469 0.415146039704145 22192
1647521193584 0.41574878642956414 22193
1647521194690 0.4147599017033812 22194
1647521195609 0.41550919557771376 22195
1647521196695 0.4156802944720738 22196
1647521197938 0.4148699794895947 22197
1647521199445 0.41344742224766656 22198
1647521200492 0.4123288004687338 22199
1647521201685 0.41068106000103166 22200
1647521202999 0.4098663137239568 22201
1647521204153 0.4092938040477642 22202
1647521205159 0.4097540514809745 22203
1647521206309 0.4090659643562747 22204
1647521207412 0.4091394700937801 22205
1647521208409 0.4099235379532592 22206
1647521209364 0.40927467918073807 22207
1647521210530 0.40781140883763634 22208
1647521211728 0.40727358978045614 22209
1647521212729 0.40702390903002256 22210
1647521214317 0.40601678918569517 22211
1647521215681 0.40653660968889166 22212
1647521216858 0.4061030436307192 22213
1647521217937 0.405707785376796 22214
1647521218959 0.4050546328469021 22215
1647521220377 0.4032954311514475 22216
1647521221510 0.40192398464395884 22217
1647521222434 0.40249480535002313 22218
1647521223388 0.4020244870768037 22219
1647521224652 0.40050275332626256 22220
1647521225820 0.4001387381418185 22221
1647521226930 0.3993435317880652 22222
1647521228009 0.3984510597255495 22223
1647521229450 0.39693400984282023 22224
1647521230543 0.39659504203692725 22225
1647521231680 0.3965137350943781 22226
1647521232734 0.3957939715461528 22227
1647521233943 0.39471121995072617 22228
1647521234816 0.3950796903421481 22229
1647521235734 0.39509806989394514 22230
1647521236713 0.3948437462047655 22231
1647521237795 0.39444981861596157 22232
1647521238740 0.39495154678821565 22233
1647521240011 0.3939433956500327 22234
1647521240950 0.3941435153577842 22235
1647521242079 0.39325491780216254 22236
1647521243094 0.3925382202634445 22237
1647521244257 0.39181932977267675 22238
1647521245379 0.39126078896927385 22239
1647521246422 0.39078449116689024 22240
1647521247420 0.39066468372389124 22241
1647521248388 0.3908182347039564 22242
1647521249844 0.389673422683369 22243
1647521250879 0.38897356471499883 22244
1647521252039 0.38849980144628454 22245
1647521253305 0.3874172647442438 22246
1647521254230 0.38716147787738264 22247
1647521255158 0.3870246812053349 22248
1647521256271 0.3868224294535045 22249
1647521257072 0.3871710068649716 22250
1647521258320 0.38605889349670736 22251
1647521259371 0.38519516286729766 22252
1647521260560 0.38427603170275687 22253
1647521261844 0.383177550124728 22254
1647521263122 0.381997787195151 22255
1647521264320 0.3812023683534405 22256
1647521265178 0.3807493403794304 22257
1647521266110 0.38075749695301053 22258
1647521267551 0.379469439742111 22259
1647521268577 0.3796281590471117 22260
1647521269726 0.3792034963844344 22261
1647521271145 0.3784732341535332 22262
1647521272183 0.37786434831527566 22263
1647521273144 0.37760515647535103 22264
1647521274011 0.37790239365263417 22265
1647521275037 0.3774144511697884 22266
1647521276247 0.3764571156074752 22267
1647521277295 0.376742896327266 22268
1647521278482 0.37587593605413155 22269
1647521279524 0.3758128722653772 22270
1647521280753 0.37497354655162146 22271
1647521281536 0.3748723356415042 22272
1647521282663 0.3744244392429079 22273
1647521283570 0.37413429918018637 22274
1647521284514 0.3744028172862362 22275
1647521285491 0.374191113910475 22276
1647521286732 0.3729760383980142 22277
1647521287710 0.37291153751570605 22278
1647521289132 0.3721924093488145 22279
1647521290124 0.3721301604290398 22280
1647521291253 0.37146878685500173 22281
1647521292579 0.37032886509527296 22282
1647521293458 0.37010165184736254 22283
1647521294607 0.37000413929784537 22284
1647521295540 0.37016536266003786 22285
1647521296420 0.36983810404157325 22286
1647521297355 0.3697090238913313 22287
1647521298390 0.369798104320803 22288
1647521299620 0.3694934710287131 22289
1647521300756 0.36882324554737966 22290
1647521301803 0.36850414293099054 22291
1647521303149 0.36766256935566477 22292
1647521304193 0.3671955077908933 22293
1647521305393 0.366664148543192 22294
1647521306507 0.3660570214743967 22295
1647521307653 0.36556149909467056 22296
1647521308672 0.365438664922627 22297
1647521309549 0.36569778115460366 22298
1647521310512 0.36536338862525414 22299
1647521311496 0.36543907706965945 22300
1647521312560 0.3650913459381887 22301
1647521313524 0.3651984458315302 22302
1647521314596 0.36506725558463266 22303
1647521315544 0.36515770573713624 22304
1647521316410 0.3652085851618024 22305
1647521317446 0.36509726114700297 22306
1647521318658 0.3647614339816159 22307
1647521320085 0.3640242223228727 22308
1647521321140 0.36388265214521776 22309
1647521322084 0.36399596803269146 22310
1647521323262 0.3636153518651309 22311
1647521324171 0.36383564087598685 22312
1647521325113 0.36373726402719814 22313
1647521326329 0.3634409709365328 22314
1647521327279 0.36345156740683776 22315
1647521328227 0.36354466026923693 22316
1647521329132 0.3636558806604665 22317
1647521330104 0.3634189293996708 22318
1647521330970 0.36337152692259 22319
1647521331938 0.3630277853120457 22320
1647521333132 0.3627693208449699 22321
1647521334213 0.36255098374747724 22322
1647521335283 0.36224579317005057 22323
1647521336317 0.36196464027097713 22324
1647521337339 0.3615621035763373 22325
1647521338622 0.3612770798756051 22326
1647521339628 0.3612814051742406 22327
1647521340670 0.3613524197767942 22328
1647521341624 0.36111657420287324 22329
1647521342849 0.36080799104296013 22330
1647521344011 0.36073245747823907 22331
1647521344963 0.360684593493615 22332
1647521345933 0.3608539692312479 22333
1647521346874 0.3607105373298351 22334
1647521347934 0.36051776378166556 22335
1647521348833 0.3607260181839243 22336
1647521350044 0.36049115197623477 22337
1647521351196 0.36011690620968984 22338
1647521352206 0.36011918359300465 22339
1647521353278 0.35996859481081295 22340
1647521354745 0.35950269657545364 22341
1647521355752 0.3591401516393041 22342
1647521356787 0.35908052445877164 22343
1647521357916 0.3589782461312145 22344
1647521358700 0.35897151640844793 22345
1647521359668 0.3588297896681817 22346
1647521360673 0.3590722222612283 22347
1647521362062 0.35855723203614703 22348
1647521363003 0.35823241745432216 22349
1647521364348 0.35774760573141035 22350
1647521365222 0.35793695195552405 22351
1647521366277 0.3577715455124912 22352
1647521367416 0.35776083388111807 22353
1647521368891 0.3571763660303608 22354
1647521369973 0.3571672873185562 22355
1647521370876 0.3571565701822529 22356
1647521371757 0.3571533378479736 22357
1647521372603 0.3571970314449734 22358
1647521373643 0.3569147185941713 22359
1647521374699 0.3568272507925916 22360
1647521375871 0.3564639675774072 22361
1647521377072 0.3562980402244751 22362
1647521378132 0.3559321701526642 22363
1647521379039 0.35596053437753156 22364
1647521380184 0.35551798639112503 22365
1647521381115 0.3557320279369027 22366
1647521382036 0.3557785872974966 22367
1647521382919 0.35581188265313496 22368
1647521383986 0.35551552259821 22369
1647521384847 0.35576099069309636 22370
1647521386258 0.35522910476732655 22371
1647521387136 0.3551385470015235 22372
1647521388147 0.354921675970157 22373
1647521389031 0.35510342966966113 22374
1647521390193 0.3548371964249729 22375
1647521391283 0.3546742264625957 22376
1647521392278 0.3544053043254086 22377
1647521393361 0.35407879145777954 22378
1647521394443 0.3540377821621856 22379
1647521395289 0.35437267511962395 22380
1647521396513 0.3539502255979084 22381
1647521397422 0.35407189917133514 22382
1647521398560 0.3538807937502861 22383
1647521399611 0.3536047882649053 22384
1647521400771 0.353484537215933 22385
1647521401751 0.3535002950034123 22386
1647521403230 0.3529874904770551 22387
1647521404063 0.3529457400242488 22388
1647521405222 0.3526906979386695 22389
1647521406346 0.35249950791843204 22390
1647521407324 0.35262372587309326 22391
1647521408201 0.3527026858223911 22392
1647521409425 0.35239075496792793 22393
1647521410845 0.3518625277440667 22394
1647521411869 0.3517592710848073 22395
1647521412918 0.35166876499643795 22396
1647521413899 0.3518087003718723 22397
1647521414965 0.351821571925901 22398
1647521416015 0.35170066390270577 22399
1647521417411 0.35118293773368947 22400
1647521418458 0.3510769296493103 22401
1647521419427 0.35100809016635426 22402
1647521420584 0.35068246380046564 22403
1647521421555 0.35056964123820905 22404
1647521422480 0.3506026774206582 22405
1647521423593 0.35039692145564183 22406
1647521424535 0.35032567588517266 22407
1647521425558 0.3506148367578333 22408
1647521426407 0.3505963824581409 22409
1647521427693 0.35031342280470507 22410
1647521429134 0.3499558588369287 22411
1647521430214 0.3497413253698725 22412
1647521431325 0.34983201207859177 22413
1647521432345 0.34999924717848835 22414
1647521433617 0.3497344343163443 22415
1647521434661 0.3494367852227848 22416
1647521435638 0.3493827461776599 22417
1647521436640 0.3494266525695198 22418
1647521437629 0.34936077757315204 22419
1647521438764 0.34896577084729064 22420
1647521439831 0.3487859275709424 22421
1647521440981 0.34862599978191217 22422
1647521442234 0.3484095623267108 22423
1647521443704 0.34796146449354504 22424
1647521444829 0.3479218573807037 22425
1647521445849 0.3478596992663556 22426
1647521446826 0.3479453793593815 22427
1647521448282 0.347326266209958 22428
1647521449510 0.34703682428477584 22429
1647521450687 0.34694477830471016 22430
1647521451592 0.3472512278880849 22431
1647521452677 0.347033840208548 22432
1647521453801 0.34675992662707966 22433
1647521454950 0.3466499084947117 22434
1647521455848 0.34692716366605253 22435
1647521456830 0.34673366339096534 22436
1647521457819 0.3469110557221268 22437
1647521458853 0.3466792397323202 22438
1647521459936 0.3466055621606073 22439
1647521460963 0.3465835223465867 22440
1647521461858 0.34691018238663673 22441
1647521462843 0.34701837454606027 22442
1647521463838 0.3470340215871411 22443
1647521464797 0.3473108856911828 22444
1647521465894 0.3472343845149645 22445
1647521466737 0.34711434699285526 22446
1647521467703 0.3470696914632609 22447
1647521468767 0.3467906791539419 22448
1647521469723 0.34681004431994655 22449
1647521470662 0.3468831352160932 22450
1647521471646 0.3469561145834203 22451
1647521472995 0.3466644459477039 22452
1647521473951 0.34658832303248344 22453
1647521475127 0.3464854101989871 22454
1647521476028 0.34657159720703684 22455
1647521477111 0.34648665827309755 22456
1647521478334 0.3462993379820276 22457
1647521479761 0.34590413845502416 22458
1647521480759 0.3459992491942973 22459
1647521481795 0.34594293663261133 22460
1647521482917 0.34593574975321933 22461
1647521483963 0.3459184862741221 22462
1647521485085 0.3456328512141199 22463
1647521486166 0.34537954804040155 22464
1647521487030 0.3455180097595755 22465
1647521488280 0.34517944118640087 22466
1647521489412 0.3448714048651878 22467
1647521490523 0.3447873798324101 22468
1647521491625 0.344641037418374 22469
1647521493021 0.3443302711145814 22470
1647521494304 0.34409744764220784 22471
1647521495363 0.3439963938212324 22472
1647521496388 0.34376164069947074 22473
1647521497833 0.3434556666707014 22474
1647521499245 0.3431907018199999 22475
1647521500163 0.3433857593174926 22476
1647521501656 0.34305540078081365 22477
1647521502832 0.34301433757595395 22478
1647521503685 0.34314288444429464 22479
1647521504700 0.34295287818489567 22480
1647521505802 0.34291370397155313 22481
1647521506975 0.34281360646202774 22482
1647521507933 0.3426851768578802 22483
1647521508943 0.3426985780992399 22484
1647521510055 0.3426165293309499 22485
1647521511270 0.3425406371652236 22486
1647521512305 0.34252306890521345 22487
1647521513241 0.3424530506553784 22488
1647521514677 0.3421435377487306 22489
1647521516062 0.34176777666356384 22490
1647521517120 0.34157687508860113 22491
1647521518183 0.3414933902307473 22492
1647521519211 0.3415530539221234 22493
1647521520348 0.34145298996460405 22494
1647521521556 0.3412815081315805 22495
1647521522466 0.34135707662782067 22496
1647521523477 0.34141827243697515 22497
1647521524406 0.3415564571341423 22498
1647521525355 0.3417714322036733 22499
1647521526288 0.3418530996391494 22500
1647521527438 0.34205091242556984 22501
1647521528632 0.34251556373870146 22502
1647521529558 0.3431102678582475 22503
1647521530675 0.3434181222215174 22504
1647521531771 0.3440324764258118 22505
1647521533231 0.3440381646475907 22506
1647521534173 0.34467331324031647 22507
1647521535159 0.34502033654848735 22508
1647521536176 0.3453185482228056 22509
1647521537431 0.34532979834301086 22510
1647521538511 0.34548861056408553 22511
1647521539415 0.3459280655377773 22512
1647521540488 0.34604745985645996 22513
1647521541415 0.34626640782268653 22514
1647521542275 0.3465258495501823 22515
1647521543693 0.34657343249408135 22516
1647521544789 0.346607415471226 22517
1647521545889 0.3466865997809868 22518
1647521547097 0.3467094404092107 22519
1647521548132 0.3468970828124103 22520
1647521549058 0.3472160414322135 22521
1647521550430 0.34711111250757254 22522
1647521551852 0.347155168117621 22523
1647521553093 0.3470703034907046 22524
1647521554241 0.34701225640518324 22525
1647521555088 0.347501863580927 22526
1647521556177 0.3476406807070456 22527
1647521557374 0.3476498370683646 22528
1647521558405 0.34776861702251916 22529
1647521559392 0.34797167530288026 22530
1647521560580 0.34792010927919165 22531
1647521561619 0.3482426066595809 22532
1647521562683 0.3484092618525028 22533
1647521563576 0.3487689944722706 22534
1647521564558 0.34895813094442757 22535
1647521565590 0.3489379248311443 22536
1647521566511 0.34922582021739224 22537
1647521567905 0.34922041090918177 22538
1647521568874 0.3494504549233197 22539
1647521570008 0.3495643034174636 22540
1647521571144 0.3496827329782879 22541
1647521572122 0.3497936501188208 22542
1647521573110 0.3500935739133416 22543
1647521574125 0.35031502133738385 22544
1647521575171 0.3504677532077993 22545
1647521576341 0.3503918810127434 22546
1647521577365 0.3505707495454429 22547
1647521578784 0.3505602840917656 22548
1647521579930 0.3506188942835881 22549
1647521581190 0.35044317529927627 22550
1647521582263 0.350462120828446 22551
1647521583131 0.35078551220154136 22552
1647521584127 0.35086814172211145 22553
1647521585455 0.35088323293842216 22554
1647521586533 0.3510410230589139 22555
1647521587941 0.3509081956483512 22556
1647521588873 0.35105985016474184 22557
1647521589943 0.35122495868626763 22558
1647521591003 0.3514532018015642 22559
1647521592134 0.3515283202259546 22560
1647521593177 0.35160063590123275 22561
1647521594399 0.3516219990514653 22562
1647521595531 0.3516537488199944 22563
1647521596958 0.3515794674094481 22564
1647521598035 0.35163188649824373 22565
1647521598940 0.35183801407351506 22566
1647521600003 0.3520060752943364 22567
1647521601249 0.35209292625558786 22568
1647521602331 0.3521762026832738 22569
1647521603535 0.3521419254811459 22570
1647521604607 0.35216048774926084 22571
1647521605544 0.3523371397498528 22572
1647521606450 0.35274552648717705 22573
1647521607487 0.35287029855375657 22574
1647521608571 0.352908736440391 22575
1647521609661 0.35304306861240226 22576
1647521610898 0.35314833480227104 22577
1647521612055 0.3533767262201631 22578
1647521613086 0.35347288345809474 22579
1647521614067 0.35359263126748786 22580
1647521615096 0.35368063267586486 22581
1647521615966 0.3538836191651019 22582
1647521616951 0.3542243643601735 22583
1647521618034 0.3541808286950223 22584
1647521619225 0.3541197267121973 22585
1647521620560 0.35404899229540204 22586
1647521621745 0.3540761701204703 22587
1647521622660 0.35431132912635804 22588
1647521623746 0.35436344950606946 22589
1647521624567 0.35474188876882423 22590
1647521625643 0.35488357372159 22591
1647521626766 0.3549906883494267 22592
1647521627963 0.35493584657492844 22593
1647521629141 0.3548554633935982 22594
1647521630536 0.3547714186824245 22595
1647521631646 0.35482742346131263 22596
1647521632757 0.35492206165759727 22597
1647521633835 0.354973893268134 22598
1647521635222 0.35487958200499736 22599
1647521636353 0.35504717234625804 22600
1647521637322 0.3552429031612527 22601
1647521638565 0.35517386567872217 22602
1647521639459 0.3553344935812849 22603
1647521640888 0.3552838813853618 22604
1647521642125 0.3553125102514938 22605
1647521643486 0.3552943873229037 22606
1647521644579 0.3553113027589734 22607
1647521645685 0.3553270221383948 22608
1647521646613 0.355539731618737 22609
1647521647693 0.3555547564409564 22610
1647521648777 0.3556236000614685 22611
1647521649814 0.35571251594945635 22612
1647521650833 0.3558864207317432 22613
1647521652174 0.35585277306066976 22614
1647521653548 0.3557240632188765 22615
1647521654826 0.3556304727035033 22616
1647521655980 0.35561886220431527 22617
1647521657209 0.3555559271389676 22618
1647521658315 0.355539665423303 22619
1647521659780 0.35541722337568077 22620
1647521660704 0.35566200059456904 22621
1647521661805 0.35562682145699887 22622
1647521662691 0.35578395712132355 22623
1647521663840 0.35586459312565216 22624
1647521664890 0.3558961186951738 22625
1647521666014 0.3558936458813975 22626
1647521667221 0.3558150069554325 22627
1647521668591 0.3556821998923716 22628
1647521669999 0.3556267759732662 22629
1647521671164 0.35556439296820275 22630
1647521672272 0.35566912729098615 22631
1647521673488 0.3555411322561199 22632
1647521674771 0.3555550815463066 22633
1647521675792 0.3554915322396094 22634
1647521676957 0.3557909814366306 22635
1647521678045 0.35617400892449186 22636
1647521679343 0.356280855124905 22637
1647521680364 0.35661988340982115 22638
1647521681379 0.3569452852128523 22639
1647521682348 0.3572947314740168 22640
1647521683496 0.35749726801172016 22641
1647521684670 0.3576741011882812 22642
1647521685912 0.357722094596601 22643
1647521686907 0.3581689660329875 22644
1647521688073 0.35832943714922294 22645
1647521689142 0.35857475222202767 22646
1647521690249 0.3587367332862973 22647
1647521691498 0.3587979915651303 22648
1647521692471 0.35898254961930504 22649
1647521693454 0.35928965975283655 22650
1647521694902 0.35922982258916364 22651
1647521695901 0.35944444406239284 22652
1647521697048 0.35951447555652033 22653
1647521698151 0.3596851358944532 22654
1647521699396 0.3596313703105824 22655
1647521700613 0.3595914610485274 22656
1647521701676 0.359686161839325 22657
1647521702757 0.35974862444968453 22658
1647521703897 0.35986373763347307 22659
1647521705157 0.35994777942970535 22660
1647521706410 0.3600954081524502 22661
1647521707232 0.3604277844465072 22662
1647521708220 0.3606792646758961 22663
1647521709213 0.3609251070157283 22664
1647521710317 0.36103154102662455 22665
1647521711434 0.36109415546590795 22666
1647521712594 0.3612500281258022 22667
1647521713656 0.3613061472077236 22668
1647521715159 0.3613217126633694 22669
1647521716575 0.3612315328982511 22670
1647521717629 0.3614452434184383 22671
1647521718821 0.361537814969698 22672
1647521719712 0.3618092144529025 22673
1647521720795 0.3618882041211049 22674
1647521721896 0.3618371414082517 22675
1647521723044 0.3618837316721184 22676
1647521724015 0.36215334139106903 22677
1647521725133 0.3623068035195727 22678
1647521726561 0.3622230800080212 22679
1647521727767 0.3621667587560971 22680
1647521728784 0.3622509287874194 22681
1647521729969 0.3622570810856498 22682
1647521731126 0.3624368874051354 22683
1647521732307 0.36255258548930425 22684
1647521733657 0.36252045161698176 22685
1647521734573 0.36271438228933117 22686
1647521735990 0.3626201783276637 22687
1647521737110 0.3627286146352957 22688
1647521738305 0.3628607716062944 22689
1647521739448 0.3629329244153076 22690
1647521740508 0.3630423339677968 22691
1647521741620 0.3630717647310233 22692
1647521742783 0.36311424779040474 22693
1647521744038 0.36302562251872983 22694
1647521745142 0.3630814509883894 22695
1647521746305 0.3632494238193675 22696
1647521747683 0.36312372464660214 22697
1647521749140 0.36298707048449896 22698
1647521750257 0.3631852610372402 22699
1647521751175 0.36340807496555266 22700
1647521752139 0.36350314649687687 22701
1647521753593 0.3633879152877888 22702
1647521754741 0.36338070881994144 22703
1647521755833 0.36344728964640255 22704
1647521756828 0.3635706123667997 22705
1647521757975 0.3636239610521373 22706
1647521759106 0.36361126414782496 22707
1647521760507 0.36343908252923385 22708
1647521761556 0.36363511936118204 22709
1647521763006 0.3635262973490373 22710
1647521764147 0.36361798143923074 22711
1647521765191 0.36377010969300344 22712
1647521766393 0.3639050006352622 22713
1647521767771 0.36384644976171077 22714
1647521768727 0.3639287697695375 22715
1647521769622 0.3641609565369261 22716
1647521770596 0.36421870113643884 22717
1647521771741 0.36428399172603576 22718
1647521772860 0.3643607675724062 22719
1647521774094 0.36448052423979194 22720
1647521775225 0.3645169257509465 22721
1647521776291 0.36451172626281636 22722
1647521777198 0.36468971401958145 22723
1647521778369 0.3647090807279758 22724
1647521779394 0.364795323713003 22725
1647521780485 0.36485494524994344 22726
1647521781528 0.36493780702252177 22727
1647521782611 0.3650128479765243 22728
1647521783782 0.3650727245031587 22729
1647521784868 0.3650669100596078 22730
1647521785993 0.3651503904607384 22731
1647521787009 0.36526302050469517 22732
1647521788127 0.36517597913742067 22733
1647521789129 0.3652294811214663 22734
1647521790352 0.3652805444410077 22735
1647521791549 0.36544826053465973 22736
1647521792613 0.3654592018451122 22737
1647521794003 0.36535334779211315 22738
1647521795013 0.3654652232482488 22739
1647521796442 0.36537019704672613 22740
1647521797804 0.3653340876396549 22741
1647521798774 0.36542829151811274 22742
1647521799872 0.3654888525849483 22743
1647521800818 0.36572318279021304 22744
1647521801893 0.36580079910801905 22745
1647521803082 0.3658276341770446 22746
1647521804151 0.36586766784664865 22747
1647521805177 0.3659576233324966 22748
1647521806521 0.36588954872318674 22749
1647521808008 0.365762300101053 22750
1647521809052 0.3658670549157368 22751
1647521810096 0.3659105713995285 22752
1647521811058 0.3660475499206974 22753
1647521812193 0.36607557180039163 22754
1647521813317 0.3661653369760973 22755
1647521814434 0.36623089233141265 22756
1647521815492 0.3663543886385667 22757
1647521816553 0.36644225702285765 22758
1647521817661 0.3665434717179868 22759
1647521818821 0.366639416326176 22760
1647521819977 0.36664320813242796 22761
1647521821212 0.3665597577637064 22762
1647521822502 0.36651076546737127 22763
1647521823424 0.36671368940696475 22764
1647521824838 0.36652994236048264 22765
1647521825854 0.366573061376198 22766
1647521827017 0.3665291977699623 22767
1647521827911 0.36663618932558795 22768
1647521829262 0.36653766378104313 22769
1647521830396 0.3666091333472373 22770
1647521831428 0.36666546201444344 22771
1647521832489 0.3667781734037474 22772
1647521833589 0.3668147286400199 22773
1647521834669 0.3667805823911557 22774
1647521836085 0.3666514715765867 22775
1647521837110 0.3667955050943057 22776
1647521838223 0.3668596412269225 22777
1647521839601 0.36674018040183903 22778
1647521840785 0.3667660637444387 22779
1647521841912 0.3667289453459302 22780
1647521843027 0.3667427071450669 22781
1647521844467 0.36664773493959285 22782
1647521845611 0.3667259999421927 22783
1647521846894 0.3666499028649015 22784
1647521848295 0.36646309159010465 22785
1647521849424 0.36658076020057495 22786
1647521850392 0.3667438574568212 22787
1647521851566 0.36677207503154985 22788
1647521852970 0.36659468312906784 22789
1647521853939 0.36687182339086927 22790
1647521855016 0.367016723339862 22791
1647521856168 0.36708130082610163 22792
1647521857337 0.36709231596552966 22793
1647521858449 0.3669999216354921 22794
1647521859590 0.36693707515916074 22795
1647521860977 0.3668290501401435 22796
1647521862083 0.36695317576179304 22797
1647521863172 0.36698293858452846 22798
1647521864127 0.36720316861574354 22799
1647521865092 0.36734743581629586 22800
1647521866168 0.36744539183146224 22801
1647521867163 0.36772083311783005 22802
1647521868275 0.36776814556388715 22803
1647521869344 0.36778693696159187 22804
1647521870750 0.3676813686754377 22805
1647521872021 0.3676181893247729 22806
1647521873086 0.3676217085397208 22807
1647521874314 0.36758450422022076 22808
1647521875408 0.3676691699618771 22809
1647521876325 0.36783951972136647 22810
1647521877477 0.36779660340343606 22811
1647521878495 0.3679470290623287 22812
1647521879977 0.36796644174439064 22813
1647521881149 0.3681324494348924 22814
1647521882192 0.3684099725395703 22815
1647521883680 0.36842673438796186 22816
1647521884758 0.36859096371029554 22817
1647521886054 0.368579494931402 22818
1647521887085 0.3687854354261657 22819
1647521888154 0.36897505077992987 22820
1647521889332 0.36882697342526777 22821
1647521890507 0.36884599593190914 22822
1647521891699 0.368804301235123 22823
1647521893108 0.36868989254130985 22824
1647521894065 0.368773343009239 22825
1647521895070 0.368921842689466 22826
1647521896020 0.3689435624895934 22827
1647521897197 0.3689866713697104 22828
1647521898269 0.3690285587404994 22829
1647521899191 0.3691284607994334 22830
1647521900274 0.36909159883472503 22831
1647521901386 0.3691198333607552 22832
1647521902212 0.369285830195461 22833
1647521903118 0.36938760111828506 22834
1647521904071 0.3694766019271989 22835
1647521905050 0.36955346786026255 22836
1647521906078 0.36954294985414227 22837
1647521907011 0.3695194092836786 22838
1647521908049 0.3694822561344074 22839
1647521909176 0.3694385324079211 22840
1647521910260 0.36951338413492435 22841
1647521911163 0.3696304138313732 22842
1647521912157 0.3697397329228025 22843
1647521913134 0.36981883039370533 22844
1647521914087 0.3699518690994951 22845
1647521915110 0.3699620884188763 22846
1647521916117 0.3700583910866946 22847
1647521917094 0.37009923239271125 22848
1647521918184 0.37002422246436834 22849
1647521919408 0.36995294156017994 22850
1647521920793 0.36976437434595605 22851
1647521921770 0.36978887875405075 22852
1647521922786 0.3698308629501197 22853
1647521924019 0.3698350825397383 22854
1647521925038 0.3698762119683202 22855
1647521925922 0.36997227498522106 22856
1647521926838 0.3700573352366192 22857
1647521927743 0.37028158987390586 22858
1647521928690 0.37032933321784023 22859
1647521929667 0.3704282928980692 22860
1647521930819 0.3703449315463121 22861
1647521931658 0.37049567002409606 22862
1647521932580 0.3705695917549199 22863
1647521933654 0.3705649389165534 22864
1647521935025 0.37043449105542214 22865
1647521936179 0.3703485741743775 22866
1647521937192 0.3703896577700932 22867
1647521938224 0.3703535873265493 22868
1647521939168 0.3704679150174817 22869
1647521940245 0.3704428434008012 22870
1647521941485 0.3703018461422222 22871
1647521942870 0.3701629745742465 22872
1647521944027 0.3700737928417889 22873
1647521945055 0.3700484061329632 22874
1647521946077 0.3701231627652266 22875
1647521947290 0.3700313840668102 22876
1647521948214 0.3700025162749713 22877
1647521949462 0.3699399644296441 22878
1647521950511 0.3699891994490061 22879
1647521951581 0.3700561176541659 22880
1647521952743 0.3700366537559797 22881
1647521953814 0.370013643787286 22882
1647521954732 0.3700435230533282 22883
1647521955582 0.3701394773553437 22884
1647521956757 0.37008396427127277 22885
1647521958145 0.36994719056098424 22886
1647521959050 0.3699959077988442 22887
1647521960052 0.3699586795852674 22888
1647521961150 0.36990517340403384 22889
1647521962121 0.36995809386475714 22890
1647521963021 0.36999207159066894 22891
1647521964063 0.3700381035822025 22892
1647521965159 0.36996305308451777 22893
1647521966201 0.36995106498844205 22894
1647521967035 0.36998291104406195 22895
1647521967975 0.3700488170079135 22896
1647521968873 0.3701266964887761 22897
1647521969835 0.3701589371449028 22898
1647521970851 0.3701959117157652 22899
1647521971817 0.37022425720014035 22900
1647521972655 0.3703599532406467 22901
1647521973873 0.37026541462102697 22902
1647521974828 0.3702865610842581 22903
1647521975806 0.3703173041614268 22904
1647521976807 0.3703428984962288 22905
1647521977797 0.370361432664453 22906
1647521978680 0.37048278831773335 22907
1647521979748 0.3703599960765531 22908
1647521980780 0.3703592429801668 22909
1647521981772 0.37038425993811974 22910
1647521982665 0.37048282757746226 22911
1647521983593 0.37062697311497467 22912
1647521985019 0.37048117054196505 22913
1647521985914 0.3706050334872723 22914
1647521986897 0.3706182689046311 22915
1647521988084 0.3705187029042311 22916
1647521989029 0.37063163338343097 22917
1647521989967 0.3707040449046785 22918
1647521991383 0.37054638553211705 22919
1647521992248 0.37074275044049815 22920
1647521993130 0.3707875351464083 22921
1647521994072 0.3708015250842381 22922
1647521994999 0.370883431389362 22923
1647521995919 0.37089861320936873 22924
1647521996817 0.37096924093937633 22925
1647521997751 0.3710728861945875 22926
1647521998648 0.37127420801659977 22927
1647521999598 0.37138700623932125 22928
1647522000447 0.37157364627674 22929
1647522001433 0.37157874312275174 22930
1647522002306 0.37159572814341474 22931
1647522003346 0.3715646463505765 22932
1647522004386 0.3716838213056326 22933
1647522005460 0.3717338423455104 22934
1647522006352 0.37180646406742107 22935
1647522007388 0.3718858148582549 22936
1647522008503 0.3719285957848848 22937
1647522009622 0.3718711791571623 22938
1647522010618 0.3719718295794267 22939
1647522012067 0.3718689090700398 22940
1647522013262 0.371866597581913 22941
1647522014139 0.37187568454718856 22942
1647522015095 0.3719340082671907 22943
1647522016206 0.37190701517606045 22944
1647522017104 0.3719682246813633 22945
1647522018099 0.37204272771966707 22946
1647522019128 0.37210960418937833 22947
1647522020080 0.372135996343168 22948
1647522021155 0.3721219226717949 22949
1647522022264 0.3721601073715649 22950
1647522023685 0.37201127355285263 22951
1647522024791 0.37198231846858293 22952
1647522025884 0.3719451579015429 22953
1647522026836 0.37194903574239613 22954
1647522027924 0.37197738160762184 22955
1647522029086 0.3719433451191333 22956
1647522030082 0.37201866221804064 22957
1647522031007 0.3721247710242416 22958
1647522032229 0.3720062368574212 22959
1647522033390 0.371997144699385 22960
1647522034563 0.3719416083633036 22961
1647522035539 0.37203092015695516 22962
1647522036606 0.3719343001943037 22963
1647522037677 0.3718695770030131 22964
1647522038598 0.37190371225229824 22965
1647522039744 0.37185800064797875 22966
1647522040827 0.37185822652398254 22967
1647522041912 0.3718721784874351 22968
1647522042822 0.37188178001408373 22969
1647522043849 0.37188049837537424 22970
1647522044797 0.37185872856500896 22971
1647522045764 0.3718324997356879 22972
1647522046710 0.37187640156064716 22973
1647522047811 0.3718485599394786 22974
1647522048849 0.3718712963075366 22975
1647522049958 0.37180957258242586 22976
1647522051114 0.3717777057775954 22977
1647522051992 0.3718805233402365 22978
1647522053035 0.37193118426816685 22979
1647522053924 0.371974589305335 22980
1647522054764 0.37201135517713035 22981
1647522055813 0.3720207735281811 22982
1647522056841 0.372002671641462 22983
1647522057785 0.37205122227394205 22984
1647522058727 0.372016686508913 22985
1647522059652 0.37209165445665404 22986
1647522060558 0.37219842479714743 22987
1647522061636 0.3722286884896239 22988
1647522062546 0.37226871206103085 22989
1647522063534 0.37233383944877524 22990
1647522064459 0.37243127211546284 22991
1647522065478 0.37243403645277856 22992
1647522066833 0.37233873186416405 22993
1647522068007 0.3722617890638203 22994
1647522068936 0.3723456609276774 22995
1647522069881 0.3724307456201639 22996
1647522070958 0.37245683979105065 22997
1647522072067 0.37256366124731954 22998
1647522073202 0.3725588000605343 22999
1647522074338 0.3725264250819658 23000
1647522075240 0.37263632836979105 23001
1647522076356 0.37255300641471417 23002
1647522077440 0.37258388581632196 23003
1647522078431 0.3726685283241535 23004
1647522079346 0.3727056268910202 23005
1647522080531 0.37267845196549154 23006
1647522081490 0.3726847109723691 23007
1647522082563 0.37269916364124844 23008
1647522083847 0.37259093120898285 23009
1647522084979 0.37249830225854264 23010
1647522086229 0.37246271126091074 23011
1647522087396 0.3723894318351702 23012
1647522088331 0.3724670961499214 23013
1647522089308 0.37247251713316504 23014
1647522090328 0.3724999238236421 23015
1647522091394 0.37246332298183765 23016
1647522092431 0.372512054861401 23017
1647522093473 0.37250719464431375 23018
1647522094586 0.3725262427572203 23019
1647522095639 0.3725375451122357 23020
1647522096750 0.37249483392985017 23021
1647522097669 0.37249617122691986 23022
1647522098741 0.3725647226143419 23023
1647522099750 0.37264058987299603 23024
1647522100894 0.37266868302774003 23025
1647522101999 0.3727058264002421 23026
1647522102991 0.37276414583460066 23027
1647522104101 0.3727356819134185 23028
1647522105169 0.37266980653761755 23029
1647522106190 0.37266626721507595 23030
1647522107261 0.37265928696948863 23031
1647522108114 0.3727571881719108 23032
1647522109077 0.37275869839721254 23033
1647522110166 0.372726368123498 23034
1647522111302 0.3726704191342161 23035
1647522112503 0.3725937979165898 23036
1647522113389 0.3726740994746179 23037
1647522114582 0.37260784648399986 23038
1647522115850 0.3724989847631644 23039
1647522116811 0.37256635740284355 23040
1647522117846 0.37262746370048777 23041
1647522118781 0.3725824575744184 23042
1647522119967 0.372531530719537 23043
1647522120889 0.37260176099092585 23044
1647522121756 0.37265397582137794 23045
1647522122629 0.3726863580687545 23046
1647522123555 0.37276033150680216 23047
1647522124473 0.3728210541394239 23048
1647522125609 0.37274646788314963 23049
1647522126565 0.3727770552705392 23050
1647522127506 0.37286211965780114 23051
1647522128406 0.37296191704286197 23052
1647522129728 0.3729007344207038 23053
1647522130610 0.37290885478225777 23054
1647522131698 0.3729332299527274 23055
1647522133151 0.37281050713064867 23056
1647522134256 0.3728060511090023 23057
1647522135401 0.3728350761774424 23058
1647522136412 0.3728332923439615 23059
1647522137240 0.37291811144596293 23060
1647522138327 0.37290968171096056 23061
1647522139482 0.37285571318396454 23062
1647522140580 0.37279458904779084 23063
1647522141675 0.3728074784181556 23064
1647522143127 0.37272401454622656 23065
1647522144026 0.3727879553937452 23066
1647522145337 0.3727555392704888 23067
1647522146340 0.37275834249302664 23068
1647522147589 0.37268252393756157 23069
1647522148781 0.37258853392005603 23070
1647522149772 0.37256976155075694 23071
1647522150736 0.3725724878529517 23072
1647522152024 0.37243186745871887 23073
1647522153044 0.37250581694080015 23074
1647522154105 0.37245572274531025 23075
1647522154926 0.3725386027756324 23076
1647522155798 0.372612502173347 23077
1647522156748 0.37260831865684063 23078
1647522157805 0.3725558178495403 23079
1647522158792 0.3725620782929212 23080
1647522159934 0.372489752680189 23081
1647522160981 0.37248080858943083 23082
1647522162015 0.3724559756642894 23083
1647522162917 0.3724531236444487 23084
1647522163856 0.3724467009305954 23085
1647522165059 0.3723991680870777 23086
1647522165935 0.37251205814209626 23087
1647522166958 0.3725313852282719 23088
1647522167848 0.3725477892546973 23089
1647522168831 0.3726298047955632 23090
1647522170059 0.37257971429501296 23091
1647522171097 0.3725951008801664 23092
1647522172100 0.37261664438992737 23093
1647522173139 0.3726191978734936 23094
1647522174010 0.37270412353988497 23095
1647522175110 0.37274805339573575 23096
1647522176145 0.3728656926775869 23097
1647522177041 0.372945743459494 23098
1647522178454 0.3728287669504158 23099
1647522179585 0.3728290219649657 23100
1647522180578 0.3728975557591304 23101
1647522181440 0.373037597404791 23102
1647522182664 0.3729692942702893 23103
1647522183496 0.3730231151214957 23104
1647522184450 0.37303437507201614 23105
1647522185367 0.37312684795471773 23106
1647522186392 0.37313136648103684 23107
1647522187457 0.37312946368486455 23108
1647522188372 0.3732040081417463 23109
1647522189337 0.3732531924818775 23110
1647522190446 0.3732286908021978 23111
1647522191377 0.37332169536550636 23112
1647522192368 0.37334063174773235 23113
1647522193444 0.37332560518466007 23114
1647522194519 0.37328236229914996 23115
1647522195429 0.3733280674305234 23116
1647522196336 0.37332937424260426 23117
1647522197438 0.37330244241027055 23118
1647522198326 0.3733525745888027 23119
1647522199530 0.37334110019417155 23120
1647522200879 0.3732512000540973 23121
1647522201948 0.37323206916255586 23122
1647522202957 0.37316168588821336 23123
1647522204120 0.37314349322699153 23124
1647522205336 0.3730780387056931 23125
1647522206435 0.3730320423871489 23126
1647522207457 0.3730790805768679 23127
1647522208621 0.37309537437093915 23128
1647522209797 0.37307734362571593 23129
1647522210804 0.3730838467388478 23130
1647522211758 0.3731695431506705 23131
1647522213237 0.37328483619250813 23132
1647522214747 0.37332814806699754 23133
1647522216283 0.37341104205195363 23134
1647522217586 0.37363272601972797 23135
1647522218781 0.3738975888591702 23136
1647522220280 0.3740131411538181 23137
1647522221386 0.37418987407020077 23138
1647522222573 0.37438641663337086 23139
1647522223880 0.3743907455891341 23140
1647522224892 0.37456737576969085 23141
1647522226148 0.37459577807586186 23142
1647522227542 0.37455908930537724 23143
1647522228569 0.3747363447494488 23144
1647522229651 0.3747976907039348 23145
1647522230867 0.3748792748519487 23146
1647522231960 0.3749487609611696 23147
1647522233006 0.3751138594056585 23148
1647522234287 0.37506508067484917 23149
1647522235432 0.37512290319510266 23150
1647522236417 0.37519354462506493 23151
1647522237557 0.37517770016392266 23152
1647522238761 0.37523652730034845 23153
1647522239692 0.375347007587771 23154
1647522240759 0.37540560330896694 23155
1647522241803 0.3754906484516718 23156
1647522242879 0.37552428370690905 23157
1647522243826 0.37561517407254474 23158
1647522244715 0.3757158106530619 23159
1647522245650 0.3758046433779374 23160
1647522246823 0.3757420377334732 23161
1647522248031 0.3756500512969737 23162
1647522248989 0.37569769079824095 23163
1647522250179 0.37567214406195715 23164
1647522251240 0.375678392748038 23165
1647522252300 0.3756724698153493 23166
1647522253399 0.3756696678395428 23167
1647522254394 0.3756565418220373 23168
1647522255397 0.3755881325791241 23169
1647522256401 0.3756510080516396 23170
1647522257599 0.37554866580834506 23171
1647522258705 0.37550517133615474 23172
1647522259772 0.37548297010362147 23173
1647522260861 0.3754723179695357 23174
1647522261787 0.37544651229413595 23175
1647522262605 0.37549792257274217 23176
1647522263805 0.37545667765697754 23177
1647522264717 0.3754243500495071 23178
1647522266185 0.37526449942907913 23179
1647522267307 0.3752389511497337 23180
1647522268507 0.37516750133674565 23181
1647522269663 0.3750628538649916 23182
1647522270671 0.37510344865776246 23183
1647522271993 0.3750510460189362 23184
1647522273131 0.3750361906145009 23185
1647522274040 0.37501099465126553 23186
1647522275052 0.37497236270040446 23187
1647522275959 0.37496945499243894 23188
1647522277020 0.37496999182710145 23189
1647522278472 0.3748617766032043 23190
1647522279321 0.3749027720640197 23191
1647522280731 0.3747797376345192 23192
1647522281614 0.3747836032144304 23193
1647522282706 0.3747200455646488 23194
1647522283676 0.37467710675212174 23195
1647522284564 0.37460217842883026 23196
1647522285365 0.3746193343339334 23197
1647522286338 0.3745471955604956 23198
1647522287267 0.3745458870986389 23199
1647522288476 0.37448670268896705 23200
1647522289373 0.37451473557937903 23201
1647522290519 0.3744189612797424 23202
1647522291523 0.3743520249133912 23203
1647522292433 0.37439730461516413 23204
1647522293541 0.374290204718153 23205
1647522294535 0.3743103814675001 23206
1647522295680 0.3743007483734321 23207
1647522296704 0.37426619009916173 23208
1647522297579 0.37427007679768654 23209
1647522298413 0.3743258583650837 23210
1647522299436 0.37433997685424913 23211
1647522300417 0.37435502003087723 23212
1647522301346 0.3743576270424657 23213
1647522302406 0.37433786974198063 23214
1647522303457 0.3743107095911631 23215
1647522304470 0.3743091316296894 23216
1647522305391 0.3743076238547524 23217
1647522306459 0.3742712056444537 23218
1647522307292 0.3743247449754791 23219
1647522308392 0.3742783295389919 23220
1647522309598 0.3742312977830058 23221
1647522310709 0.3741863263895798 23222
1647522311555 0.3742201635460241 23223
1647522312452 0.37422118551079886 23224
1647522313630 0.3741581286457214 23225
1647522314629 0.3741365807899508 23226
1647522315821 0.3740714862125447 23227
1647522316862 0.37398704452329573 23228
1647522317961 0.37399440907268194 23229
1647522318930 0.3740234974442337 23230
1647522319961 0.37410443957440404 23231
1647522321082 0.3741647020131485 23232
1647522322167 0.37425057621164753 23233
1647522323346 0.3743068446066031 23234
1647522324400 0.37451109432103197 23235
1647522325317 0.37470178473622606 23236
1647522326447 0.37476822311409574 23237
1647522327270 0.37488764452988205 23238
1647522328439 0.3748748891365463 23239
1647522329547 0.3749044015936304 23240
1647522330393 0.375033313791782 23241
1647522331373 0.3752211054049708 23242
1647522332440 0.37526904592911403 23243
1647522333811 0.3752569628260782 23244
1647522334788 0.37534362084413175 23245
1647522335765 0.37537589472419813 23246
1647522336916 0.3754077685505312 23247
1647522338344 0.3754151140226912 23248
1647522339511 0.3754252039269948 23249
1647522340928 0.37536867320430845 23250
1647522342018 0.3754316628752326 23251
1647522343259 0.37538212781457414 23252
1647522344361 0.3754234922384577 23253
1647522345279 0.3755573224771459 23254
1647522346193 0.3756626703761478 23255
1647522347063 0.3759014181467644 23256
1647522348057 0.3759968026385401 23257
1647522349176 0.3760274701780743 23258
1647522350583 0.3759563927460945 23259
1647522351587 0.3760516376837017 23260
1647522352647 0.3761047260531931 23261
1647522353730 0.3761668315205139 23262
1647522354846 0.3762639257892043 23263
1647522356062 0.3762844892516798 23264
1647522357024 0.376484754057634 23265
1647522358218 0.37656738647873805 23266
1647522359270 0.3766830543177679 23267
1647522360489 0.3767764124970079 23268
1647522361475 0.37692977460494764 23269
1647522362468 0.3770693790498489 23270
1647522363540 0.37723978336488007 23271
1647522364616 0.37729142399552207 23272
1647522365699 0.37742558925559644 23273
1647522366750 0.37749401480612477 23274
1647522367727 0.37761965410982873 23275
1647522369110 0.37761079265115977 23276
1647522370511 0.37758843086243093 23277
1647522371725 0.3775788755005624 23278
1647522372764 0.3776198304786524 23279
1647522373741 0.3777617628328054 23280
1647522374681 0.3779351924276726 23281
1647522375718 0.378113368796825 23282
1647522376847 0.37818152480799216 23283
1647522378119 0.37810965231923205 23284
1647522379273 0.37805698081178385 23285
1647522380596 0.3780445918789762 23286
1647522381850 0.37805077194702685 23287
1647522382880 0.37806994100927793 23288
1647522384317 0.37803323975535413 23289
1647522385583 0.3780228043153766 23290
1647522386725 0.37806199976148175 23291
1647522387862 0.3781272330682169 23292
1647522389115 0.378075832783662 23293
1647522390208 0.378083825175563 23294
1647522391234 0.3781368374542402 23295
1647522392415 0.37816227285747167 23296
1647522393455 0.37830912958049695 23297
1647522394575 0.37828858265805143 23298
1647522395854 0.37821192179341667 23299
1647522396902 0.37822457469980636 23300
1647522398038 0.37827506466220095 23301
1647522399092 0.3783348378485548 23302
1647522400226 0.3784210285187786 23303
1647522401196 0.37852224263495404 23304
1647522402210 0.3786239451236082 23305
1647522403374 0.3786802510242633 23306
1647522404459 0.3787022207497129 23307
1647522405607 0.37872599275822333 23308
1647522406398 0.37891851496078127 23309
1647522407445 0.3790050459520839 23310
1647522408817 0.3789254673748753 23311
1647522409822 0.37898720646683093 23312
1647522410814 0.37902444165389415 23313
1647522412050 0.37901387704973194 23314
1647522413114 0.37903695578754654 23315
1647522414069 0.37906513715183343 23316
1647522415133 0.3790341635184312 23317
1647522416541 0.37895808867512876 23318
1647522417511 0.37902403544967533 23319
1647522418630 0.37900914959829196 23320
1647522420048 0.3789051297914099 23321
1647522421092 0.37894815373210167 23322
1647522422219 0.37889258993022584 23323
1647522423318 0.3788379255485174 23324
1647522424412 0.3788584946911007 23325
1647522425381 0.3788922365008536 23326
1647522426443 0.37889361260474425 23327
1647522427404 0.37885209742200926 23328
1647522428475 0.37884014253084075 23329
1647522429601 0.37881393045958817 23330
1647522430530 0.3789074069047611 23331
1647522431471 0.3789476208805143 23332
1647522432648 0.3788882249221206 23333
1647522433669 0.37892899077252284 23334
1647522434837 0.37885600413984544 23335
1647522435849 0.378872037788579 23336
1647522436724 0.37896873219019156 23337
1647522437634 0.3790184318401012 23338
1647522438550 0.3790157453510694 23339
1647522439615 0.37900570549793056 23340
1647522440698 0.37895850596690417 23341
1647522441682 0.37899285100086155 23342
1647522442688 0.3790219577506554 23343
1647522443573 0.37905726760847325 23344
1647522444586 0.3791020903428986 23345
1647522445600 0.3791413586417801 23346
1647522446549 0.37923495759926673 23347
1647522447702 0.37923269015526084 23348
1647522448521 0.3792685622618975 23349
1647522449730 0.3792771686147057 23350
1647522450725 0.3793212415280405 23351
1647522451884 0.37927444619023476 23352
1647522452993 0.3792488991114937 23353
1647522454031 0.3792346702380614 23354
1647522455137 0.3792250469912289 23355
1647522456123 0.37926450302292847 23356
1647522457102 0.37926856339513476 23357
1647522458176 0.37922253952950846 23358
1647522459195 0.37927381960495843 23359
1647522460281 0.3792580039815001 23360
1647522461387 0.37921085217148554 23361
1647522462437 0.3791817448142101 23362
1647522463536 0.3791784537880401 23363
1647522464442 0.37920425389231366 23364
1647522465447 0.37921808424175946 23365
1647522466549 0.3791934012859117 23366
1647522467574 0.3791904357326861 23367
1647522468588 0.3791916672879385 23368
1647522470005 0.3790999845176646 23369
1647522471096 0.37910272833938646 23370
1647522472081 0.37912493187073554 23371
1647522473316 0.3790647142038315 23372
1647522474385 0.37903832731948744 23373
1647522475363 0.379092586379105 23374
1647522476666 0.3790418941065693 23375
1647522478020 0.37895262801206026 23376
1647522479254 0.3788822757685108 23377
1647522480356 0.3788982425468514 23378
1647522481249 0.3789578558425651 23379
1647522482455 0.37892130025645304 23380
1647522483425 0.37892678522098905 23381
1647522484429 0.3789586742536081 23382
1647522485332 0.3790600803732872 23383
1647522486289 0.3790890299897495 23384
1647522487213 0.3792292504145886 23385
1647522488608 0.37912338963767006 23386
1647522489826 0.3791795987665558 23387
1647522490891 0.3792525430718266 23388
1647522491852 0.37935752199761047 23389
1647522493299 0.37929815991634214 23390
1647522494415 0.3793353739835689 23391
1647522495631 0.3792924234159794 23392
1647522496806 0.37933129435257307 23393
1647522497776 0.3794084465120824 23394
1647522499184 0.379385119135803 23395
1647522500380 0.379373055632777 23396
1647522501861 0.3793006420394854 23397
1647522503346 0.37921834509127694 23398
1647522504709 0.3792074059870382 23399
1647522505790 0.379297571487566 23400
1647522506822 0.37930575498506097 23401
1647522508330 0.37922050862024864 23402
1647522509402 0.3793348294660801 23403
1647522510515 0.37936257339433643 23404
1647522511932 0.37930319257924017 23405
1647522513224 0.3793200044559852 23406
1647522514225 0.3794379502277546 23407
1647522515227 0.3795163476584004 23408
1647522516275 0.3795751710086594 23409
1647522517437 0.37958960697206556 23410
1647522518707 0.37952742685967583 23411
1647522520046 0.3795001836401863 23412
1647522521293 0.3795095886918716 23413
1647522522359 0.3795551390712099 23414
1647522523492 0.3796125173266518 23415
1647522524621 0.37963939071955943 23416
1647522526174 0.3795685888474047 23417
1647522527286 0.37956505224166676 23418
1647522528426 0.379529719091778 23419
1647522529521 0.3795190292939532 23420
1647522530575 0.37954500422853493 23421
1647522531585 0.3795885938812911 23422
1647522532817 0.3795357463318248 23423
1647522533912 0.37955593202900834 23424
1647522534970 0.37961852415565733 23425
1647522536400 0.3795359092148717 23426
1647522537594 0.37946531910109554 23427
1647522538702 0.37950342804998966 23428
1647522539743 0.379558831234865 23429
1647522540798 0.3796120696487846 23430
1647522541994 0.37959553375954985 23431
1647522543013 0.3796210339130852 23432
1647522544235 0.3796331020158071 23433
1647522545243 0.37970086156772154 23434
1647522545462 0.37953750440098355 23435
