1647511635757 0.5532808899879456 14322
1647511637445 0.6137009561061859 14323
1647511639839 0.5566001832485199 14324
1647511641331 0.5776923224329948 14325
1647511642711 0.5905350506305694 14326
1647511643657 0.6046717514594396 14327
1647511644665 0.6040898433753422 14328
1647511645679 0.6206368617713451 14329
1647511646744 0.6161472631825341 14330
1647511647665 0.6249663144350052 14331
1647511648752 0.6169793091037057 14332
1647511649802 0.6118890916307768 14333
1647511650791 0.6138519713511834 14334
1647511651918 0.6054313502141407 14335
1647511653434 0.586995009581248 14336
1647511654490 0.5882920771837234 14337
1647511655662 0.5841160381541532 14338
1647511657170 0.5724538515011469 14339
1647511658129 0.5730215420848445 14340
1647511659344 0.5665159180760384 14341
1647511660472 0.56484673562504 14342
1647511661663 0.5620007691058245 14343
1647511662785 0.5594782505346381 14344
1647511664180 0.5505658524731795 14345
1647511665354 0.5493912756443023 14346
1647511666485 0.5492304368661001 14347
1647511667382 0.5547247164779239 14348
1647511668554 0.5507778323122433 14349
1647511669809 0.5459487859545082 14350
1647511670938 0.5439758390188217 14351
1647511672111 0.5413727212336755 14352
1647511673139 0.5420880569145083 14353
1647511674152 0.5442296672951091 14354
1647511675439 0.5402650473748937 14355
1647511676722 0.5380889918122973 14356
1647511677906 0.5378488459520869 14357
1647511678899 0.5386809424774067 14358
1647511679883 0.540355912164638 14359
1647511681150 0.5361929719264691 14360
1647511682107 0.5399650678038597 14361
1647511683249 0.5388330824491454 14362
1647511684569 0.5362931802159264 14363
1647511685723 0.5346408590327861 14364
1647511686584 0.5358034541661089 14365
1647511687893 0.5307549364036984 14366
1647511688880 0.5329726293035175 14367
1647511690299 0.5300215533439149 14368
1647511691211 0.5318380184471607 14369
1647511692409 0.5285588898220841 14370
1647511693625 0.5267208778858185 14371
1647511694693 0.5267971754074097 14372
1647511695846 0.5262871522169846 14373
1647511696900 0.5257496012831634 14374
1647511697807 0.5283786455790201 14375
1647511698791 0.5280799042094838 14376
1647511699781 0.5313001860465322 14377
1647511701239 0.5280693042696568 14378
1647511702348 0.5280843680274898 14379
1647511703422 0.5269135721659256 14380
1647511704554 0.5276658763488133 14381
1647511705652 0.5261394918942061 14382
1647511706598 0.5270037055015564 14383
1647511707706 0.5272350897864689 14384
1647511708983 0.5258091925643384 14385
1647511710508 0.5235216016952808 14386
1647511711561 0.5225226838480342 14387
1647511712778 0.5203141756911775 14388
1647511714098 0.5189834736725863 14389
1647511715301 0.5176853731922482 14390
1647511717021 0.5180994949170521 14391
1647511718905 0.5168977123750768 14392
1647511720626 0.5171091146767139 14393
1647511721656 0.5178556870924284 14394
1647511722622 0.5170921643038053 14395
1647511723813 0.515167562564214 14396
1647511725029 0.5144047450862432 14397
1647511726022 0.5139765224673531 14398
1647511727079 0.5126851934653062 14399
1647511728155 0.5131031659585011 14400
1647511729191 0.5123563878238201 14401
1647511730309 0.5114589145889988 14402
1647511731372 0.5105656432669338 14403
1647511732817 0.507972125547478 14404
1647511733944 0.505999930202961 14405
1647511734885 0.5067049058044658 14406
1647511735830 0.5064055233500725 14407
1647511737122 0.5043644754365942 14408
1647511738281 0.5036089488051154 14409
1647511739375 0.5024922788143158 14410
1647511740469 0.5014047612746556 14411
1647511741915 0.4991430234123062 14412
1647511743025 0.49833989823641983 14413
1647511744153 0.49818287100843206 14414
1647511745206 0.49725284601779696 14415
1647511746409 0.4956097097773301 14416
1647511747284 0.49579730971405905 14417
1647511748182 0.4962940022502978 14418
1647511749163 0.49605429932779194 14419
1647511750214 0.49582839915246674 14420
1647511751172 0.4963195759057999 14421
1647511752424 0.4948177612063908 14422
1647511753351 0.4954167823581135 14423
1647511754455 0.4942460036972194 14424
1647511755466 0.4933558338536666 14425
1647511756605 0.4922104324613299 14426
1647511757727 0.4913630887584866 14427
1647511758765 0.4907229264205861 14428
1647511759765 0.4906648874834732 14429
1647511760743 0.4911912037145107 14430
1647511762191 0.48959124250845476 14431
1647511763233 0.48882716249775243 14432
1647511764396 0.4881261749459164 14433
1647511765670 0.48664178521232265 14434
1647511766570 0.48649860186535016 14435
1647511767506 0.48641043745953105 14436
1647511768579 0.4861357946848047 14437
1647511769386 0.48697163049991316 14438
1647511770657 0.4854692117137424 14439
1647511771708 0.4843762108758718 14440
1647511772878 0.482942924896876 14441
1647511774156 0.48147343308472434 14442
1647511775440 0.47983501436280424 14443
1647511776633 0.47878631537522726 14444
1647511777499 0.47862790524959564 14445
1647511778439 0.4787098400592804 14446
1647511779897 0.47692534422117566 14447
1647511780896 0.47715086730446404 14448
1647511782019 0.47671182407066226 14449
1647511783426 0.4757734590260557 14450
1647511784465 0.47503824142309337 14451
1647511785441 0.47488495502763123 14452
1647511786305 0.4753223020922054 14453
1647511787294 0.4746986302666198 14454
1647511788500 0.47340115393275645 14455
1647511789562 0.4737064116530948 14456
1647511790763 0.47251033607651205 14457
1647511791811 0.4721773651829601 14458
1647511793048 0.47099465930807416 14459
1647511793838 0.4711371411522515 14460
1647511794978 0.4705913226519312 14461
1647511795900 0.47013100918303147 14462
1647511796856 0.47037204638333385 14463
1647511797843 0.4701834037587359 14464
1647511799051 0.46858464398731786 14465
1647511800037 0.4683347818152658 14466
1647511801478 0.46727146973756895 14467
1647511802476 0.4670613536826607 14468
1647511803605 0.4661945091510141 14469
1647511804957 0.4645342515819025 14470
1647511805859 0.46440919826428095 14471
1647511807027 0.46407181685728743 14472
1647511807956 0.46413942965629856 14473
1647511808845 0.46391744405225993 14474
1647511809782 0.4638379124271405 14475
1647511810837 0.46394158649829126 14476
1647511812064 0.4633424777824145 14477
1647511813219 0.46234491059354915 14478
1647511814257 0.46209153297204003 14479
1647511815624 0.4608823777932041 14480
1647511816667 0.46025835080072286 14481
1647511817875 0.45940864021363464 14482
1647511818992 0.45856577608688376 14483
1647511820136 0.4578135544719872 14484
1647511821178 0.4576852969461825 14485
1647511822065 0.4581923749410745 14486
1647511823026 0.45780992121940633 14487
1647511824017 0.4579707208329332 14488
1647511825094 0.45747969361643 14489
1647511826074 0.45766785238268815 14490
1647511827151 0.4573502141763182 14491
1647511828108 0.4574812086876373 14492
1647511828974 0.4577480707924033 14493
1647511829993 0.45760030579360234 14494
1647511831184 0.45704667775452823 14495
1647511832619 0.45600719579628535 14496
1647511833678 0.45565949761393393 14497
1647511834628 0.4558173023206366 14498
1647511835804 0.4552029539527518 14499
1647511836704 0.4553403805254558 14500
1647511837655 0.4552214462723997 14501
1647511838872 0.4547250815024033 14502
1647511839822 0.4547653595333571 14503
1647511840758 0.4547990843083689 14504
1647511841668 0.45494137194169604 14505
1647511842635 0.45466865744139695 14506
1647511843499 0.45453611456899234 14507
1647511844462 0.4542252195869538 14508
1647511845648 0.45380684598646265 14509
1647511846729 0.453371003743202 14510
1647511847798 0.4528893352339142 14511
1647511848832 0.4525021487037549 14512
1647511849847 0.4519823307637125 14513
1647511851123 0.4515585166648262 14514
1647511852147 0.45134691425512746 14515
1647511853180 0.45143108986891234 14516
1647511854111 0.4512119406492126 14517
1647511855340 0.45068630568569684 14518
1647511856499 0.4504431431191136 14519
1647511857431 0.45047150013135306 14520
1647511858377 0.45079905577003954 14521
1647511859299 0.4505536997347922 14522
1647511860354 0.4501955583691597 14523
1647511861252 0.4505745713493507 14524
1647511862465 0.450158059085701 14525
1647511863619 0.44967879791085313 14526
1647511864631 0.44967152330192545 14527
1647511865843 0.4493949293082463 14528
1647511867314 0.44866058925310004 14529
1647511868316 0.4481950501363243 14530
1647511869353 0.4481400537348929 14531
1647511870491 0.44798782941006937 14532
1647511871289 0.448164452289073 14533
1647511872274 0.4480608048993097 14534
1647511873283 0.44838367715895733 14535
1647511874673 0.447624062036359 14536
1647511875612 0.4471118590208115 14537
1647511876950 0.4464779061518507 14538
1647511877833 0.44676070086179526 14539
1647511878887 0.44651525158043864 14540
1647511880035 0.4464081922038035 14541
1647511881546 0.4455596143169101 14542
1647511882616 0.44570788653852705 14543
1647511883523 0.4457156986265439 14544
1647511884377 0.4458589239179024 14545
1647511885216 0.44596118920379213 14546
1647511886277 0.4457316045871878 14547
1647511887341 0.44561380889709823 14548
1647511888524 0.44512069271060456 14549
1647511889717 0.44483936867599405 14550
1647511890752 0.4444307448423427 14551
1647511891684 0.4445089996506125 14552
1647511892816 0.44391834678064135 14553
1647511893748 0.4440917276133795 14554
1647511894649 0.44416218849583566 14555
1647511895515 0.44417954512099 14556
1647511896598 0.44376449204855045 14557
1647511897467 0.4440568991728473 14558
1647511898867 0.44328255832445723 14559
1647511899740 0.4433885747294047 14560
1647511900728 0.4430399651949604 14561
1647511901633 0.4432453407415216 14562
1647511902794 0.44281164852301935 14563
1647511903867 0.4426223068448251 14564
1647511904862 0.44233626243276675 14565
1647511905950 0.44197816356104247 14566
1647511907027 0.4419780746102333 14567
1647511907860 0.442458574769468 14568
1647511909096 0.44188912891812865 14569
1647511910009 0.4421882924425554 14570
1647511911126 0.44197084778547285 14571
1647511912180 0.44165393110527934 14572
1647511913344 0.4413887304327791 14573
1647511914316 0.44132979438003345 14574
1647511915792 0.4405940617984674 14575
1647511916625 0.440591369247904 14576
1647511917758 0.4402002011775039 14577
1647511918826 0.4398653868455367 14578
1647511919803 0.4399356518027394 14579
1647511920675 0.4400731741116314 14580
1647511921890 0.43964700257548917 14581
1647511923314 0.43894834884966927 14582
1647511924326 0.43877270436696425 14583
1647511925373 0.4386221781769633 14584
1647511926382 0.43882818254783296 14585
1647511927434 0.4388118934518886 14586
1647511928487 0.4386653889502798 14587
1647511929883 0.4379221605562539 14588
1647511930919 0.4377755127402384 14589
1647511931864 0.43766823228185503 14590
1647511933045 0.4372035422258907 14591
1647511933985 0.4371219214148187 14592
1647511934908 0.43719671617316846 14593
1647511935981 0.43694969416756335 14594
1647511936926 0.4368521155123293 14595
1647511937920 0.43732406133955176 14596
1647511938752 0.4374479662788951 14597
1647511940016 0.4370277124299039 14598
1647511941445 0.43655049720470857 14599
1647511942500 0.4363158938598462 14600
1647511943597 0.43641295225492543 14601
1647511944612 0.4366863415016398 14602
1647511945876 0.4362846055457778 14603
1647511946986 0.43591462107302864 14604
1647511947940 0.4358353137865033 14605
1647511948937 0.43580284991808105 14606
1647511949918 0.43573792752894486 14607
1647511951044 0.43525436380391336 14608
1647511952090 0.4350113552581105 14609
1647511953225 0.4347844041858165 14610
1647511954451 0.43452805994913496 14611
1647511955898 0.4339076172547652 14612
1647511957061 0.43377825714749835 14613
1647511958082 0.4337832183662942 14614
1647511959064 0.43398098936494517 14615
1647511960514 0.4331400299981489 14616
1647511961741 0.4327869561777727 14617
1647511962897 0.4326260227847982 14618
1647511963801 0.4330605159969938 14619
1647511964868 0.4328176517251343 14620
1647511966001 0.4325005114575227 14621
1647511967191 0.4323335940952713 14622
1647511968078 0.4327614064149509 14623
1647511969063 0.43257611296554604 14624
1647511970035 0.43278586947800296 14625
1647511971069 0.43253049347244327 14626
1647511972185 0.4323812660341169 14627
1647511973214 0.432356127844183 14628
1647511974107 0.4326657687204999 14629
1647511975080 0.4328185787189354 14630
1647511976087 0.43287238944922724 14631
1647511977067 0.4331736128142409 14632
1647511978159 0.43305931789561725 14633
1647511978990 0.43297883111257524 14634
1647511979969 0.4329191899508428 14635
1647511981049 0.432549888226721 14636
1647511982047 0.4326559294345258 14637
1647511983003 0.4326882362835791 14638
1647511983997 0.4327338220282171 14639
1647511985356 0.4323527766712781 14640
1647511986296 0.432322042202577 14641
1647511987460 0.43215841793011284 14642
1647511988371 0.4322814546664309 14643
1647511989451 0.43206903767475036 14644
1647511990671 0.43178969055966093 14645
1647511992079 0.43127655308980206 14646
1647511993101 0.4313884548888616 14647
1647511994136 0.4313243786585076 14648
1647511995274 0.431201130560622 14649
1647511996307 0.43118281571879574 14650
1647511997484 0.43081294113036356 14651
1647511998575 0.43044139516857816 14652
1647511999449 0.4306425233652075 14653
1647512000722 0.43020827808716633 14654
1647512001872 0.4297746332908819 14655
1647512002979 0.42969935229465145 14656
1647512004065 0.42953348785106626 14657
1647512005463 0.42910311284864694 14658
1647512006744 0.4288098615037619 14659
1647512007804 0.4286853827118522 14660
1647512008808 0.4284164503655013 14661
1647512010264 0.4280088731358128 14662
1647512011677 0.4276013787814051 14663
1647512012616 0.4279134854370234 14664
1647512014088 0.42744050881024015 14665
1647512015233 0.42735547738662666 14666
1647512016052 0.4277037236990267 14667
1647512017062 0.42750575945253677 14668
1647512018156 0.42739903211764907 14669
1647512019321 0.4272310005815801 14670
1647512020249 0.42716213988406315 14671
1647512021262 0.42713628514030383 14672
1647512022365 0.42701875837519765 14673
1647512023580 0.42688902026364217 14674
1647512024592 0.4268191638218481 14675
1647512025529 0.4267378008281681 14676
1647512026934 0.4263082028188732 14677
1647512028301 0.42580345072666137 14678
1647512029355 0.4255859496373704 14679
1647512030393 0.4254613971145704 14680
1647512031432 0.4255374771025446 14681
1647512032591 0.42540076449307046 14682
1647512033789 0.42514534492189715 14683
1647512034662 0.42524554135057224 14684
1647512035662 0.4253315263233342 14685
1647512036555 0.42551265399749966 14686
1647512037529 0.42579545886790165 14687
1647512038460 0.4258681037120663 14688
1647512039609 0.4261351773596328 14689
1647512040803 0.4266085862144222 14690
1647512041729 0.4274472763409486 14691
1647512042876 0.4278424248862459 14692
1647512043960 0.42854336641168084 14693
1647512045399 0.4284810391891418 14694
1647512046360 0.42937284947079135 14695
1647512047386 0.4298796873092651 14696
1647512048402 0.43031042719140966 14697
1647512049660 0.4302939915688664 14698
1647512050759 0.4304912635100582 14699
1647512051655 0.4311493278965157 14700
1647512052727 0.4312518898593752 14701
1647512053654 0.43163654740088253 14702
1647512054512 0.43200531547294235 14703
1647512055910 0.4320064870246708 14704
1647512057018 0.43200331879779696 14705
1647512058153 0.43204523859085975 14706
1647512059376 0.43197344953840877 14707
1647512060419 0.4321798065374064 14708
1647512061358 0.4325673505663872 14709
1647512062743 0.43241567247018103 14710
1647512064137 0.4324177894072655 14711
1647512065388 0.43228901301503486 14712
1647512066527 0.4322239939047366 14713
1647512067377 0.4328774461006087 14714
1647512068478 0.43306519144077593 14715
1647512069688 0.43302800587460966 14716
1647512070729 0.4331932612741836 14717
1647512071725 0.4334924690969645 14718
1647512072932 0.4334506340062798 14719
1647512073970 0.43386911733407424 14720
1647512075029 0.43405473604798317 14721
1647512075910 0.43455562508314327 14722
1647512076902 0.43474770615349956 14723
1647512077921 0.4347783569662506 14724
1647512078840 0.43523289115712194 14725
1647512080236 0.43516326090435925 14726
1647512081212 0.4354810617093382 14727
1647512082347 0.43553805951697233 14728
1647512083627 0.4357068271321409 14729
1647512084573 0.43582368946308614 14730
1647512085571 0.43616479809691266 14731
1647512086560 0.43650666814650935 14732
1647512087605 0.43666364353837317 14733
1647512088770 0.4365378176617565 14734
1647512089785 0.4367559654413214 14735
1647512091188 0.43669690590306937 14736
1647512092323 0.43679636301329505 14737
1647512093599 0.43651650442208034 14738
1647512094684 0.43648986054949784 14739
1647512095556 0.4369739478983003 14740
1647512096551 0.4371448052780969 14741
1647512097887 0.4371615894616641 14742
1647512098947 0.43735163824818146 14743
1647512100371 0.4371528349306003 14744
1647512101298 0.4373825307724611 14745
1647512102365 0.4375715053782744 14746
1647512103417 0.43782582193473135 14747
1647512104546 0.43791387217943784 14748
1647512105592 0.4380168074341578 14749
1647512106820 0.43802758245479256 14750
1647512107958 0.4380018591187721 14751
1647512109380 0.43783287306396146 14752
1647512110444 0.43786196652109977 14753
1647512111340 0.4380449852959939 14754
1647512112385 0.43817182063781723 14755
1647512113591 0.4382243971029917 14756
1647512114677 0.4382964206534788 14757
1647512115863 0.43818880252761755 14758
1647512116945 0.4381649111776047 14759
1647512117888 0.438331623962637 14760
1647512118813 0.4387641088529067 14761
1647512119837 0.4388569000086276 14762
1647512120937 0.43885998872879944 14763
1647512122035 0.43899835615879257 14764
1647512123273 0.43903428302691866 14765
1647512124445 0.4392403976301129 14766
1647512125502 0.4393330327999431 14767
1647512126512 0.43949433974505003 14768
1647512127564 0.4395417861108269 14769
1647512128446 0.4398124014879919 14770
1647512129439 0.44025477475590175 14771
1647512130544 0.44019193144436686 14772
1647512131763 0.44001317927531436 14773
1647512133116 0.43989133413790604 14774
1647512134329 0.4398267819230252 14775
1647512135231 0.44012715567599286 14776
1647512136308 0.4401738155437143 14777
1647512137132 0.4405965076624956 14778
1647512138206 0.4407249349433782 14779
1647512139351 0.44083826500346196 14780
1647512140531 0.44069585379051124 14781
1647512141698 0.44054126422731066 14782
1647512143068 0.44037941788440144 14783
1647512144213 0.4403668798457984 14784
1647512145328 0.4404390553847469 14785
1647512146415 0.44047518257171875 14786
1647512147809 0.44030980183842866 14787
1647512148930 0.4404637332391433 14788
1647512149896 0.4406408139018931 14789
1647512151115 0.4405149392990161 14790
1647512152003 0.44076981227448647 14791
1647512153411 0.44065894164350633 14792
1647512154669 0.44065072861010746 14793
1647512156050 0.4405513014526246 14794
1647512157130 0.4405520390483397 14795
1647512158246 0.4405516648919959 14796
1647512159193 0.44083485990261834 14797
1647512160280 0.440815769089093 14798
1647512161357 0.44082357905898634 14799
1647512162399 0.44094097334308263 14800
1647512163366 0.4411563782021403 14801
1647512164743 0.44107433961483644 14802
1647512166126 0.44086558368690776 14803
1647512167418 0.4406894510206969 14804
1647512168554 0.4406319339413288 14805
1647512169768 0.440507520166869 14806
1647512170879 0.44046520408043643 14807
1647512172307 0.44027171114142183 14808
1647512173267 0.44050383097568496 14809
1647512174373 0.4404271530227427 14810
1647512175260 0.44066121590380763 14811
1647512176406 0.4406891333474161 14812
1647512177465 0.4406797357691013 14813
1647512178590 0.44065486840737517 14814
1647512179787 0.4405588032263011 14815
1647512181156 0.44034006348764054 14816
1647512182580 0.4402334003919555 14817
1647512183748 0.44011074280594914 14818
1647512184856 0.4402155485976652 14819
1647512186052 0.4400193732463286 14820
1647512187337 0.43999393314123153 14821
1647512188356 0.4399078406854542 14822
1647512189535 0.44023794760979507 14823
1647512190631 0.44063647396521827 14824
1647512191941 0.4407059487014536 14825
1647512192951 0.44108303862042947 14826
1647512193954 0.441443556323353 14827
1647512194926 0.4418861094193581 14828
1647512196081 0.44211836188562276 14829
1647512197253 0.442289306220465 14830
1647512198462 0.44230543836659075 14831
1647512199447 0.44279712724359066 14832
1647512200588 0.44297749357065186 14833
1647512201661 0.44329647449722065 14834
1647512202773 0.4434978699289871 14835
1647512204012 0.4435341852382549 14836
1647512204990 0.44372693524342177 14837
1647512205974 0.4441055479086575 14838
1647512207416 0.44397590899099254 14839
1647512208386 0.44419875907530443 14840
1647512209531 0.4442473525611254 14841
1647512210605 0.4444636994840545 14842
1647512211848 0.44433998793249385 14843
1647512213067 0.4442453936568638 14844
1647512214129 0.4443483896951639 14845
1647512215235 0.4443997321810041 14846
1647512216366 0.44450762346670203 14847
1647512217630 0.44452531531142103 14848
1647512218845 0.444629689622106 14849
1647512219697 0.44511378014245423 14850
1647512220661 0.4454942623399339 14851
1647512221669 0.44581462602830874 14852
1647512222786 0.4459402710199356 14853
1647512223913 0.4460283599472404 14854
1647512225086 0.44616390357303265 14855
1647512226161 0.44619635360263216 14856
1647512227642 0.4461601792987603 14857
1647512229084 0.44601247447163034 14858
1647512230190 0.44626624195327547 14859
1647512231357 0.4463555854304602 14860
1647512232255 0.4467317142420345 14861
1647512233323 0.44681092545858375 14862
1647512234434 0.4467512768902902 14863
1647512235566 0.44677625901132656 14864
1647512236532 0.4470735512235585 14865
1647512237625 0.44724133966165946 14866
1647512239036 0.4470923687621351 14867
1647512240277 0.44702126333656866 14868
1647512241303 0.4471508213964692 14869
1647512242499 0.44713001346761844 14870
1647512243626 0.4473246816071597 14871
1647512244813 0.4474654019203463 14872
1647512246150 0.4473864653188249 14873
1647512247075 0.4476295440149566 14874
1647512248519 0.4474770533263899 14875
1647512249637 0.4475970434712934 14876
1647512250808 0.4477584186217768 14877
1647512251935 0.4478243778809183 14878
1647512253017 0.4479575807689339 14879
1647512254106 0.4479922727416794 14880
1647512255283 0.44801281818321775 14881
1647512256535 0.44787461628038405 14882
1647512257646 0.4479015411219139 14883
1647512258792 0.44810369160840186 14884
1647512260191 0.44794559695407854 14885
1647512261647 0.44775259020054237 14886
1647512262762 0.4479556282712377 14887
1647512263667 0.4482424362206165 14888
1647512264647 0.44837938270098726 14889
1647512266118 0.44819709171519756 14890
1647512267278 0.4481590211914297 14891
1647512268348 0.44820975312627137 14892
1647512269343 0.4484122427297639 14893
1647512270506 0.4484961774024664 14894
1647512271641 0.4484932868634367 14895
1647512273027 0.44828322949616806 14896
1647512274067 0.4485128196991152 14897
1647512275509 0.4483288308570042 14898
1647512276635 0.4484090011528207 14899
1647512277682 0.4486159404839465 14900
1647512278858 0.44878739236757675 14901
1647512280244 0.44870113526277 14902
1647512281222 0.44882179709644254 14903
1647512282119 0.4490432476506634 14904
1647512283140 0.44912624282583796 14905
1647512284289 0.44922665138529916 14906
1647512285417 0.4493284304292536 14907
1647512286656 0.4494614002550278 14908
1647512287793 0.4494850524530119 14909
1647512288869 0.44947955224833785 14910
1647512289777 0.4496942983340409 14911
1647512290964 0.4497372705218352 14912
1647512291987 0.44979780781510714 14913
1647512293063 0.44983829454869084 14914
1647512294101 0.4499570491538706 14915
1647512295165 0.4500337007165957 14916
1647512296324 0.45008239240054315 14917
1647512297383 0.4500974715255213 14918
1647512298493 0.4501689796563375 14919
1647512299490 0.4503117760453678 14920
1647512300589 0.4502073120077451 14921
1647512301579 0.45030830604661126 14922
1647512302796 0.45032428125804447 14923
1647512303984 0.45050084151043424 14924
1647512305039 0.4504934334695734 14925
1647512306424 0.45032661842905786 14926
1647512307394 0.4504782983867249 14927
1647512308822 0.4503561006444683 14928
1647512310197 0.4502796385633318 14929
1647512311169 0.45040673095800215 14930
1647512312264 0.45050799524197815 14931
1647512313217 0.4508495243988724 14932
1647512314294 0.45095158207650277 14933
1647512315475 0.45101591011244946 14934
1647512316526 0.45106943136123573 14935
1647512317546 0.45118320845976106 14936
1647512318896 0.4510818234608545 14937
1647512320377 0.45089168385323286 14938
1647512321414 0.45103215992836504 14939
1647512322474 0.45108889377945266 14940
1647512323459 0.4512893713289692 14941
1647512324598 0.4513384523215117 14942
1647512325724 0.45143605217673005 14943
1647512326864 0.4515223191216899 14944
1647512327933 0.4517015283688521 14945
1647512329021 0.4518005216598511 14946
1647512330145 0.4519176009935312 14947
1647512331358 0.4519829558508628 14948
1647512332463 0.4519957208614441 14949
1647512333708 0.45188539988096266 14950
1647512334985 0.45182774095308215 14951
1647512335922 0.45211864594612183 14952
1647512337356 0.4518658317908456 14953
1647512338366 0.4519677756333615 14954
1647512339552 0.451893174779904 14955
1647512340444 0.45213142173496756 14956
1647512341824 0.4519915044682581 14957
1647512342954 0.45211571398859307 14958
1647512344013 0.45221137505339976 14959
1647512345063 0.45235603133650826 14960
1647512346207 0.4524639838375151 14961
1647512347282 0.4524369149144838 14962
1647512348723 0.45226443236304964 14963
1647512349766 0.45248655003856164 14964
1647512350889 0.45256905715843165 14965
1647512352275 0.4524088075456693 14966
1647512353440 0.4524532703238744 14967
1647512354575 0.4524146126816409 14968
1647512355685 0.4524145127262598 14969
1647512357139 0.4522930697318402 14970
1647512358284 0.4523882717811144 14971
1647512359554 0.45225483549904716 14972
1647512360952 0.45202476791808943 14973
1647512362084 0.4521889008387672 14974
1647512363062 0.4523811114308302 14975
1647512364245 0.4524031298306152 14976
1647512365641 0.4521750467488678 14977
1647512366612 0.452501772700198 14978
1647512367670 0.45270128167690116 14979
1647512368810 0.4528090238842508 14980
1647512369958 0.4528170508868767 14981
1647512371072 0.4527353534359434 14982
1647512372190 0.4526643179514617 14983
1647512373588 0.45251827627465374 14984
1647512374685 0.4526343287743 14985
1647512375757 0.4527006934011789 14986
1647512376690 0.45300198411261355 14987
1647512377635 0.45319053575374196 14988
1647512378703 0.4533245820931332 14989
1647512379647 0.4536313393636313 14990
1647512380748 0.4536870004970636 14991
1647512381807 0.4537163972854614 14992
1647512383184 0.45356493988739593 14993
1647512384456 0.4534897980062958 14994
1647512385531 0.4534553866446549 14995
1647512386766 0.4533943593060529 14996
1647512387869 0.4535198100572507 14997
1647512388788 0.45370654746383826 14998
1647512389937 0.45365470401657015 14999
1647512390949 0.45381477979918466 15000
1647512392403 0.4537948199931313 15001
1647512393563 0.45399015765533224 15002
1647512394595 0.45435022014327064 15003
1647512396043 0.45434928197811847 15004
1647512397057 0.45460206474999937 15005
1647512398364 0.45455488640896596 15006
1647512399417 0.45483518111636273 15007
1647512400487 0.4550980421046156 15008
1647512401674 0.45490820705890656 15009
1647512402757 0.45492045328302205 15010
1647512403950 0.4548640702081763 15011
1647512405381 0.45472853185471507 15012
1647512406356 0.4548409144485617 15013
1647512407375 0.45498529880765887 15014
1647512408337 0.4550850330409124 15015
1647512409515 0.4551345250160574 15016
1647512410598 0.45520403540168686 15017
1647512411517 0.455358467835778 15018
1647512412602 0.45532281427806975 15019
1647512413701 0.455350672226607 15020
1647512414536 0.4555853111403329 15021
1647512415439 0.45574433351209265 15022
1647512416402 0.45590611672469356 15023
1647512417392 0.4560587757172998 15024
1647512418445 0.4560599049383944 15025
1647512419370 0.45609858099450457 15026
1647512420409 0.4560588922024449 15027
1647512421544 0.45601285212110765 15028
1647512422633 0.45610720483259964 15029
1647512423518 0.4562823101562909 15030
1647512424498 0.4564283179565215 15031
1647512425445 0.45653655223873263 15032
1647512426401 0.4566984735847859 15033
1647512427412 0.45671338026854635 15034
1647512428411 0.45681014389884905 15035
1647512429374 0.4568563840605996 15036
1647512430481 0.4567499079184825 15037
1647512431694 0.45665597882397174 15038
1647512433102 0.45639935185650266 15039
1647512434102 0.4564375184756161 15040
1647512435116 0.4564462615797917 15041
1647512436328 0.4564096327462904 15042
1647512437345 0.4564266723691592 15043
1647512438243 0.4565222208513099 15044
1647512439182 0.4566557656417894 15045
1647512440092 0.4569938034435798 15046
1647512441035 0.4570399180834615 15047
1647512441917 0.4572256640768117 15048
1647512443065 0.4571280943250263 15049
1647512443874 0.45735534894777097 15050
1647512444798 0.4574073464086611 15051
1647512445868 0.4573949238670182 15052
1647512447240 0.457257417096792 15053
1647512448381 0.4571517512791804 15054
1647512449396 0.45729533402244144 15055
1647512450458 0.457264252179334 15056
1647512451373 0.4574593830367793 15057
1647512452451 0.4574551993179839 15058
1647512453683 0.4572960268352736 15059
1647512455082 0.45722947847375367 15060
1647512456224 0.45713555619523333 15061
1647512457244 0.4571875184975494 15062
1647512458236 0.4574100478800802 15063
1647512459447 0.45735717228893313 15064
1647512460354 0.4574410848079189 15065
1647512461594 0.4573951697589567 15066
1647512462635 0.45759873707396737 15067
1647512463708 0.45778623015845477 15068
1647512464878 0.4578510935214114 15069
1647512465963 0.45789388753225074 15070
1647512466881 0.45801562440395355 15071
1647512467735 0.45821879520397213 15072
1647512468919 0.4581472741717354 15073
1647512470315 0.458016634066583 15074
1647512471224 0.45815982766429686 15075
1647512472223 0.45816162986471165 15076
1647512473320 0.4581346832334049 15077
1647512474277 0.4582526041699212 15078
1647512475180 0.45836281261374895 15079
1647512476233 0.4584207275246757 15080
1647512477313 0.45835470043514903 15081
1647512478362 0.45836827805101793 15082
1647512479189 0.45843258640897555 15083
1647512480125 0.4585352249414236 15084
1647512481041 0.4586304462080851 15085
1647512481996 0.4587091591623094 15086
1647512483002 0.4587999180776332 15087
1647512483963 0.458839323599926 15088
1647512484768 0.4591131610407804 15089
1647512485988 0.45898848419381677 15090
1647512486928 0.4590885357036219 15091
1647512487905 0.45916215041422814 15092
1647512488886 0.4592142544416566 15093
1647512489881 0.4592727711098931 15094
1647512490769 0.45944613580247845 15095
1647512491860 0.45931652861256755 15096
1647512492902 0.4593579716135546 15097
1647512493907 0.45942182184953334 15098
1647512494808 0.45961919319660316 15099
1647512495739 0.45987917959154495 15100
1647512497160 0.45968238692253066 15101
1647512498053 0.4599450072237838 15102
1647512499036 0.46001652054622044 15103
1647512500240 0.45993848398118486 15104
1647512501181 0.4601298627652684 15105
1647512502125 0.4602793335155317 15106
1647512503557 0.4600730461018686 15107
1647512504433 0.46037862064574847 15108
1647512505319 0.4604931150747435 15109
1647512506254 0.46059506806735 15110
1647512507176 0.46080761031259465 15111
1647512508094 0.4609057540085765 15112
1647512509004 0.4610238897077965 15113
1647512509936 0.4611761328702015 15114
1647512510828 0.4614627896538309 15115
1647512511758 0.4616851722669302 15116
1647512512597 0.4619736979205405 15117
1647512513580 0.4620266885051464 15118
1647512514457 0.4621525769843195 15119
1647512515499 0.46218759880794 15120
1647512516535 0.4623193387687206 15121
1647512517589 0.4623913917499833 15122
1647512518468 0.462555942689986 15123
1647512519505 0.4627432638354794 15124
1647512520613 0.46282660864775454 15125
1647512521738 0.46277215192036597 15126
1647512522734 0.46298634695356006 15127
1647512524175 0.46285025563086424 15128
1647512525365 0.4628558691849213 15129
1647512526244 0.4629298536606566 15130
1647512527191 0.4630355331264896 15131
1647512528282 0.46302486355295897 15132
1647512529157 0.46316303577035517 15133
1647512530117 0.46331757658961953 15134
1647512531118 0.46340017800542 15135
1647512532045 0.4634784462261785 15136
1647512533111 0.463500347024962 15137
1647512534243 0.46356491808354344 15138
1647512535648 0.46337860647798457 15139
1647512536756 0.4633619954152276 15140
1647512537876 0.46332275482212626 15141
1647512538824 0.4633629656375253 15142
1647512539903 0.46344157063612973 15143
1647512541062 0.4633954213717149 15144
1647512542047 0.46346767398628214 15145
1647512542979 0.46359858852444275 15146
1647512544193 0.4634337400697334 15147
1647512545345 0.46340411804175 15148
1647512546518 0.4633298186576309 15149
1647512547493 0.4634746114652608 15150
1647512548566 0.46334489914308113 15151
1647512549636 0.46328468823404234 15152
1647512550537 0.4633615773457747 15153
1647512551682 0.46330674101753966 15154
1647512552752 0.4633077797915438 15155
1647512553849 0.46328857708833887 15156
1647512554751 0.4633396419041465 15157
1647512555804 0.4633757670720418 15158
1647512556744 0.46336688926367886 15159
1647512557715 0.46337056504529195 15160
1647512558662 0.4634356693497726 15161
1647512559763 0.4634037187918755 15162
1647512560807 0.46343316282908875 15163
1647512561901 0.46334425371453997 15164
1647512563067 0.4632856275233047 15165
1647512563952 0.46344274578715217 15166
1647512565000 0.46350891842346104 15167
1647512565870 0.4635410055852415 15168
1647512566699 0.4636099204631909 15169
1647512567749 0.46357487164902883 15170
1647512568780 0.46355240039965684 15171
1647512569730 0.46362792328437824 15172
1647512570666 0.4635811059827536 15173
1647512571593 0.4636909689182134 15174
1647512572512 0.46381026701849015 15175
1647512573550 0.4638168807615314 15176
1647512574482 0.46382495412759694 15177
1647512575453 0.46391394181457396 15178
1647512576376 0.464015851834993 15179
1647512577375 0.46399869768944274 15180
1647512578765 0.46386157738607986 15181
1647512579918 0.4637602869157315 15182
1647512580837 0.46385955447525545 15183
1647512581767 0.4639792277597469 15184
1647512582855 0.4640050677375661 15185
1647512583943 0.46408945335818164 15186
1647512585087 0.4640414510395455 15187
1647512586240 0.4639959288234667 15188
1647512587150 0.464107609186579 15189
1647512588275 0.4639848875711373 15190
1647512589362 0.46397205574074013 15191
1647512590347 0.4640104880494447 15192
1647512591258 0.46405707180089906 15193
1647512592430 0.4640081090615787 15194
1647512593386 0.4640171057981539 15195
1647512594456 0.46400810997826714 15196
1647512595728 0.46383835708713966 15197
1647512596846 0.4636946464957778 15198
1647512598102 0.4636214909086466 15199
1647512599264 0.4635131658479758 15200
1647512600185 0.4636229012838819 15201
1647512601161 0.4636153801007114 15202
1647512602158 0.46361482957728595 15203
1647512603217 0.463546013406827 15204
1647512604225 0.4635902614547656 15205
1647512605261 0.4635579731504796 15206
1647512606347 0.46355984257386984 15207
1647512607395 0.4635709400846294 15208
1647512608479 0.46347978889002456 15209
1647512609405 0.46351156087908624 15210
1647512610462 0.4635900713419646 15211
1647512611462 0.46367701981739295 15212
1647512612578 0.46370164335041303 15213
1647512613678 0.46374155148813734 15214
1647512614674 0.4638219263396274 15215
1647512615794 0.46379098172960337 15216
1647512616862 0.4637316071228789 15217
1647512617890 0.4637170197772342 15218
1647512618972 0.4637188901149881 15219
1647512619816 0.46380958948968115 15220
1647512620754 0.4638050749897957 15221
1647512621852 0.4637656554860889 15222
1647512622952 0.4637010927805615 15223
1647512624157 0.46359667825540435 15224
1647512625031 0.4637068927419924 15225
1647512626221 0.4635821265081016 15226
1647512627459 0.4634298527280226 15227
1647512628421 0.4634902747029638 15228
1647512629458 0.4635256817359231 15229
1647512630389 0.46349496446033517 15230
1647512631580 0.4634259691605201 15231
1647512632496 0.463530034055825 15232
1647512633362 0.4635891703267892 15233
1647512634237 0.46363866237794976 15234
1647512635172 0.4637014972172368 15235
1647512636097 0.46377118878025825 15236
1647512637217 0.4636789544375703 15237
1647512638180 0.46370125964137693 15238
1647512639116 0.463802212496209 15239
1647512640018 0.463903386879538 15240
1647512641355 0.4637804542870625 15241
1647512642238 0.46375504634408815 15242
1647512643306 0.46375039139047364 15243
1647512644760 0.4635573077628052 15244
1647512645858 0.4635377786247245 15245
1647512647001 0.4635424632639498 15246
1647512648008 0.46354372306982333 15247
1647512648825 0.4636645598704761 15248
1647512649917 0.46362565274767836 15249
1647512651071 0.4635231451595561 15250
1647512652167 0.4634366469357603 15251
1647512653270 0.4634168105786136 15252
1647512654725 0.46328263579520035 15253
1647512655610 0.4633649390226775 15254
1647512656931 0.4632712470515127 15255
1647512657941 0.46327264669107243 15256
1647512659207 0.46314823315439063 15257
1647512660393 0.4630257508289089 15258
1647512661381 0.4629946367255152 15259
1647512662350 0.46300136036893175 15260
1647512663617 0.46281354817304204 15261
1647512664645 0.46290055968809585 15262
1647512665707 0.462838745262719 15263
1647512666540 0.4629446451699367 15264
1647512667416 0.46305497101176596 15265
1647512668351 0.4630635022801697 15266
1647512669423 0.4629840368826344 15267
1647512670408 0.46299694093001303 15268
1647512671548 0.462881558586525 15269
1647512672594 0.46284272337236193 15270
1647512673631 0.46279835111216494 15271
1647512674536 0.4627978196906241 15272
1647512675471 0.4628009668731389 15273
1647512676683 0.46272150248070204 15274
1647512677564 0.4628678798925452 15275
1647512678585 0.4628866644429911 15276
1647512679476 0.46291003906203115 15277
1647512680441 0.4630357956001876 15278
1647512681662 0.4629775469574401 15279
1647512682700 0.4629993745445335 15280
1647512683706 0.4630166486216088 15281
1647512684756 0.46302961146422156 15282
1647512685645 0.4631514732964074 15283
1647512686720 0.46320139758312073 15284
1647512687731 0.4633470338100714 15285
1647512688605 0.4634698876136325 15286
1647512690022 0.4633058687483055 15287
1647512691153 0.46329917727113384 15288
1647512692148 0.46337023115724574 15289
1647512693021 0.46354979531929835 15290
1647512694242 0.4634569403436995 15291
1647512695115 0.4635501307513024 15292
1647512696060 0.4635740594915402 15293
1647512696978 0.4637201331318466 15294
1647512697999 0.46372083003883247 15295
1647512699056 0.4637059753063398 15296
1647512699986 0.4637985072846784 15297
1647512700939 0.46384893795484894 15298
1647512702052 0.4637952478324465 15299
1647512702965 0.46390599332011634 15300
1647512703965 0.4639004570184922 15301
1647512705008 0.4638755826714328 15302
1647512706121 0.4638145590568997 15303
1647512707001 0.46387368704392246 15304
1647512707928 0.46388905101675326 15305
1647512709025 0.4638307916633974 15306
1647512709920 0.46389088787244254 15307
1647512711114 0.4638460578044014 15308
1647512712478 0.4637043016400897 15309
1647512713523 0.4636616498322289 15310
1647512714538 0.46355826899860847 15311
1647512715685 0.4635162192625186 15312
1647512716918 0.46341856076352056 15313
1647512718031 0.46335210582881053 15314
1647512719049 0.4634137273554351 15315
1647512720218 0.463418612917464 15316
1647512721418 0.4633681365105522 15317
1647512722431 0.4633743462555387 15318
1647512723378 0.46347332278449455 15319
1647512724871 0.46356233596443774 15320
1647512726363 0.4635806490778923 15321
1647512727907 0.4636060244196302 15322
1647512729204 0.46378094106615186 15323
1647512730387 0.46400658719442184 15324
1647512731875 0.46409767747400293 15325
1647512732976 0.4643132917916597 15326
1647512734138 0.4645190907283047 15327
1647512735447 0.46450718657262513 15328
1647512736467 0.46474198828495683 15329
1647512737730 0.4647357162269067 15330
1647512739127 0.4646677415264715 15331
1647512740140 0.4648754098825709 15332
1647512741219 0.4649500655739204 15333
1647512742415 0.46503838155370825 15334
1647512743504 0.465130071051022 15335
1647512744559 0.4653525035075953 15336
1647512745862 0.4652727347189986 15337
1647512747027 0.46534566307255415 15338
1647512748020 0.4654498451585151 15339
1647512749168 0.46540879951726 15340
1647512750380 0.46547071635723114 15341
1647512751320 0.46564754875820136 15342
1647512752398 0.46569734444356947 15343
1647512753444 0.46578338214961895 15344
1647512754523 0.4658138228696771 15345
1647512755484 0.465932081676111 15346
1647512756378 0.46606021631530853 15347
1647512757324 0.4661347327469154 15348
1647512758499 0.4660433940734381 15349
1647512759701 0.46591620200808703 15350
1647512760667 0.4659738597939315 15351
1647512761863 0.4659267596893237 15352
1647512762919 0.4659254938479542 15353
1647512763976 0.4659168131122977 15354
1647512765038 0.46589046958797903 15355
1647512766035 0.4658692274692554 15356
1647512766998 0.46580957215725227 15357
1647512768001 0.4658657033050302 15358
1647512769177 0.46572992659258244 15359
1647512770261 0.465664838115336 15360
1647512771282 0.4656477426680235 15361
1647512772323 0.4656613836141874 15362
1647512773205 0.46564400545008583 15363
1647512774014 0.4657059140424829 15364
1647512775197 0.46562355596900445 15365
1647512776089 0.46560615529283955 15366
1647512777526 0.4653970226787928 15367
1647512778624 0.4653637318408478 15368
1647512779798 0.4652476567519075 15369
1647512780927 0.4651246934532551 15370
1647512781911 0.46515833860351924 15371
1647512783232 0.4650794423329728 15372
1647512784378 0.46503592274034883 15373
1647512785260 0.46500456149195446 15374
1647512786281 0.4649593152063395 15375
1647512787177 0.4649771976244958 15376
1647512788241 0.4649320546198975 15377
1647512789687 0.46476014602714366 15378
1647512790543 0.46479988867145855 15379
1647512791949 0.4646248456101242 15380
1647512792829 0.4646250863120241 15381
1647512793920 0.4645240069503047 15382
1647512794892 0.4644588799743778 15383
1647512795775 0.46437166195261176 15384
1647512796581 0.464433981595855 15385
1647512797518 0.4643608816912476 15386
1647512798451 0.4643546456635334 15387
1647512799656 0.46427839103433277 15388
1647512800559 0.4643241421839271 15389
1647512801707 0.4641799466480598 15390
1647512802708 0.4640994142427623 15391
1647512803602 0.4641636010923751 15392
1647512804708 0.46401573456267814 15393
1647512805716 0.4640262253297786 15394
1647512806833 0.46399673852840617 15395
1647512807835 0.4639296676391779 15396
1647512808719 0.4639184133437043 15397
1647512809565 0.46399486931032236 15398
1647512810594 0.46401404037878113 15399
1647512811588 0.46404425685222334 15400
1647512812514 0.46407807433494813 15401
1647512813568 0.464053722331085 15402
1647512814623 0.46401638596864375 15403
1647512815655 0.4640125029910414 15404
1647512816569 0.4640178749152215 15405
1647512817651 0.4639556358761502 15406
1647512818493 0.46402828828954784 15407
1647512819610 0.46395717614708193 15408
1647512820827 0.46387623907888637 15409
1647512821958 0.4638038456877839 15410
1647512822807 0.4638653498997382 15411
1647512823708 0.46391111582271777 15412
1647512824874 0.4638173329087841 15413
1647512825877 0.46377810132361724 15414
1647512827062 0.463673641929025 15415
1647512828109 0.46356440428729473 15416
1647512829213 0.4635557810211704 15417
1647512830195 0.4635870538196894 15418
1647512831223 0.46371892463748354 15419
1647512832336 0.4637807149362087 15420
1647512833420 0.46389672777869484 15421
1647512834614 0.46395800381113894 15422
1647512835667 0.46419831212549156 15423
1647512836584 0.46445015075524504 15424
1647512837713 0.46452246109644574 15425
1647512838533 0.4646781868524681 15426
1647512839698 0.4646538709160648 15427
1647512840800 0.4646960742159157 15428
1647512841650 0.4648755155369263 15429
1647512842620 0.4651041375666292 15430
1647512843670 0.4651718110383094 15431
1647512845049 0.46513873462093297 15432
1647512846028 0.465269191338004 15433
1647512847004 0.4653120836157683 15434
1647512848147 0.4653159504625913 15435
1647512849561 0.4652772074323064 15436
1647512850737 0.4652632191029501 15437
1647512852147 0.46515483950117176 15438
1647512853240 0.46521894961648846 15439
1647512854492 0.4651459634463845 15440
1647512855573 0.4651748625561595 15441
1647512856486 0.4653117831374363 15442
1647512857350 0.46543333223903033 15443
1647512858224 0.46567461642959984 15444
1647512859221 0.4657762189829901 15445
1647512860342 0.4657849735683865 15446
1647512861745 0.46565068763272166 15447
1647512862760 0.4657326443806727 15448
1647512863782 0.4657573983443122 15449
1647512864855 0.4658206876291439 15450
1647512865961 0.46591163712792694 15451
1647512867201 0.46589359401286334 15452
1647512868160 0.46614229984502487 15453
1647512869330 0.46621633112588395 15454
1647512870373 0.4663260968063664 15455
1647512871604 0.46641991369524716 15456
1647512872574 0.46659291115864904 15457
1647512873537 0.46677419241835594 15458
1647512874597 0.4669457173305572 15459
1647512875657 0.46701227493512204 15460
1647512876739 0.4671539443626738 15461
1647512877772 0.4672346467202844 15462
1647512878721 0.4673999730634606 15463
1647512880094 0.4673734764101624 15464
1647512881482 0.4673252690296907 15465
1647512882684 0.4672807649233456 15466
1647512883712 0.46731876489587687 15467
1647512884682 0.4674832679026004 15468
1647512885618 0.46766520522612726 15469
1647512886661 0.4678574661984456 15470
1647512887783 0.4678980054544366 15471
1647512889047 0.467793913948132 15472
1647512890198 0.46773201002118486 15473
1647512891525 0.4676905617647758 15474
1647512892781 0.46768233562259576 15475
1647512893805 0.4676813689661232 15476
1647512895242 0.4676075270431677 15477
1647512896512 0.46755778866795084 15478
1647512897678 0.4675923621922165 15479
1647512898788 0.46765588448930134 15480
1647512900034 0.4675786839220031 15481
1647512901133 0.46758945600725677 15482
1647512902154 0.46763811872153194 15483
1647512903306 0.467659444411254 15484
1647512904294 0.4678376166476417 15485
1647512905388 0.46780401204788635 15486
1647512906646 0.467695430304542 15487
1647512907662 0.4677248729429596 15488
1647512908810 0.46776884605419145 15489
1647512909853 0.4678300014920883 15490
1647512910949 0.46792230662117656 15491
1647512911901 0.4680749002325545 15492
1647512912868 0.4681876564188622 15493
1647512914042 0.46823214534400165 15494
1647512915077 0.46824159984694225 15495
1647512916207 0.46825841941732044 15496
1647512916985 0.4685280084052459 15497
1647512918018 0.46863628276952163 15498
1647512919355 0.46852678050411983 15499
1647512920340 0.46861501094949154 15500
1647512921315 0.4686413186333947 15501
1647512922519 0.4686093650613166 15502
1647512923564 0.4686480793099718 15503
1647512924501 0.4686582942988443 15504
1647512925547 0.4686132791024205 15505
1647512926930 0.4684895825285449 15506
1647512927911 0.468554713523006 15507
1647512929038 0.4685284998754342 15508
1647512930436 0.4683741850383354 15509
1647512931467 0.4684222564163882 15510
1647512932583 0.4683472977716382 15511
1647512933662 0.46828345585329806 15512
1647512934734 0.46831125658530515 15513
1647512935671 0.4683587453441268 15514
1647512936701 0.46837139506535713 15515
1647512937645 0.4683374005630924 15516
1647512938704 0.4683177026368703 15517
1647512939815 0.4682881113829569 15518
1647512940731 0.4684110641827766 15519
1647512941670 0.4684697658295826 15520
1647512942844 0.46840032073358695 15521
1647512943848 0.4684711470641661 15522
1647512944998 0.46837531583083053 15523
1647512945997 0.4684047340256714 15524
1647512946864 0.468538694355971 15525
1647512947764 0.4686049612725919 15526
1647512948668 0.4686455861055238 15527
1647512949724 0.4686351711827067 15528
1647512950803 0.4685888747801844 15529
1647512951766 0.46865677207437206 15530
1647512952763 0.468687702850862 15531
1647512953647 0.46876377940276354 15532
1647512954662 0.46884647159293147 15533
1647512955648 0.46891122353735387 15534
1647512956579 0.4690519544300569 15535
1647512957695 0.4690429552592368 15536
1647512958519 0.4691487604654149 15537
1647512959690 0.4691474801365626 15538
1647512960668 0.46922517520159923 15539
1647512961785 0.4691741473123223 15540
1647512962876 0.4691522029579663 15541
1647512963902 0.46912076158859417 15542
1647512964981 0.46910769144856596 15543
1647512965932 0.4691458063006693 15544
1647512966882 0.46917643288479133 15545
1647512967937 0.4691390822371658 15546
1647512968935 0.4692175128720518 15547
1647512969995 0.46920237248761926 15548
1647512971075 0.469146827702996 15549
1647512972111 0.4691218838059291 15550
1647512973185 0.46911376852814746 15551
1647512974079 0.4691678413668849 15552
1647512975055 0.4691744569156851 15553
1647512976146 0.46912936031189956 15554
1647512977153 0.4691254388377964 15555
1647512978138 0.46911576030708035 15556
1647512979529 0.46899475285054026 15557
1647512980583 0.4689843959883518 15558
1647512981529 0.4690290003629802 15559
1647512982730 0.46894670492511686 15560
1647512983758 0.468905302786058 15561
1647512984714 0.4689242275226126 15562
1647512985970 0.4688254023231746 15563
1647512987335 0.4686853764331446 15564
1647512988540 0.4685852139756994 15565
1647512989641 0.4685684283335046 15566
1647512990506 0.4686739001524774 15567
1647512991697 0.4686243727432792 15568
1647512992626 0.4686390132858203 15569
1647512993593 0.46868864797037824 15570
1647512994501 0.4687965172290802 15571
1647512995458 0.46885267207376674 15572
1647512996356 0.4690437217394765 15573
1647512997738 0.4688950223106436 15574
1647512998935 0.4689606926990658 15575
1647512999984 0.4690441125180142 15576
1647513000924 0.46917771033135947 15577
1647513002365 0.46908356523172384 15578
1647513003484 0.46913536203305556 15579
1647513004713 0.4690851045800543 15580
1647513005898 0.4691265358101754 15581
1647513006861 0.46925478462280495 15582
1647513008247 0.4692105634607339 15583
1647513009451 0.4691851415383089 15584
1647513010933 0.4690780461164592 15585
1647513012386 0.4689707308418666 15586
1647513013773 0.468936525155771 15587
1647513014893 0.46905824662007584 15588
1647513015934 0.4690686757632235 15589
1647513017438 0.46894404531652484 15590
1647513018464 0.4690991180853581 15591
1647513019571 0.46912858176193867 15592
1647513020957 0.46903849641482037 15593
1647513022283 0.4690383940537146 15594
1647513023285 0.4691874018550106 15595
1647513024252 0.46928434442071354 15596
1647513025319 0.46936433923468696 15597
1647513026453 0.46936198294209425 15598
1647513027709 0.4692743743342786 15599
1647513029035 0.469218933694152 15600
1647513030263 0.4692284753778949 15601
1647513031338 0.4692645602213229 15602
1647513032461 0.4693356350459472 15603
1647513033579 0.4693357927299345 15604
1647513035108 0.4692294813483675 15605
1647513036208 0.4692431746057963 15606
1647513037329 0.4692005248824323 15607
1647513038417 0.4692149191932708 15608
1647513039461 0.4692619707180847 15609
1647513040482 0.4693383997128489 15610
1647513041722 0.46928198381449826 15611
1647513042787 0.4693174661590922 15612
1647513043837 0.4694062120543545 15613
1647513045210 0.4692888879444096 15614
1647513046403 0.46920835308534836 15615
1647513047522 0.4692941666569949 15616
1647513048554 0.46937943153359274 15617
1647513049611 0.4694493999367231 15618
1647513050842 0.46943209383447293 15619
1647513051864 0.4694949629859249 15620
1647513053061 0.469504801928997 15621
1647513054089 0.46960740472883744 15622
1647513054283 0.4694433703492131 15623
