1647524304590 0.42337939143180847 24738
1647524306229 0.46823982894420624 24739
1647524307889 0.4274486203988393 24740
1647524309249 0.43258507549762726 24741
1647524311163 0.44176446199417113 24742
1647524312170 0.44396238029003143 24743
1647524313170 0.44676507796560017 24744
1647524314175 0.45653316006064415 24745
1647524315238 0.4527370697922177 24746
1647524316158 0.46143785417079924 24747
1647524317229 0.4567668708887967 24748
1647524318272 0.4534207259615262 24749
1647524319265 0.4553756553393144 24750
1647524320395 0.4485108937535967 24751
1647524321926 0.43671497305234275 24752
1647524322999 0.43727174773812294 24753
1647524324158 0.4342703153105343 24754
1647524325677 0.4266536881526311 24755
1647524326660 0.4272946652613188 24756
1647524327880 0.422978600859642 24757
1647524329018 0.4212420824028197 24758
1647524330210 0.41957588629289105 24759
1647524331366 0.417071345059768 24760
1647524332751 0.4104926163951556 24761
1647524333928 0.4105140519142151 24762
1647524335056 0.4104281308559271 24763
1647524335961 0.41282202027462145 24764
1647524337090 0.4103934200746672 24765
1647524338350 0.40682582094751557 24766
1647524339491 0.4061091959476471 24767
1647524340600 0.40429446293461707 24768
1647524341650 0.4036413822323084 24769
1647524342677 0.40419106501521485 24770
1647524343990 0.4022139722810072 24771
1647524345270 0.40083863394601005 24772
1647524346467 0.40113016383515465 24773
1647524347463 0.40174686989268743 24774
1647524348454 0.4029462180639568 24775
1647524349729 0.4001780457985707 24776
1647524350689 0.4029180631041527 24777
1647524351853 0.4019464043582358 24778
1647524353138 0.4007581663983209 24779
1647524354326 0.39988558375558186 24780
1647524355189 0.40047930451956665 24781
1647524356526 0.3971662203470866 24782
1647524357493 0.3988454613996589 24783
1647524358907 0.39714903844163774 24784
1647524359823 0.39829833433032036 24785
1647524361001 0.3962913544810548 24786
1647524362205 0.395328329205513 24787
1647524363266 0.3955475273085575 24788
1647524364441 0.39526052658374494 24789
1647524365495 0.3950276937124864 24790
1647524366406 0.39686717920833164 24791
1647524367360 0.3963218309662559 24792
1647524368359 0.3982111556189401 24793
1647524369810 0.3963302332058288 24794
1647524370898 0.39625109629384403 24795
1647524371956 0.39550986886024475 24796
1647524373078 0.3959829330444336 24797
1647524374185 0.3951033392890555 24798
1647524375134 0.3956239112923222 24799
1647524376249 0.395467158820894 24800
1647524377515 0.39456569869071245 24801
1647524379075 0.3931993475327125 24802
1647524380123 0.39223407344384625 24803
1647524381348 0.39057886289126836 24804
1647524382656 0.3898953278275097 24805
1647524383820 0.3891752090143121 24806
1647524384833 0.3897674420050212 24807
1647524386020 0.38903589861493715 24808
1647524387159 0.3889319900837209 24809
1647524388177 0.38951069198242605 24810
1647524389150 0.3888196147776939 24811
1647524390353 0.3873072350025177 24812
1647524391591 0.3868931626018725 24813
1647524392592 0.38667843945614705 24814
1647524393640 0.3855086163832591 24815
1647524394695 0.38557194380820553 24816
1647524395706 0.385033580288291 24817
1647524396799 0.38459104152373325 24818
1647524397846 0.3839232616308259 24819
1647524399281 0.38228181794465305 24820
1647524400404 0.3807959432403247 24821
1647524401370 0.3812247370972353 24822
1647524402319 0.3809817641280418 24823
1647524403611 0.3795780984834693 24824
1647524404781 0.37907787175341084 24825
1647524406191 0.3782357456309072 24826
1647524407287 0.37750480837292144 24827
1647524408731 0.37621865691719475 24828
1647524409843 0.3756306177896002 24829
1647524410965 0.3754515596615371 24830
1647524412042 0.37463405601521754 24831
1647524413227 0.37362902321313557 24832
1647524414124 0.3738125053544839 24833
1647524415009 0.3737600740698195 24834
1647524416008 0.37367354546274456 24835
1647524417060 0.3733467420544287 24836
1647524418022 0.3735789883136749 24837
1647524419259 0.37260619897653563 24838
1647524420214 0.372721205739414 24839
1647524421326 0.37188763728419555 24840
1647524422364 0.3711025465566378 24841
1647524423504 0.37044704130717687 24842
1647524424654 0.3699528642420499 24843
1647524425687 0.36947703807153437 24844
1647524426718 0.369388402612121 24845
1647524427684 0.3695077688322155 24846
1647524429144 0.36847168451005763 24847
1647524430177 0.3678588445659156 24848
1647524431337 0.3672916048339435 24849
1647524432596 0.366289814752815 24850
1647524433493 0.3659683343088418 24851
1647524434423 0.36582915238712144 24852
1647524435489 0.36560176235848457 24853
1647524436302 0.36587903030917174 24854
1647524437553 0.36492001151634473 24855
1647524438595 0.3640778427865325 24856
1647524439767 0.36313153331478437 24857
1647524441037 0.3621525720131299 24858
1647524442302 0.3610884792736319 24859
1647524443491 0.36037971563940124 24860
1647524444350 0.35987017147483363 24861
1647524445281 0.35973782098293305 24862
1647524446710 0.35849064647678347 24863
1647524447706 0.35867601105078 24864
1647524448812 0.35845779010560364 24865
1647524450194 0.35788538047047547 24866
1647524451272 0.35731439670691123 24867
1647524452235 0.35709281811732374 24868
1647524453113 0.35722096411116194 24869
1647524454098 0.3565770462715536 24870
1647524455311 0.3556224180024062 24871
1647524456364 0.3557831127334524 24872
1647524457568 0.3549413158393958 24873
1647524458617 0.35483336851109554 24874
1647524459862 0.35401864965324814 24875
1647524460656 0.3538513090327489 24876
1647524461809 0.35346644169517927 24877
1647524462717 0.35307002500862095 24878
1647524463694 0.3531577701509838 24879
1647524464676 0.35289343618429625 24880
1647524465908 0.3518284811741776 24881
1647524466894 0.3516842611904802 24882
1647524468340 0.3510370707675202 24883
1647524469328 0.35094959334451326 24884
1647524470457 0.3503115183195552 24885
1647524471813 0.3492181392124035 24886
1647524472680 0.34902478943268456 24887
1647524473829 0.3489159828187614 24888
1647524474750 0.34899509845203475 24889
1647524475640 0.34861958582027286 24890
1647524476588 0.3484252868341161 24891
1647524477639 0.3484612017869949 24892
1647524478867 0.3480576113439523 24893
1647524480018 0.3474114698589228 24894
1647524481056 0.3471539267633535 24895
1647524482410 0.34640123503013226 24896
1647524483462 0.3460023183375597 24897
1647524484696 0.3454019887291867 24898
1647524485819 0.34478994376129574 24899
1647524486965 0.3443623578255893 24900
1647524487989 0.3443060682677641 24901
1647524488870 0.34464547634124754 24902
1647524489833 0.3443048827978502 24903
1647524490817 0.34445027676885 24904
1647524491901 0.34406542121654465 24905
1647524492875 0.34415585419835426 24906
1647524493957 0.3440119350657744 24907
1647524494917 0.3441443507782897 24908
1647524495803 0.34419370910456015 24909
1647524496837 0.34412206425143116 24910
1647524498032 0.343713301180423 24911
1647524499472 0.3430506198746818 24912
1647524500528 0.3428134098649025 24913
1647524501478 0.3429040516500419 24914
1647524502652 0.34259612891781194 24915
1647524503546 0.3428162334684553 24916
1647524504483 0.3425721800989575 24917
1647524505715 0.3423345813435086 24918
1647524506663 0.3423154979616731 24919
1647524507595 0.3422861656204599 24920
1647524508511 0.3424827399785104 24921
1647524509469 0.3422647302215164 24922
1647524510334 0.34214150472994775 24923
1647524511313 0.3419613003093291 24924
1647524512512 0.34166251757043475 24925
1647524513603 0.34137524719591494 24926
1647524514687 0.34105681980911057 24927
1647524515717 0.34071339409388796 24928
1647524516728 0.34034327914317447 24929
1647524518003 0.34016724062089476 24930
1647524519007 0.34011534778113217 24931
1647524520044 0.3401435986543313 24932
1647524520971 0.33992744678137254 24933
1647524522197 0.33964355584933675 24934
1647524523364 0.33960241275002256 24935
1647524524292 0.3394904490092292 24936
1647524525259 0.3396924576163292 24937
1647524526193 0.3394793979267576 24938
1647524527251 0.3391833516335723 24939
1647524528151 0.3394124575436409 24940
1647524529373 0.3392021834265952 24941
1647524530529 0.3389127972649365 24942
1647524531561 0.3388447538741584 24943
1647524532619 0.3386955405203041 24944
1647524534086 0.33823664536556375 24945
1647524535095 0.33786773061353054 24946
1647524536143 0.3377912029623985 24947
1647524537277 0.33774696982584856 24948
1647524538073 0.3376689740931088 24949
1647524539064 0.3376577029905409 24950
1647524540110 0.3378930006211049 24951
1647524541483 0.33740698161513305 24952
1647524542421 0.33706907534764874 24953
1647524543766 0.3366508755815743 24954
1647524544641 0.33687703434480437 24955
1647524545701 0.33668592926029745 24956
1647524546849 0.33671655289151453 24957
1647524548322 0.33616526984521167 24958
1647524549381 0.33623637124761807 24959
1647524550308 0.33621682727818 24960
1647524551163 0.33624976633914877 24961
1647524552033 0.3362815433078342 24962
1647524553076 0.3360514675093963 24963
1647524554126 0.3359721818947057 24964
1647524555296 0.3356788515260345 24965
1647524556519 0.335462760586926 24966
1647524557556 0.3350972498240678 24967
1647524558496 0.33508633947991706 24968
1647524559634 0.3346532813819318 24969
1647524560582 0.33479346360515627 24970
1647524561486 0.3348996699747876 24971
1647524562366 0.33489785188056054 24972
1647524563447 0.3346122510226096 24973
1647524564348 0.3348300177210997 24974
1647524565756 0.3343406543135643 24975
1647524566653 0.33426729935731847 24976
1647524567648 0.334000132791698 24977
1647524568552 0.3341466735631104 24978
1647524569709 0.3338940002578349 24979
1647524570800 0.33376574804508147 24980
1647524571799 0.33355601443374744 24981
1647524572963 0.33335554849128335 24982
1647524574044 0.3334255498962674 24983
1647524574889 0.33357473115930675 24984
1647524576118 0.33317072893823346 24985
1647524577045 0.3333567439552292 24986
1647524578150 0.33320568859577177 24987
1647524579222 0.3330354593189589 24988
1647524580369 0.3329004088327998 24989
1647524581350 0.3329327411566798 24990
1647524582792 0.33247136131046323 24991
1647524583622 0.33241437790440576 24992
1647524584745 0.3321145260706544 24993
1647524585807 0.3318785289846042 24994
1647524586782 0.33190299177816673 24995
1647524587652 0.331960897072862 24996
1647524588851 0.33170435978816104 24997
1647524590249 0.3312263404272525 24998
1647524591260 0.33109468096540173 24999
1647524592297 0.331000435261672 25000
1647524593258 0.331185498472416 25001
1647524594305 0.3312341092892413 25002
1647524595346 0.3311363300658706 25003
1647524596733 0.33065285352285434 25004
1647524597796 0.3305643960388739 25005
1647524598744 0.33048617152919557 25006
1647524599919 0.33017586646256625 25007
1647524600848 0.33021928364500347 25008
1647524601791 0.33026385066263814 25009
1647524602862 0.33012583731731654 25010
1647524603840 0.33002346329880455 25011
1647524604831 0.3303619788993489 25012
1647524605665 0.3302807878108992 25013
1647524606919 0.330018759526931 25014
1647524608330 0.329692639624901 25015
1647524609383 0.32950178702031413 25016
1647524610489 0.329625993807401 25017
1647524611496 0.32977862847021044 25018
1647524612759 0.32952895100023727 25019
1647524613784 0.3292759953349723 25020
1647524614734 0.3292058270267198 25021
1647524615720 0.32917038155229467 25022
1647524616697 0.3291083205934171 25023
1647524617830 0.3287226506849615 25024
1647524618873 0.3284786529839039 25025
1647524620007 0.3283179943743049 25026
1647524621232 0.3281731987821645 25027
1647524622675 0.32777274714917254 25028
1647524623801 0.32770682437575027 25029
1647524624836 0.32772284975027466 25030
1647524625819 0.32784738148353537 25031
1647524627291 0.3272802178637456 25032
1647524628508 0.32702587358653545 25033
1647524629661 0.32693787069633756 25034
1647524630563 0.3271248332106027 25035
1647524631625 0.32695369771292376 25036
1647524632753 0.3266972249249617 25037
1647524633911 0.32659506347290307 25038
1647524634836 0.3268749709456962 25039
1647524635832 0.32675319875624315 25040
1647524636824 0.32691733808697837 25041
1647524637848 0.3267087559719555 25042
1647524638937 0.3266179401403159 25043
1647524639959 0.32661206496072515 25044
1647524640861 0.3268813842593075 25045
1647524641818 0.32693077691357497 25046
1647524642807 0.3269088735984218 25047
1647524643753 0.3271182729021146 25048
1647524644839 0.32704810946224594 25049
1647524645664 0.3269425484414299 25050
1647524646631 0.32690358536828096 25051
1647524647713 0.32660095034137604 25052
1647524648673 0.3266135940351818 25053
1647524649620 0.32668960399996216 25054
1647524650600 0.3267437774898871 25055
1647524651972 0.32645993845589855 25056
1647524652899 0.32635947624221445 25057
1647524654024 0.3262267042171918 25058
1647524654930 0.32628558085571907 25059
1647524656002 0.32616878229398105 25060
1647524657207 0.32595570937350943 25061
1647524658605 0.3255787998896379 25062
1647524659638 0.32565576231187104 25063
1647524660666 0.3256285310885228 25064
1647524661810 0.32563975853164023 25065
1647524662854 0.32560365404763847 25066
1647524663995 0.32531091968218484 25067
1647524665087 0.3250502359651007 25068
1647524665971 0.32518637665064937 25069
1647524667221 0.3248857870116248 25070
1647524668377 0.32456654591296247 25071
1647524669473 0.32449642495432895 25072
1647524670549 0.3243419789221315 25073
1647524671918 0.32409012476839016 25074
1647524673198 0.3238923585802846 25075
1647524674271 0.3237805050031274 25076
1647524675261 0.3236099055584739 25077
1647524676736 0.32335342396913735 25078
1647524678144 0.3231046504357405 25079
1647524679063 0.32329538729552276 25080
1647524680500 0.32300425394503185 25081
1647524681634 0.32297802113968394 25082
1647524682457 0.32307712574397895 25083
1647524683449 0.32293715364479536 25084
1647524684555 0.32293446571833784 25085
1647524685709 0.32280856810702296 25086
1647524686656 0.3227293009843145 25087
1647524687669 0.32277954231809686 25088
1647524688791 0.32268682058731263 25089
1647524689990 0.32262035296760266 25090
1647524691001 0.32257046685212076 25091
1647524691938 0.32250018854376294 25092
1647524693350 0.32223894547545506 25093
1647524694716 0.3219137404228793 25094
1647524695773 0.32173005882754674 25095
1647524696836 0.32167697670898066 25096
1647524697851 0.3216997204969327 25097
1647524699002 0.32161215463668685 25098
1647524700194 0.321438149152869 25099
1647524701087 0.32152961137045183 25100
1647524702088 0.3215762056246564 25101
1647524702995 0.32172808814538667 25102
1647524703942 0.32190425201354783 25103
1647524704847 0.32197551745972125 25104
1647524706008 0.32216782369853364 25105
1647524707192 0.3225864962268328 25106
1647524708104 0.32312855885640995 25107
1647524709208 0.32343731732220665 25108
1647524710282 0.32398758776566033 25109
1647524711741 0.3240155466999509 25110
1647524712683 0.3246211013931004 25111
1647524713683 0.3249546185731888 25112
1647524714699 0.3252724725753069 25113
1647524715968 0.3252907537259853 25114
1647524717061 0.32540544327447024 25115
1647524717951 0.3258044885220817 25116
1647524719022 0.3259143516029182 25117
1647524719941 0.3261205101498156 25118
1647524720807 0.32636560745420257 25119
1647524722244 0.32643013091529316 25120
1647524723349 0.32647937097741914 25121
1647524724449 0.32655733510271295 25122
1647524725663 0.3265577887855663 25123
1647524726704 0.3267453169252829 25124
1647524727633 0.32700916867434365 25125
1647524729014 0.3269227391113659 25126
1647524730412 0.3269928441215784 25127
1647524731665 0.32689531109369624 25128
1647524732794 0.326851896295438 25129
1647524733643 0.3272685013123748 25130
1647524734738 0.3273998619563083 25131
1647524735948 0.32737755168087873 25132
1647524736989 0.3274591938790047 25133
1647524737982 0.32766854316371513 25134
1647524739173 0.3276336406118906 25135
1647524740232 0.3279177186856593 25136
1647524741297 0.32805230807513 25137
1647524742197 0.3283250879988706 25138
1647524743186 0.3284136437583919 25139
1647524744204 0.32842074763538226 25140
1647524745125 0.32870039546696267 25141
1647524746521 0.32865653247744947 25142
1647524747488 0.3288638104725941 25143
1647524748639 0.328914939149006 25144
1647524749786 0.32901751144113495 25145
1647524750759 0.3291212113023096 25146
1647524751757 0.32937641183777555 25147
1647524752768 0.329552686381224 25148
1647524753813 0.329649707609878 25149
1647524754977 0.3295827789038203 25150
1647524755990 0.3296897683814528 25151
1647524757417 0.32969546853059745 25152
1647524758555 0.32979984950417507 25153
1647524759824 0.32962886388782114 25154
1647524760908 0.32962668173763743 25155
1647524761774 0.3298890744658245 25156
1647524762774 0.32997356919305665 25157
1647524764124 0.3299921522726639 25158
1647524765215 0.33009938355446994 25159
1647524766631 0.3299807699366382 25160
1647524767563 0.33004523922671686 25161
1647524768628 0.33021622149383323 25162
1647524769672 0.3303938981303027 25163
1647524770802 0.33044678053057447 25164
1647524771850 0.330502515188723 25165
1647524773066 0.3305177064417125 25166
1647524774204 0.3305452230018239 25167
1647524775624 0.3304377968861719 25168
1647524776697 0.33047302933064876 25169
1647524777604 0.33059677856761366 25170
1647524778650 0.3307358967612416 25171
1647524779876 0.33080830933718847 25172
1647524780958 0.33089540833863645 25173
1647524782160 0.330879395593222 25174
1647524783232 0.33089654729382634 25175
1647524784170 0.3309990665567763 25176
1647524785079 0.3313174223696644 25177
1647524786131 0.3314018551927575 25178
1647524787221 0.33138838521630515 25179
1647524788312 0.3314808633001879 25180
1647524789538 0.3315875020448689 25181
1647524790717 0.33179022760203714 25182
1647524791779 0.3318619743123183 25183
1647524792753 0.33197462168715947 25184
1647524793808 0.33204377818453523 25185
1647524794680 0.33220287974932144 25186
1647524795667 0.3325916085971726 25187
1647524796781 0.332555991153495 25188
1647524798034 0.3324747947003462 25189
1647524799382 0.3324378063412955 25190
1647524800574 0.33248357215510593 25191
1647524801526 0.33267790403339886 25192
1647524802611 0.33270042850390863 25193
1647524803437 0.3330003903848598 25194
1647524804529 0.33308651604116224 25195
1647524805653 0.3331683034276131 25196
1647524806895 0.3331328924259414 25197
1647524808062 0.33305949596546736 25198
1647524809431 0.332996317286254 25199
1647524810591 0.3330413010735749 25200
1647524811792 0.3331161863652283 25201
1647524812877 0.3331609987763948 25202
1647524814280 0.3330710244728772 25203
1647524815408 0.3332151948320789 25204
1647524816385 0.33338684044205225 25205
1647524817622 0.3333226874121217 25206
1647524818527 0.3334770397619998 25207
1647524819942 0.3334397077876798 25208
1647524821213 0.3334650864856223 25209
1647524822595 0.33345230572697476 25210
1647524823676 0.33347968037244136 25211
1647524824792 0.3334848714188526 25212
1647524825706 0.3337021551149733 25213
1647524826805 0.33370316494061014 25214
1647524827887 0.33374803924785 25215
1647524828961 0.3338966325765363 25216
1647524829933 0.33404296323036153 25217
1647524831292 0.33403583763171135 25218
1647524832693 0.3339554362957408 25219
1647524833992 0.3338944360644674 25220
1647524835124 0.33389666802750145 25221
1647524836328 0.33381735660980655 25222
1647524837476 0.3338173684575921 25223
1647524838889 0.33371363109019747 25224
1647524839845 0.33389875246975265 25225
1647524840941 0.333900785245047 25226
1647524841869 0.33405346873463415 25227
1647524843030 0.3341103557595896 25228
1647524844079 0.33414170730525883 25229
1647524845211 0.3341780392260387 25230
1647524846396 0.3341256656687752 25231
1647524847829 0.3340054874769365 25232
1647524849242 0.33399102737706515 25233
1647524850411 0.33394445532884154 25234
1647524851543 0.3340709600522815 25235
1647524852770 0.33395422308263417 25236
1647524854083 0.33397439649701116 25237
1647524855102 0.333950518758711 25238
1647524856298 0.33423194066580547 25239
1647524857456 0.33462588346857675 25240
1647524858728 0.3347497990147935 25241
1647524859742 0.3350984054921877 25242
1647524860744 0.3353923684935796 25243
1647524861719 0.3357153934898696 25244
1647524862878 0.33594205438738733 25245
1647524864056 0.33606802173002764 25246
1647524865285 0.33612466077594194 25247
1647524866286 0.33656801271695214 25248
1647524867457 0.33672101705451496 25249
1647524868560 0.33699609455425605 25250
1647524869679 0.33726628272565884 25251
1647524870938 0.33736420461853733 25252
1647524871919 0.3374868437012499 25253
1647524872922 0.33776921336494053 25254
1647524874372 0.33772062268611547 25255
1647524875344 0.33797029272324774 25256
1647524876500 0.3380258168452061 25257
1647524877634 0.33821935900227806 25258
1647524878882 0.3381763052380862 25259
1647524880101 0.3381523546080744 25260
1647524881174 0.3382126148932308 25261
1647524882276 0.33829586281662893 25262
1647524883401 0.3384303512625368 25263
1647524884667 0.3385074026953337 25264
1647524885880 0.3386609163981947 25265
1647524886706 0.33900472338686366 25266
1647524887831 0.3392510493690113 25267
1647524888821 0.33949480226821144 25268
1647524889928 0.33961580987823636 25269
1647524891044 0.3396861314717645 25270
1647524892188 0.3398378016741088 25271
1647524893267 0.3399103768796564 25272
1647524894729 0.33994109030646175 25273
1647524896171 0.33990276128997127 25274
1647524897203 0.34017269892209523 25275
1647524898373 0.340346355025755 25276
1647524899262 0.3406352532406648 25277
1647524900321 0.3407468836265659 25278
1647524901427 0.34079955988374583 25279
1647524902568 0.3408827913674641 25280
1647524903557 0.3412149473203017 25281
1647524904656 0.3414475599286753 25282
1647524906093 0.3414253944278637 25283
1647524907299 0.3414141901068975 25284
1647524908316 0.34152282815236246 25285
1647524909498 0.34160344394938325 25286
1647524910623 0.34185375238006765 25287
1647524911817 0.34199558431029103 25288
1647524913173 0.34198538675580337 25289
1647524914117 0.3422119833299954 25290
1647524915541 0.34217273217999117 25291
1647524916668 0.3423605911098085 25292
1647524917832 0.34254949231692355 25293
1647524918957 0.34264767852142 25294
1647524920006 0.3427818944964785 25295
1647524921074 0.3428823094088618 25296
1647524922232 0.3429258135546531 25297
1647524923464 0.3428641887325229 25298
1647524924585 0.3429348811613283 25299
1647524925733 0.3431147014851257 25300
1647524927123 0.3430327364897474 25301
1647524928563 0.3429358200425595 25302
1647524929671 0.3431430785742328 25303
1647524930596 0.3433876314859121 25304
1647524931572 0.3435191550672474 25305
1647524933049 0.34343466579076065 25306
1647524934202 0.3434915538158333 25307
1647524935271 0.3435732297690654 25308
1647524936275 0.34376406036577856 25309
1647524937408 0.34387145151122495 25310
1647524938525 0.343940251873553 25311
1647524939922 0.3438467693588008 25312
1647524940985 0.34407907514832914 25313
1647524942447 0.34400565612357453 25314
1647524943586 0.3441405876130381 25315
1647524944639 0.3443496791140815 25316
1647524945822 0.3445145757804657 25317
1647524947215 0.34451235107526107 25318
1647524948189 0.3446390488764265 25319
1647524949104 0.34491451437334253 25320
1647524950088 0.34502484478464684 25321
1647524951249 0.34515607935241144 25322
1647524952368 0.3452672571096404 25323
1647524953627 0.3454491244517965 25324
1647524954773 0.3455519969923561 25325
1647524955857 0.3455783298495265 25326
1647524956781 0.3457978719624422 25327
1647524957956 0.3458487925241038 25328
1647524958979 0.34598426286735245 25329
1647524960068 0.3460837397316053 25330
1647524961127 0.3462372980886437 25331
1647524962193 0.34633288491172953 25332
1647524963362 0.34645901787901084 25333
1647524964425 0.3465399393933502 25334
1647524965547 0.34663193782536084 25335
1647524966564 0.3467848133513446 25336
1647524967690 0.34673430817822615 25337
1647524968698 0.34682198880416976 25338
1647524969940 0.34691730386692027 25339
1647524971142 0.34709195367633605 25340
1647524972196 0.34713944884029446 25341
1647524973567 0.34705491319668197 25342
1647524974551 0.34720510296007195 25343
1647524975980 0.3471378123593291 25344
1647524977331 0.3471343414122729 25345
1647524978307 0.3472577596483951 25346
1647524979409 0.347336651482543 25347
1647524980366 0.3475981155949997 25348
1647524981443 0.3476933603436729 25349
1647524982624 0.34775916507640825 25350
1647524983692 0.3477919393185684 25351
1647524984712 0.34786000486796465 25352
1647524986066 0.3478163761606851 25353
1647524987533 0.34772159096390926 25354
1647524988600 0.34781118400370803 25355
1647524989656 0.34788524635100015 25356
1647524990629 0.34802186654940725 25357
1647524991762 0.34803074259976835 25358
1647524992880 0.3481145949369458 25359
1647524994001 0.3482105588214547 25360
1647524995074 0.34838600755215454 25361
1647524996158 0.3484739477396011 25362
1647524997268 0.34859713086019306 25363
1647524998426 0.3486548533137335 25364
1647524999537 0.34867767626597623 25365
1647525000790 0.3486022317873844 25366
1647525002066 0.3485663272795223 25367
1647525002973 0.3487666944741447 25368
1647525004400 0.34860925572110885 25369
1647525005421 0.34865302993882136 25370
1647525006592 0.3486164721545737 25371
1647525007481 0.34870870378543073 25372
1647525008833 0.3486390781805575 25373
1647525009961 0.3487505032044939 25374
1647525011021 0.34881379277821994 25375
1647525012063 0.34894480450145887 25376
1647525013193 0.3489900690736249 25377
1647525014268 0.3489963406008231 25378
1647525015733 0.34890372347887433 25379
1647525016767 0.34906621573965063 25380
1647525017912 0.3491413411192642 25381
1647525019298 0.34904988022275674 25382
1647525020466 0.34909302907370193 25383
1647525021624 0.34905388861480047 25384
1647525022733 0.34906446535922125 25385
1647525024178 0.3489884334416896 25386
1647525025336 0.34906067722118816 25387
1647525026596 0.3489854815323049 25388
1647525028009 0.348827828727434 25389
1647525029144 0.3489854347422879 25390
1647525030120 0.3491244656275901 25391
1647525031304 0.3491517615909795 25392
1647525032718 0.34899720458722694 25393
1647525033721 0.3492570506746185 25394
1647525034787 0.3494179766047689 25395
1647525035960 0.3494771656570377 25396
1647525037134 0.3494796298218496 25397
1647525038259 0.3494193557080631 25398
1647525039379 0.34937943630708307 25399
1647525040773 0.34927141666412354 25400
1647525041892 0.3493777813322573 25401
1647525042959 0.34943638936917587 25402
1647525043934 0.3496410051981608 25403
1647525044895 0.34979839906699656 25404
1647525045981 0.3499352911453761 25405
1647525046930 0.3501817513652625 25406
1647525048055 0.3502569554012213 25407
1647525049134 0.35028730166295957 25408
1647525050537 0.350181923070479 25409
1647525051806 0.35015527109157457 25410
1647525052879 0.35018098318965923 25411
1647525054105 0.3501424967359614 25412
1647525055202 0.35022696711607937 25413
1647525056121 0.35038919445330846 25414
1647525057277 0.3503664726704623 25415
1647525058299 0.35051417271764357 25416
1647525059761 0.35053282156586646 25417
1647525060940 0.3507211638529745 25418
1647525061978 0.35103039583327833 25419
1647525063417 0.35107964648160195 25420
1647525064426 0.3512549989404734 25421
1647525065741 0.351264929423367 25422
1647525066808 0.3514900213601638 25423
1647525067865 0.35168590716573 25424
1647525069065 0.3515466916873011 25425
1647525070136 0.3515570966529569 25426
1647525071327 0.35151975979839545 25427
1647525072754 0.3514056622809508 25428
1647525073723 0.3515236410016269 25429
1647525075146 0.3516467043761739 25430
1647525076101 0.35167691480872953 25431
1647525077297 0.351742286562062 25432
1647525078370 0.3517891874258546 25433
1647525079342 0.3518712109695035 25434
1647525080418 0.3518355634373034 25435
1647525081529 0.3518325450253248 25436
1647525082364 0.3519385159441403 25437
1647525083281 0.3520304284745378 25438
1647525084234 0.3521168718056122 25439
1647525085233 0.35220977621600774 25440
1647525086276 0.352189528925175 25441
1647525087204 0.3521878847416411 25442
1647525088240 0.35214296646057375 25443
1647525089377 0.3520980579765379 25444
1647525090469 0.352166927761614 25445
1647525091347 0.35226443405716307 25446
1647525092330 0.35234594777436323 25447
1647525093263 0.3524133078491973 25448
1647525094215 0.35252360426140633 25449
1647525095206 0.3525231033772606 25450
1647525096241 0.3525768417019804 25451
1647525097195 0.35262561607194115 25452
1647525098289 0.3525332145434518 25453
1647525099708 0.35247635608603933 25454
1647525101100 0.35231686821388997 25455
1647525102108 0.35236864104887705 25456
1647525103139 0.35237343265778487 25457
1647525104363 0.3523762101687274 25458
1647525105383 0.3523880832330672 25459
1647525106270 0.3524461534095833 25460
1647525107189 0.3525479396815458 25461
1647525108117 0.352766096057563 25462
1647525109069 0.35279672849441035 25463
1647525109970 0.35286886520694016 25464
1647525111122 0.3527856766768209 25465
1647525111946 0.35291460818714565 25466
1647525112880 0.3529667924120002 25467
1647525113948 0.3529527626024552 25468
1647525115307 0.3528262264415866 25469
1647525116479 0.3527724476579429 25470
1647525117511 0.3528104655911552 25471
1647525118581 0.35276355986692465 25472
1647525119482 0.3529232505142041 25473
1647525120596 0.35289519661317204 25474
1647525121842 0.3527621014654475 25475
1647525123265 0.35262068765331184 25476
1647525124401 0.3525456030827922 25477
1647525125428 0.35254222160650167 25478
1647525126442 0.352593234908388 25479
1647525127648 0.352501723699743 25480
1647525128544 0.35247763288357564 25481
1647525129805 0.3524249261457648 25482
1647525130910 0.3524586462263447 25483
1647525131976 0.3525233501132074 25484
1647525133155 0.3525116462160878 25485
1647525134239 0.3524847415204997 25486
1647525135176 0.3525159125526746 25487
1647525136028 0.3526010663904617 25488
1647525137219 0.35254796842073505 25489
1647525138613 0.35243555101977875 25490
1647525139534 0.3524769354285549 25491
1647525140538 0.35243903511012625 25492
1647525141642 0.3523907351785551 25493
1647525142597 0.35243861865414655 25494
1647525143514 0.35245401530199755 25495
1647525144571 0.35247894083008624 25496
1647525145673 0.352402538904234 25497
1647525146725 0.3523809581055121 25498
1647525147570 0.35240317679687433 25499
1647525148507 0.3524587292072814 25500
1647525149451 0.35250566347809364 25501
1647525150418 0.352538528181369 25502
1647525151450 0.35255534777675535 25503
1647525152427 0.35258086763973184 25504
1647525153252 0.3526834892303062 25505
1647525154492 0.3525884371003807 25506
1647525155464 0.3525977011044304 25507
1647525156455 0.3526165217315795 25508
1647525157498 0.3526215226500454 25509
1647525158510 0.3526228858112209 25510
1647525159432 0.35266376098074037 25511
1647525160514 0.35253161593790977 25512
1647525161567 0.3525066460799618 25513
1647525162607 0.3525131954841479 25514
1647525163513 0.35261529425499066 25515
1647525164461 0.35275173518180236 25516
1647525165900 0.3525983542777025 25517
1647525166785 0.3526734528292767 25518
1647525167759 0.35266714001936683 25519
1647525168956 0.3525590745691748 25520
1647525169891 0.35261386201469874 25521
1647525170832 0.3526571922051679 25522
1647525172252 0.3525014341294614 25523
1647525173120 0.35262043717325564 25524
1647525174023 0.35265881997452775 25525
1647525174960 0.3526481447602104 25526
1647525175871 0.3526991438073448 25527
1647525176780 0.35272079071338497 25528
1647525177717 0.3527486857327849 25529
1647525178659 0.35281294706414956 25530
1647525179557 0.3529682471522456 25531
1647525180512 0.3530739683587596 25532
1647525181364 0.3531742821349271 25533
1647525182341 0.3531645644301902 25534
1647525183222 0.3531262015825824 25535
1647525184265 0.3530842252495292 25536
1647525185312 0.3531455908901989 25537
1647525186371 0.35316578798302994 25538
1647525187246 0.3532127680586758 25539
1647525188288 0.35327544409415196 25540
1647525189398 0.35330967851613293 25541
1647525190520 0.35322596162372494 25542
1647525191518 0.3533020165399937 25543
1647525192964 0.3531966594773745 25544
1647525194142 0.3531777748635205 25545
1647525195017 0.3531465747926674 25546
1647525195956 0.35318085744425104 25547
1647525197064 0.35313299924833413 25548
1647525197945 0.3531693618175725 25549
1647525198900 0.35320426281747785 25550
1647525199900 0.35324288357314665 25551
1647525200829 0.3532396320733556 25552
1647525201899 0.35322083373937535 25553
1647525203010 0.3532431224313185 25554
1647525204420 0.3530873872321509 25555
1647525205543 0.3530541340364496 25556
1647525206630 0.35301122222004866 25557
1647525207594 0.35299873119730607 25558
1647525208682 0.35301688505640283 25559
1647525209851 0.35297251613143005 25560
1647525210841 0.3530080566562495 25561
1647525211768 0.35308033683083273 25562
1647525212987 0.3529588578688319 25563
1647525214142 0.3529323526852941 25564
1647525215327 0.352860733470767 25565
1647525216310 0.352937597525278 25566
1647525217406 0.3528438879064767 25567
1647525218516 0.35277949583802987 25568
1647525219442 0.3528126531567138 25569
1647525220592 0.3527644800037897 25570
1647525221676 0.35276692319545244 25571
1647525222771 0.35276617639792895 25572
1647525223692 0.3527844441635757 25573
1647525224747 0.35278536665966576 25574
1647525225710 0.352751936185616 25575
1647525226678 0.3527143727965804 25576
1647525227620 0.35275803261569566 25577
1647525228724 0.3527237337423703 25578
1647525229766 0.3527325930122525 25579
1647525230872 0.3526826255191405 25580
1647525232037 0.3526515738235266 25581
1647525232907 0.3527339240150339 25582
1647525233949 0.3527764199614243 25583
1647525234821 0.35280409040107635 25584
1647525235651 0.35282991661356305 25585
1647525236699 0.3527916931010809 25586
1647525237731 0.3527761576456182 25587
1647525238683 0.35283324836844143 25588
1647525239627 0.3527967852535942 25589
1647525240558 0.35284326745225564 25590
1647525241453 0.35292953626193824 25591
1647525242510 0.3529444972674052 25592
1647525243437 0.3529527129553189 25593
1647525244423 0.35303329329507355 25594
1647525245347 0.3531286745290934 25595
1647525246363 0.3531155526568643 25596
1647525247752 0.35303085061699846 25597
1647525248933 0.35294919994926893 25598
1647525249866 0.3529854954810264 25599
1647525250798 0.3530320787623197 25600
1647525251904 0.3530569989579143 25601
1647525253030 0.35314978409364733 25602
1647525254165 0.3531371632431726 25603
1647525255326 0.35311632420364963 25604
1647525256236 0.3532036430962075 25605
1647525257362 0.35312228355775355 25606
1647525258453 0.353149396900473 25607
1647525259457 0.35319475211998624 25608
1647525260374 0.35321546154558114 25609
1647525261558 0.35317854212867983 25610
1647525262513 0.35316219468956955 25611
1647525263579 0.3531692821979523 25612
1647525264852 0.35306851827798913 25613
1647525265973 0.3529778161301716 25614
1647525267247 0.3529342213700736 25615
1647525268414 0.3528641107342756 25616
1647525269357 0.3529642421074889 25617
1647525270330 0.3529643321686787 25618
1647525271360 0.3529713119035946 25619
1647525272414 0.35294419304295815 25620
1647525273462 0.3529780498659449 25621
1647525274485 0.3529617730507069 25622
1647525275587 0.35299058423354446 25623
1647525276644 0.35301969080256235 25624
1647525277753 0.3529728213409046 25625
1647525278667 0.35296598485806124 25626
1647525279743 0.3530272372318118 25627
1647525280753 0.35309812041913086 25628
1647525281895 0.35311841453538345 25629
1647525283003 0.3531694617810735 25630
1647525283982 0.3532420738498103 25631
1647525285094 0.35322235842656824 25632
1647525286162 0.3531727112630116 25633
1647525287184 0.3531866533766888 25634
1647525288252 0.35318775312406714 25635
1647525289096 0.35327456289854675 25636
1647525290065 0.35325706442197163 25637
1647525291177 0.35323407776347804 25638
1647525292291 0.35319538632544073 25639
1647525293502 0.3531282383738166 25640
1647525294384 0.35318230814506524 25641
1647525295599 0.353131555654726 25642
1647525296859 0.35302260287813264 25643
1647525297844 0.3530723843579781 25644
1647525298879 0.35309789191915075 25645
1647525299827 0.35304835255127665 25646
1647525301013 0.35301514785368365 25647
1647525301930 0.3530832460041758 25648
1647525302803 0.35312391268579585 25649
1647525303688 0.35314810220539766 25650
1647525304622 0.353210663019437 25651
1647525305549 0.35324156108449717 25652
1647525306697 0.3531742726481117 25653
1647525307660 0.35318527015630913 25654
1647525308608 0.35328318935074315 25655
1647525309515 0.3533721284391571 25656
1647525310862 0.35330650142353515 25657
1647525311755 0.3532957430124024 25658
1647525312879 0.3532956692182061 25659
1647525314329 0.35317177013095513 25660
1647525315424 0.35316414434414406 25661
1647525316558 0.3531989166865478 25662
1647525317573 0.3531901602096228 25663
1647525318401 0.353262490214139 25664
1647525319483 0.35324368953447915 25665
1647525320637 0.35318446637354833 25666
1647525321728 0.35313254431370766 25667
1647525322832 0.35317068213294833 25668
1647525324284 0.35310426364001285 25669
1647525325154 0.35316230907700835 25670
1647525326467 0.3531291719996699 25671
1647525327470 0.35314328230638553 25672
1647525328730 0.35307635309604496 25673
1647525329910 0.35299551696889303 25674
1647525330891 0.35300543494443143 25675
1647525331857 0.353027232380086 25676
1647525333130 0.35291154073907977 25677
1647525334162 0.35301161002403364 25678
1647525335236 0.3529779723748533 25679
1647525336069 0.3530737008042199 25680
1647525336947 0.35315410726530067 25681
1647525337890 0.35314760176593035 25682
1647525338954 0.3531086269380174 25683
1647525339944 0.35315066198361084 25684
1647525341089 0.3531031963820196 25685
1647525342133 0.3531104655675315 25686
1647525343180 0.35310226349454177 25687
1647525344073 0.35311597479129314 25688
1647525344993 0.3531313123760604 25689
1647525346199 0.35310539809629277 25690
1647525347080 0.35322694683474815 25691
1647525348089 0.35325730380587556 25692
1647525348973 0.35326327483274944 25693
1647525349952 0.3533528673237768 25694
1647525351179 0.35331925836883654 25695
1647525352213 0.3533327899585799 25696
1647525353208 0.3533683541541298 25697
1647525354240 0.3533702233145314 25698
1647525355138 0.35345975509428434 25699
1647525356223 0.35350858320328304 25700
1647525357243 0.3536153385933504 25701
1647525358127 0.353688381403839 25702
1647525359534 0.3535828172666933 25703
1647525360658 0.3535935961657744 25704
1647525361651 0.3536825316750314 25705
1647525362523 0.3537962701790596 25706
1647525363734 0.3537430889827689 25707
1647525364557 0.3538211772849459 25708
1647525365501 0.35384475629884027 25709
1647525366434 0.3539387111122292 25710
1647525367462 0.35394768101723534 25711
1647525368517 0.3539546222564502 25712
1647525369441 0.3540314756883461 25713
1647525370411 0.3540695470089556 25714
1647525371518 0.3540484760802216 25715
1647525372436 0.3541441434981022 25716
1647525373425 0.3541472350456277 25717
1647525374475 0.35412386378746147 25718
1647525375562 0.3540821338258304 25719
1647525376462 0.35413420888560226 25720
1647525377392 0.35415080871160437 25721
1647525378487 0.3541175776024155 25722
1647525379363 0.35416756135092303 25723
1647525380556 0.35415746055717046 25724
1647525381907 0.3540646974977694 25725
1647525382967 0.3540544906147088 25726
1647525383984 0.3540038710591769 25727
1647525385135 0.35398127170191285 25728
1647525386366 0.3539214791249364 25729
1647525387478 0.35388402207140235 25730
1647525388496 0.3539219583783831 25731
1647525389660 0.35393525946080384 25732
1647525390847 0.3539151178306365 25733
1647525391867 0.35391707657093746 25734
1647525392810 0.3539952786867031 25735
1647525394307 0.3541001199602007 25736
1647525395806 0.354158889323473 25737
1647525397338 0.35421572031674686 25738
1647525398615 0.3543569592242231 25739
1647525399792 0.35455378890037537 25740
1647525401291 0.3546499944481242 25741
1647525402399 0.3548135654546728 25742
1647525403593 0.3549766614885027 25743
1647525404913 0.3549867114042928 25744
1647525405935 0.3551156747021845 25745
1647525407200 0.35514469644123076 25746
1647525408591 0.3551095503981751 25747
1647525409633 0.3552415070559693 25748
1647525410715 0.3553008077585179 25749
1647525411939 0.35537560426824066 25750
1647525413028 0.35542466157874647 25751
1647525414065 0.3555577600530803 25752
1647525415366 0.3555095475900361 25753
1647525416516 0.3555793665210289 25754
1647525417518 0.35564250146241927 25755
1647525418659 0.35563027765144894 25756
1647525419868 0.3556824727970011 25757
1647525420795 0.35578198323754207 25758
1647525421876 0.35581345173827356 25759
1647525422914 0.35586311874268456 25760
1647525424026 0.3558967860881239 25761
1647525424972 0.35598435067548984 25762
1647525425894 0.35605118741766056 25763
1647525426826 0.35609830070029447 25764
1647525427995 0.35603151328368876 25765
1647525429200 0.3559469625831693 25766
1647525430186 0.3559690382295442 25767
1647525431381 0.3559317640837365 25768
1647525432457 0.3559473465348399 25769
1647525433527 0.35594315606188337 25770
1647525434625 0.3559243444432604 25771
1647525435616 0.35590200726536736 25772
1647525436604 0.35583353330269746 25773
1647525437619 0.35587135506228057 25774
1647525438839 0.35576093465319486 25775
1647525439935 0.35571356700003665 25776
1647525440956 0.3557135152272307 25777
1647525442003 0.35570191144656954 25778
1647525442885 0.35567670161058257 25779
1647525443690 0.35570147489255594 25780
1647525444885 0.355657488778519 25781
1647525445775 0.3556178946101494 25782
1647525447223 0.35548146748576975 25783
1647525448318 0.35546459018500964 25784
1647525449484 0.35538179471463194 25785
1647525450612 0.3552872385293444 25786
1647525451597 0.35533476356949123 25787
1647525452924 0.3552967666814035 25788
1647525454067 0.3552805063927355 25789
1647525454975 0.35524779454878364 25790
1647525456003 0.3552038821283961 25791
1647525456911 0.35520145676994774 25792
1647525457983 0.3551736963263741 25793
1647525459428 0.3550601544787327 25794
1647525460301 0.355068172914432 25795
1647525461744 0.354959355028763 25796
1647525462643 0.35496591343632283 25797
1647525463735 0.35490000809733313 25798
1647525464721 0.3548549733031717 25799
1647525465646 0.3547892128086718 25800
1647525466468 0.3547939312525262 25801
1647525467446 0.3547177877784335 25802
1647525468385 0.3547096109300796 25803
1647525469631 0.35463733662481944 25804
1647525470544 0.35467757784137116 25805
1647525471727 0.3545846551015513 25806
1647525472739 0.3545079579420179 25807
1647525473657 0.3545484475227965 25808
1647525474778 0.3544534083122193 25809
1647525475796 0.3544740973792116 25810
1647525476912 0.3544632781095789 25811
1647525477944 0.3544036847768828 25812
1647525478830 0.35439543847036187 25813
1647525479697 0.35441476527252125 25814
1647525480720 0.3544255518846919 25815
1647525481706 0.35445332908321026 25816
1647525482617 0.35442901118486014 25817
1647525483679 0.35440926087001867 25818
1647525484722 0.35437079090728335 25819
1647525485754 0.35436791404462586 25820
1647525486689 0.3543592317517833 25821
1647525487763 0.35432952557291303 25822
1647525488605 0.3543476192606527 25823
1647525489720 0.354294590151628 25824
1647525490915 0.35424062845242377 25825
1647525492044 0.3541809085096319 25826
1647525492894 0.3542123581017923 25827
1647525493791 0.35421992536535185 25828
1647525494953 0.35415564731254684 25829
1647525495975 0.3541236477550409 25830
1647525497164 0.3540531733027324 25831
1647525498221 0.35395500917140754 25832
1647525499335 0.35395888259539204 25833
1647525500317 0.3539860140848073 25834
1647525501357 0.3540637291330023 25835
1647525502468 0.3541190911277627 25836
1647525503564 0.35420611713420264 25837
1647525504763 0.3542796885366336 25838
1647525505828 0.3544604285415634 25839
1647525506779 0.35463320894178646 25840
1647525507918 0.3547035755481625 25841
1647525508762 0.3548151645320573 25842
1647525509933 0.3548123381802876 25843
1647525511074 0.35485117745862527 25844
1647525511931 0.35495635871153447 25845
1647525512937 0.3551248908983468 25846
1647525514001 0.355171356450867 25847
1647525515383 0.3551634865688054 25848
1647525516378 0.35523321898989113 25849
1647525517400 0.3552579268853298 25850
1647525518558 0.3552713909820123 25851
1647525519967 0.35526381646838423 25852
1647525521138 0.3552740962782 25853
1647525522556 0.3552184757128718 25854
1647525523674 0.35525832527811924 25855
1647525524946 0.35521828088246893 25856
1647525526024 0.3552573628058391 25857
1647525526959 0.3553417990321458 25858
1647525527832 0.35543444453873096 25859
1647525528713 0.3556064851747914 25860
1647525529738 0.35566563417743957 25861
1647525530858 0.3556729071007835 25862
1647525532282 0.35559781942496715 25863
1647525533299 0.35568252104039516 25864
1647525534332 0.3557222900740432 25865
1647525535419 0.35576513403015286 25866
1647525536524 0.35583926406318106 25867
1647525537746 0.35584763197061975 25868
1647525538714 0.35603942104710706 25869
1647525539917 0.35612080391539164 25870
1647525540969 0.3562208251005968 25871
1647525542207 0.35630434663547816 25872
1647525543181 0.3564119988422788 25873
1647525544172 0.35653777501776013 25874
1647525545234 0.35667121859499773 25875
1647525546329 0.35674184054476427 25876
1647525547410 0.3568641412284291 25877
1647525548444 0.3569124883904361 25878
1647525549396 0.35700596092617864 25879
1647525550762 0.3569959085157641 25880
1647525552153 0.3569785736214656 25881
1647525553362 0.35697013232124947 25882
1647525554420 0.35700231799644533 25883
1647525555405 0.35711490646745186 25884
1647525556369 0.3572741319727192 25885
1647525557442 0.35744484365505175 25886
1647525558600 0.35749615128921425 25887
1647525559867 0.35742535414279386 25888
1647525561008 0.35737651569717044 25889
1647525562325 0.35736706538864144 25890
1647525563568 0.3573769568441439 25891
1647525564612 0.35737904035425805 25892
1647525566082 0.35735045101454926 25893
1647525567369 0.35733144273764117 25894
1647525568499 0.35737113828331696 25895
1647525569614 0.357446613383252 25896
1647525570863 0.3574031971523474 25897
1647525571954 0.35743298907150595 25898
1647525572997 0.3574967541428934 25899
1647525574165 0.35752061515508393 25900
1647525575175 0.3576632919513278 25901
1647525576275 0.3576483533234044 25902
1647525577586 0.3575875648068932 25903
1647525578613 0.35761221486120626 25904
1647525579715 0.357656989233849 25905
1647525580751 0.3577163477322299 25906
1647525581857 0.35779384205229264 25907
1647525582805 0.35789467600499536 25908
1647525583779 0.3579756244635623 25909
1647525584919 0.3580151017237604 25910
1647525585969 0.3580254848278564 25911
1647525587118 0.3580585442071265 25912
1647525587916 0.35822810180687986 25913
1647525588934 0.3582977091825505 25914
1647525590266 0.3582238914834016 25915
1647525591269 0.3582858168618774 25916
1647525592257 0.35832311931555555 25917
1647525593475 0.358307780538647 25918
1647525594508 0.35834058903649374 25919
1647525595517 0.35835843377715937 25920
1647525596559 0.3583347436065811 25921
1647525597971 0.35826501565895 25922
1647525598919 0.35834578082945456 25923
1647525600028 0.35833507591721986 25924
1647525601426 0.3582375482452237 25925
1647525602458 0.35828860048940947 25926
1647525603658 0.3582478641837585 25927
1647525604742 0.35820149120465733 25928
1647525605846 0.3582251816112923 25929
1647525606789 0.3582525743797659 25930
1647525607822 0.3582626063395385 25931
1647525608774 0.35824576470393016 25932
1647525609835 0.3582354959561474 25933
1647525610953 0.3582159245049047 25934
1647525611875 0.3582836678733611 25935
1647525612801 0.35831604932774297 25936
1647525614010 0.35827908537040154 25937
1647525615012 0.35832551919500794 25938
1647525616165 0.3582621938401768 25939
1647525617173 0.3582742594845178 25940
1647525618048 0.3583744195880882 25941
1647525618950 0.35841638776029294 25942
1647525619857 0.35841026485806476 25943
1647525620900 0.3584027616638928 25944
1647525621972 0.3583557504716496 25945
1647525622936 0.35838904958356993 25946
1647525623948 0.35841365167178396 25947
1647525624834 0.3584478640856574 25948
1647525625848 0.3584982490062517 25949
1647525626876 0.3585404067838477 25950
1647525627810 0.3586300320960152 25951
1647525628987 0.35863165400401065 25952
1647525629800 0.35865881074661093 25953
1647525630997 0.35866674204144994 25954
1647525631982 0.35870931711054005 25955
1647525633129 0.35867562979288625 25956
1647525634222 0.3586482652020259 25957
1647525635270 0.3586326426140702 25958
1647525636370 0.35863107705028474 25959
1647525637336 0.3586715763817044 25960
1647525638291 0.3586719191079241 25961
1647525639431 0.35863539402582206 25962
1647525640429 0.3586982945025842 25963
1647525641513 0.3586793722495279 25964
1647525642602 0.35863711591506625 25965
1647525643671 0.35861242987500447 25966
1647525644749 0.3586179883862899 25967
1647525645669 0.3586590793271262 25968
1647525646655 0.35865970162747357 25969
1647525647769 0.3586336507100162 25970
1647525648799 0.35863853245973587 25971
1647525649829 0.35862555657079825 25972
1647525651252 0.35855027482299356 25973
1647525652318 0.35856423308363633 25974
1647525653261 0.3585934634282824 25975
1647525654467 0.3585472947243628 25976
1647525655504 0.3585296570894218 25977
1647525656452 0.3585602248584331 25978
1647525657715 0.3584944174029593 25979
1647525659087 0.35840525803600504 25980
1647525660326 0.35833370275915244 25981
1647525661398 0.3583385575009158 25982
1647525662262 0.3583812585898808 25983
1647525663462 0.3583640310175436 25984
1647525664395 0.35836157658829904 25985
1647525665370 0.3583921018221361 25986
1647525666275 0.35847493162155153 25987
1647525667212 0.358511778638422 25988
1647525668134 0.35862569099131486 25989
1647525669511 0.35853022442802085 25990
1647525670714 0.35858936126580077 25991
1647525671761 0.35865146708915907 25992
1647525672717 0.3587494416719979 25993
1647525674154 0.35868775030166833 25994
1647525675286 0.3587300126072144 25995
1647525676525 0.3586931276572328 25996
1647525677714 0.35874221016253743 25997
1647525678698 0.35882286521813683 25998
1647525680107 0.35880264990539446 25999
1647525681321 0.3587952971765189 26000
1647525682799 0.3587328786549123 26001
1647525684261 0.3586550462033909 26002
1647525685645 0.3586502470558665 26003
1647525686746 0.3587308155685875 26004
1647525687777 0.35872546173279596 26005
1647525689297 0.3586409479802382 26006
1647525690324 0.3587520691705501 26007
1647525691438 0.3587711012733911 26008
1647525692833 0.3587267625046039 26009
1647525694122 0.3587452089304261 26010
1647525695141 0.35887213263023215 26011
1647525696116 0.35894614569112365 26012
1647525697187 0.3590043233503182 26013
1647525698333 0.35901480685619047 26014
1647525699611 0.3589663183395292 26015
1647525700930 0.35893010616628707 26016
1647525702142 0.35895640928065403 26017
1647525703237 0.3589867241651541 26018
1647525704344 0.35904316705260747 26019
1647525705485 0.3590600290223201 26020
1647525707010 0.3589944999978364 26021
1647525708103 0.35899620103696905 26022
1647525709223 0.35895643839800895 26023
1647525710340 0.3589570948270836 26024
1647525711416 0.35897609682880943 26025
1647525712430 0.35901275675966354 26026
1647525713684 0.3589727502807166 26027
1647525714742 0.35898251282116134 26028
1647525715830 0.3590362371052197 26029
1647525717209 0.35895981385508713 26030
1647525718414 0.358903638788224 26031
1647525719513 0.35894585225342784 26032
1647525720540 0.359014150387619 26033
1647525721588 0.3590454710223809 26034
1647525722779 0.3590380626921477 26035
1647525723819 0.3590521875416159 26036
1647525725012 0.3590625854753531 26037
1647525726067 0.3591232582365523 26038
1647525726268 0.3589993459265536 26039
