1647517962460 0.4450834393501282 19530
1647517963576 0.5085208415985107 19531
1647517964822 0.4602436323960622 19532
1647517965817 0.46561185270547867 19533
1647517966906 0.48126943707466124 19534
1647517967852 0.48921363055706024 19535
1647517968855 0.49145735587392536 19536
1647517969853 0.5054062120616436 19537
1647517970919 0.5018170442846086 19538
1647517971849 0.5102452605962753 19539
1647517972921 0.5067409060218118 19540
1647517973978 0.5024648308753967 19541
1647517974958 0.505992435492002 19542
1647517976065 0.49914969503879547 19543
1647517977578 0.4854497651259104 19544
1647517978623 0.4869088027626276 19545
1647517979789 0.4845482005792506 19546
1647517981294 0.47538839280605316 19547
1647517982252 0.4767247705083144 19548
1647517983470 0.47161654382944107 19549
1647517984585 0.4712223694438026 19550
1647517985761 0.46870202909816394 19551
1647517986876 0.4655275305976038 19552
1647517988262 0.4587995546559493 19553
1647517989424 0.4600651717185974 19554
1647517990551 0.4606057543020982 19555
1647517991447 0.4656283347694962 19556
1647517992563 0.46303050007138935 19557
1647517993811 0.4590491272252181 19558
1647517994925 0.45851936340332033 19559
1647517996034 0.4563962721055554 19560
1647517997046 0.4564920859411359 19561
1647517998074 0.45848914980888367 19562
1647517999343 0.45545769439024086 19563
1647518000633 0.4542436114379338 19564
1647518001820 0.45413608931832844 19565
1647518002799 0.4549258407708761 19566
1647518003796 0.4564741026414068 19567
1647518005076 0.45327433943748474 19568
1647518006022 0.45680407658219335 19569
1647518007173 0.45522162536295446 19570
1647518008474 0.453660500901086 19571
1647518009640 0.45253984803377195 19572
1647518010505 0.45320360497994855 19573
1647518011822 0.4491365922821893 19574
1647518012783 0.4509138970271401 19575
1647518014185 0.44859954714775085 19576
1647518015104 0.45005195401608944 19577
1647518016297 0.4474507114108728 19578
1647518017511 0.4465589851140976 19579
1647518018592 0.44663570616759507 19580
1647518019748 0.4462873689257182 19581
1647518020804 0.44583412611259604 19582
1647518021705 0.44763714185467474 19583
1647518022673 0.4475806480104273 19584
1647518023654 0.45000809164983885 19585
1647518025116 0.44771680863280044 19586
1647518026210 0.44801395412149103 19587
1647518027276 0.4470473825931549 19588
1647518028409 0.44750543087720873 19589
1647518029512 0.4461722813668798 19590
1647518030461 0.447359174489975 19591
1647518031579 0.4476691995348249 19592
1647518032846 0.4465846726670861 19593
1647518034362 0.4447040099364061 19594
1647518035413 0.443814139474522 19595
1647518036617 0.4418249588404129 19596
1647518037928 0.44078662553254294 19597
1647518039094 0.43983318537905597 19598
1647518040089 0.4404744552714484 19599
1647518041256 0.43940100409615207 19600
1647518042371 0.4392885851363341 19601
1647518043399 0.4398365531065693 19602
1647518044358 0.4388864861952292 19603
1647518045543 0.43715233127276104 19604
1647518046754 0.4366303286270091 19605
1647518047756 0.436287996056792 19606
1647518048809 0.43517367236125165 19607
1647518049857 0.43542567461351805 19608
1647518050873 0.43490470945835114 19609
1647518051973 0.43428192131313276 19610
1647518053000 0.4333888568529269 19611
1647518054432 0.4313552605818553 19612
1647518055550 0.4297693843642871 19613
1647518056489 0.43034887699519886 19614
1647518057431 0.4299664687971736 19615
1647518058716 0.42828139285931643 19616
1647518059877 0.427659986032681 19617
1647518060991 0.4267331033610226 19618
1647518062103 0.4257616698741913 19619
1647518063571 0.42406140382473284 19620
1647518064697 0.4235320943205253 19621
1647518065848 0.4233130783804001 19622
1647518066916 0.42240656722099224 19623
1647518068124 0.42113998846003886 19624
1647518069013 0.4213732114682595 19625
1647518069911 0.421564155939928 19626
1647518070902 0.4214824240426628 19627
1647518071969 0.4213162729836474 19628
1647518072928 0.4215991571545601 19629
1647518074168 0.4204712518961123 19630
1647518075100 0.4209029978396846 19631
1647518076208 0.4198177043095376 19632
1647518077217 0.41911857575178146 19633
1647518078352 0.41821567501340595 19634
1647518079480 0.4175527568133372 19635
1647518080519 0.4171234455621131 19636
1647518081514 0.41718183430256667 19637
1647518082480 0.41730292155108323 19638
1647518083918 0.41602528311989523 19639
1647518084964 0.41531604528427124 19640
1647518086132 0.4147001667214291 19641
1647518087424 0.4136096624146521 19642
1647518088336 0.41330027344979736 19643
1647518089275 0.41306766608487006 19644
1647518090342 0.4128512431835306 19645
1647518091163 0.41315722363626856 19646
1647518092436 0.41195988781371357 19647
1647518093476 0.4110231973043009 19648
1647518094643 0.4099545595546564 19649
1647518095955 0.4087479949490098 19650
1647518097224 0.40745798437321773 19651
1647518098432 0.4066371595471855 19652
1647518099300 0.40650129582612743 19653
1647518100234 0.4065611996650696 19654
1647518101679 0.40514202652469516 19655
1647518102679 0.4054797247169525 19656
1647518103792 0.405099768191576 19657
1647518105171 0.40442820413168085 19658
1647518106251 0.40388249502732204 19659
1647518107212 0.4036830065359596 19660
1647518108073 0.40391517566009 19661
1647518109087 0.40335124641432796 19662
1647518110289 0.40226911897979567 19663
1647518111350 0.40246956591252925 19664
1647518112536 0.4015374209950952 19665
1647518113580 0.401418105964243 19666
1647518114807 0.40044518268626667 19667
1647518115590 0.4004264409593541 19668
1647518116726 0.4000636611665998 19669
1647518117640 0.39969429416013946 19670
1647518118598 0.39988721088624335 19671
1647518119582 0.3997579504559924 19672
1647518120790 0.3984449864882562 19673
1647518121769 0.3982803082671659 19674
1647518123195 0.3975161453836585 19675
1647518124205 0.3974145814066842 19676
1647518125326 0.3966424482295642 19677
1647518126667 0.3952954319499483 19678
1647518127547 0.3950499161084493 19679
1647518128694 0.3949118157885722 19680
1647518129614 0.39503232624969986 19681
1647518130485 0.39473534390038134 19682
1647518131410 0.39463136277415534 19683
1647518132446 0.39468945245588977 19684
1647518133659 0.3942947582556651 19685
1647518134795 0.3934762035585513 19686
1647518135824 0.3931620332259166 19687
1647518137187 0.3921890364690397 19688
1647518138220 0.39164932193234564 19689
1647518139425 0.3909353603672537 19690
1647518140547 0.3902208877750385 19691
1647518141693 0.38959987680970526 19692
1647518142720 0.38946327412637266 19693
1647518143605 0.3897458059318138 19694
1647518144562 0.38932850858174173 19695
1647518145547 0.3894822245051047 19696
1647518146622 0.38910005605291753 19697
1647518147604 0.38922176567407757 19698
1647518148681 0.3889631810433724 19699
1647518149646 0.38916972305691033 19700
1647518150521 0.38936187231609987 19701
1647518151538 0.3893493452685417 19702
1647518152736 0.3889720207829585 19703
1647518154178 0.3881297504901886 19704
1647518155241 0.3878355165096847 19705
1647518156204 0.38803998410365004 19706
1647518157378 0.3876403248711918 19707
1647518158272 0.3879525358450479 19708
1647518159216 0.38778941300180225 19709
1647518160423 0.38751202393631906 19710
1647518161366 0.38753781524988323 19711
1647518162307 0.38750009507429406 19712
1647518163220 0.38755575664665387 19713
1647518164177 0.38731501730712686 19714
1647518165043 0.38714060796204436 19715
1647518166045 0.3867965641824957 19716
1647518167241 0.3864856557326114 19717
1647518168336 0.3861493297985622 19718
1647518169418 0.38577718264178223 19719
1647518170445 0.385456461556919 19720
1647518171458 0.3851229840268691 19721
1647518172755 0.3848476851542379 19722
1647518173765 0.3847130699870513 19723
1647518174809 0.3848099839993012 19724
1647518175743 0.3845742049874092 19725
1647518176966 0.3841927453951182 19726
1647518178138 0.3841366543613299 19727
1647518179062 0.3841660492983296 19728
1647518180000 0.3844354742765427 19729
1647518180926 0.3842263399665035 19730
1647518181987 0.3839535671885651 19731
1647518182901 0.38426294306228903 19732
1647518184113 0.3839980699852401 19733
1647518185269 0.38362924049540265 19734
1647518186278 0.38353393480037024 19735
1647518187342 0.3834046299618799 19736
1647518188806 0.3828651486681058 19737
1647518189826 0.382467532129379 19738
1647518190872 0.38242207311448595 19739
1647518192001 0.3822595506765266 19740
1647518192793 0.3821995186637033 19741
1647518193756 0.3821017644215078 19742
1647518194774 0.3823895099285607 19743
1647518196157 0.381782125872235 19744
1647518197100 0.3814255414461648 19745
1647518198448 0.3809275151947127 19746
1647518199312 0.38117099054362796 19747
1647518200368 0.3809348746249665 19748
1647518201507 0.3808901926333254 19749
1647518202976 0.38020852761031276 19750
1647518204030 0.38039773716045927 19751
1647518204936 0.38037330647220524 19752
1647518205791 0.38052896463445257 19753
1647518206639 0.38065300133493213 19754
1647518207682 0.3803883715804699 19755
1647518208750 0.38033978700112664 19756
1647518209934 0.37992527950228305 19757
1647518211128 0.3796954002703121 19758
1647518212159 0.37935959282128706 19759
1647518213067 0.3793724495353121 19760
1647518214215 0.3788602503723112 19761
1647518215141 0.37905935668126706 19762
1647518216036 0.3792385260264079 19763
1647518216893 0.3792188025535421 19764
1647518217965 0.3789317758154061 19765
1647518218835 0.3791662348976618 19766
1647518220239 0.37854359336510424 19767
1647518221114 0.3785102333109748 19768
1647518222110 0.3782544476911426 19769
1647518222998 0.3783350133673284 19770
1647518224167 0.3780050779546588 19771
1647518225247 0.37782145055478494 19772
1647518226259 0.3775614021865071 19773
1647518227349 0.3772878146293212 19774
1647518228414 0.3773422853612318 19775
1647518229236 0.3775663962851652 19776
1647518230458 0.37709063513865393 19777
1647518231366 0.37738111321945267 19778
1647518232471 0.37720929223299027 19779
1647518233524 0.3769819189709021 19780
1647518234675 0.3767980239575818 19781
1647518235636 0.3768116160932737 19782
1647518237076 0.3762658870243651 19783
1647518237905 0.3762177493642358 19784
1647518239026 0.3759092905675061 19785
1647518240094 0.37560858331069874 19786
1647518241077 0.37562043520138244 19787
1647518241952 0.37573811060903617 19788
1647518243147 0.3754163542045997 19789
1647518244556 0.3748453205801061 19790
1647518245567 0.3747495458326267 19791
1647518246622 0.3747099899747072 19792
1647518247592 0.37487054119507474 19793
1647518248642 0.3749195042646156 19794
1647518249685 0.37481281284550977 19795
1647518251082 0.37422781998521826 19796
1647518252126 0.3741404126717973 19797
1647518253069 0.37403625177849625 19798
1647518254231 0.3737049145279107 19799
1647518255175 0.37381852063525645 19800
1647518256107 0.3739618409753722 19801
1647518257185 0.37379908381582616 19802
1647518258127 0.3737838112198523 19803
1647518259119 0.3742352316054431 19804
1647518259949 0.3743923045694828 19805
1647518261207 0.37412533922531116 19806
1647518262628 0.3737936893062626 19807
1647518263692 0.3736224708057219 19808
1647518264789 0.3738267907606704 19809
1647518265790 0.3740816537913903 19810
1647518267057 0.37380078440228254 19811
1647518268085 0.3736226321214501 19812
1647518269039 0.37362760908796755 19813
1647518270057 0.3737369688456519 19814
1647518271050 0.3739117904455512 19815
1647518272180 0.3736382976745479 19816
1647518273238 0.37355340691283345 19817
1647518274369 0.3734167589963926 19818
1647518275622 0.3733042738047139 19819
1647518277081 0.3728728088521466 19820
1647518278207 0.3728922982126066 19821
1647518279239 0.37292681242825637 19822
1647518280231 0.37307316358803083 19823
1647518281686 0.37242373990810523 19824
1647518282913 0.37217131020450916 19825
1647518284075 0.3721333300124114 19826
1647518284977 0.3725816438962149 19827
1647518286061 0.3724527157170318 19828
1647518287190 0.3722240183254083 19829
1647518288346 0.37215550382469975 19830
1647518289255 0.3726427417421183 19831
1647518290236 0.3725448036843007 19832
1647518291229 0.37274728239955085 19833
1647518292251 0.37256458132970527 19834
1647518293337 0.37253859234985964 19835
1647518294339 0.3725730005518233 19836
1647518295246 0.3728770872505454 19837
1647518296208 0.373099982979614 19838
1647518297219 0.37307842090245213 19839
1647518298178 0.373406341844433 19840
1647518299279 0.3733583987236787 19841
1647518300097 0.3733323130268639 19842
1647518301082 0.37332277839920325 19843
1647518302168 0.3729976819148139 19844
1647518303115 0.37314239592303206 19845
1647518304060 0.3732214084465045 19846
1647518305048 0.3733745707937007 19847
1647518306417 0.37305497912964475 19848
1647518307347 0.3730137501377612 19849
1647518308475 0.37284405678046456 19850
1647518309366 0.37302323588118047 19851
1647518310439 0.3728704107896462 19852
1647518311653 0.37266679149534965 19853
1647518313064 0.37228242635726927 19854
1647518314071 0.37233650026145887 19855
1647518315112 0.37230625484332397 19856
1647518316263 0.3722715303301811 19857
1647518317308 0.37229838152062206 19858
1647518318440 0.3720127723433755 19859
1647518319525 0.3717370350195202 19860
1647518320398 0.37187998239175385 19861
1647518321662 0.3715286432980775 19862
1647518322818 0.3711927936462585 19863
1647518323926 0.37113660894223116 19864
1647518325017 0.37098569990623564 19865
1647518326416 0.37064443984088274 19866
1647518327715 0.3704107327926794 19867
1647518328777 0.37029221882510677 19868
1647518329782 0.3700371083967826 19869
1647518331242 0.36970275850240086 19870
1647518332660 0.3694232609885478 19871
1647518333589 0.3696722098933017 19872
1647518335056 0.36931773188502287 19873
1647518336227 0.3692773713581804 19874
1647518337055 0.3694488127968904 19875
1647518338053 0.36931798446075376 19876
1647518339148 0.3692642926484689 19877
1647518340304 0.369084229185793 19878
1647518341231 0.3689800785269056 19879
1647518342246 0.3690579389235233 19880
1647518343342 0.36896882130002434 19881
1647518344542 0.3688481388450007 19882
1647518345532 0.3688172578474896 19883
1647518346473 0.3687790418174905 19884
1647518347878 0.3684364944445283 19885
1647518349234 0.3680071054386492 19886
1647518350284 0.3678198737305636 19887
1647518351324 0.36773312025415533 19888
1647518352346 0.3678043869634469 19889
1647518353482 0.3677307630674991 19890
1647518354683 0.3675275727365557 19891
1647518355565 0.3675936141125755 19892
1647518356573 0.3676768863921637 19893
1647518357468 0.3677924947379387 19894
1647518358467 0.36796957050842016 19895
1647518359388 0.36797293687711297 19896
1647518360545 0.3681668840834628 19897
1647518361742 0.36858899055457695 19898
1647518362666 0.36921787108923937 19899
1647518363782 0.36957669250084707 19900
1647518364884 0.37013428289723654 19901
1647518366319 0.37012755591172636 19902
1647518367271 0.3708192764278402 19903
1647518368257 0.3712385750611623 19904
1647518369285 0.37155629314006644 19905
1647518370549 0.37155148347429634 19906
1647518371635 0.37167449492626087 19907
1647518372523 0.3721777996475904 19908
1647518373601 0.3723242962830945 19909
1647518374520 0.3726133048690836 19910
1647518375389 0.3728998699737469 19911
1647518376786 0.3729493138684305 19912
1647518377889 0.37292923172935843 19913
1647518379002 0.3729794039354696 19914
1647518380238 0.3729796157908563 19915
1647518381282 0.3731714131296143 19916
1647518382205 0.373466475722716 19917
1647518383590 0.3733495037169567 19918
1647518384988 0.37339431582353055 19919
1647518386261 0.3732917537469693 19920
1647518387409 0.3732213282159397 19921
1647518388263 0.37377511954489556 19922
1647518389374 0.3739192110632882 19923
1647518390576 0.3739170722569091 19924
1647518391620 0.3740266981449994 19925
1647518392601 0.3742524010858848 19926
1647518393795 0.37421051416564827 19927
1647518394820 0.3746077709628227 19928
1647518395881 0.37474410854279994 19929
1647518396763 0.3750755416038922 19930
1647518397768 0.3752390746750049 19931
1647518398796 0.3752443381485809 19932
1647518399724 0.375555852630941 19933
1647518401130 0.3755067162307692 19934
1647518402098 0.37576939099527934 19935
1647518403231 0.37587873824398405 19936
1647518404376 0.3760509140351239 19937
1647518405309 0.376157004996442 19938
1647518406318 0.376453512761651 19939
1647518407309 0.376645998145542 19940
1647518408354 0.3767845243649575 19941
1647518409504 0.37671731769605643 19942
1647518410510 0.37688847102116846 19943
1647518411908 0.3768393240061151 19944
1647518413040 0.37691666264660084 19945
1647518414292 0.3767315147163199 19946
1647518415366 0.3767274715826272 19947
1647518416228 0.3770550999408121 19948
1647518417216 0.377173081324214 19949
1647518418547 0.3771852101962527 19950
1647518419612 0.3773766752526658 19951
1647518421018 0.37720429002534134 19952
1647518421947 0.37736636906299953 19953
1647518423014 0.37755606356789084 19954
1647518424047 0.37777280660582263 19955
1647518425170 0.3778582356294368 19956
1647518426198 0.37792204243836003 19957
1647518427409 0.3779511578155286 19958
1647518428551 0.3779151050850402 19959
1647518429976 0.37778925584529777 19960
1647518431041 0.3778121401728303 19961
1647518431938 0.37797174449605697 19962
1647518432979 0.37810051166516845 19963
1647518434183 0.3781420876925019 19964
1647518435258 0.37820018123869503 19965
1647518436447 0.3781061649186115 19966
1647518437511 0.37809162814867553 19967
1647518438451 0.3782487583594876 19968
1647518439354 0.37863004939122635 19969
1647518440377 0.37871720596235625 19970
1647518441469 0.3787289386556159 19971
1647518442558 0.3788384177614819 19972
1647518443774 0.3789289032553767 19973
1647518444930 0.37914235565099824 19974
1647518445972 0.37922954679604604 19975
1647518446947 0.3793558809047844 19976
1647518447993 0.3794196647192751 19977
1647518448858 0.3796481099850882 19978
1647518449846 0.3800049640072717 19979
1647518450927 0.3799450686924209 19980
1647518452135 0.3798314421973397 19981
1647518453481 0.37976243473572974 19982
1647518454678 0.3797351796065133 19983
1647518455582 0.37994549261344657 19984
1647518456659 0.37998941344650167 19985
1647518457485 0.38038314510487364 19986
1647518458580 0.38046282952789656 19987
1647518459706 0.38056270950240506 19988
1647518460900 0.38045889631561614 19989
1647518462077 0.3803296575318707 19990
1647518463451 0.38024164568552205 19991
1647518464571 0.380286526216544 19992
1647518465694 0.3803607726405407 19993
1647518466794 0.38042961307751233 19994
1647518468204 0.38031209429702023 19995
1647518469319 0.38046873011476734 19996
1647518470286 0.3806326349831035 19997
1647518471521 0.380540806474462 19998
1647518472407 0.3807795434556109 19999
1647518473817 0.3807242512702942 20000
1647518475059 0.3807669704369569 20001
1647518476437 0.38074436065510514 20002
1647518477518 0.380750196329652 20003
1647518478636 0.38074446427194697 20004
1647518479551 0.38097826623115216 20005
1647518480645 0.38104170773264245 20006
1647518481722 0.3810587075215503 20007
1647518482773 0.38117436053608555 20008
1647518483741 0.3813733631744981 20009
1647518485087 0.38136482870752253 20010
1647518486474 0.38124822982861295 20011
1647518487759 0.38112087180649024 20012
1647518488899 0.3810942450707609 20013
1647518490086 0.3810273853159442 20014
1647518491181 0.3810401739161692 20015
1647518492612 0.3809143943096333 20016
1647518493554 0.3811185621946562 20017
1647518494641 0.3810861746957697 20018
1647518495530 0.38125911586138667 20019
1647518496677 0.3813141100639724 20020
1647518497722 0.3813561496695852 20021
1647518498854 0.38135771958146086 20022
1647518500041 0.3812752188699931 20023
1647518501408 0.3811070763101481 20024
1647518502821 0.38105566355009235 20025
1647518503998 0.38099799435623216 20026
1647518505102 0.38110128475959043 20027
1647518506306 0.3809499927536997 20028
1647518507583 0.38097983968257904 20029
1647518508608 0.3809097475872306 20030
1647518509779 0.3812693249419391 20031
1647518510874 0.3817124308696087 20032
1647518512163 0.3818610907192268 20033
1647518513164 0.38226294275557643 20034
1647518514169 0.3826124142163356 20035
1647518515135 0.38303414845372563 20036
1647518516289 0.38325424844355094 20037
1647518517468 0.38344458137841964 20038
1647518518690 0.3834872472519968 20039
1647518519695 0.3838831808002494 20040
1647518520851 0.38403185550123453 20041
1647518521937 0.3843015058231168 20042
1647518523046 0.38449139185684666 20043
1647518524291 0.3845624797552535 20044
1647518525274 0.38472465148498847 20045
1647518526279 0.38506193819313494 20046
1647518527720 0.38497115976561913 20047
1647518528692 0.38519710176023214 20048
1647518529843 0.3852292500436306 20049
1647518530928 0.38538846219112227 20050
1647518532165 0.3852929675030982 20051
1647518533378 0.38524242050333185 20052
1647518534433 0.3853302365382209 20053
1647518535513 0.3854135425885518 20054
1647518536644 0.38548429831579156 20055
1647518537918 0.38553782845131584 20056
1647518539128 0.3856372017639153 20057
1647518539942 0.38601119278284013 20058
1647518540903 0.38629901246079856 20059
1647518541917 0.3865703779313075 20060
1647518543035 0.3866649902516738 20061
1647518544171 0.3867370023289049 20062
1647518545322 0.38686170576886736 20063
1647518546375 0.3868818189496192 20064
1647518547868 0.3868490507576003 20065
1647518549300 0.3867603560954721 20066
1647518550326 0.38701010963509075 20067
1647518551498 0.3870748823892208 20068
1647518552381 0.38735598971446356 20069
1647518553434 0.38748077362390193 20070
1647518554535 0.3874215347850455 20071
1647518555659 0.3874302794041994 20072
1647518556624 0.3876629216486917 20073
1647518557711 0.387816732465674 20074
1647518559136 0.38771142813312265 20075
1647518560328 0.3876343170620188 20076
1647518561347 0.38772262507764094 20077
1647518562529 0.3877015752761959 20078
1647518563648 0.3878618403456428 20079
1647518564829 0.38796563481678764 20080
1647518566163 0.3879223111746968 20081
1647518567089 0.3881182556342044 20082
1647518568528 0.3880011875061352 20083
1647518569654 0.388132918310595 20084
1647518570825 0.3882822876782726 20085
1647518571954 0.38836344766231584 20086
1647518573018 0.38847417712852517 20087
1647518574091 0.38853951179704 20088
1647518575252 0.3885691246283906 20089
1647518576495 0.3884681846793748 20090
1647518577600 0.38849630898852366 20091
1647518578740 0.38869499588520867 20092
1647518580122 0.38857313287807693 20093
1647518581571 0.38840449135915367 20094
1647518582680 0.3885843428937791 20095
1647518583578 0.38881900286338106 20096
1647518584551 0.3889412788123312 20097
1647518585991 0.38881897543980914 20098
1647518587150 0.3888286995260339 20099
1647518588218 0.3888552554225755 20100
1647518589237 0.38903199240461095 20101
1647518590367 0.38908780770568113 20102
1647518591503 0.38908295400882015 20103
1647518592887 0.38892122061356255 20104
1647518593941 0.38913066105710137 20105
1647518595391 0.3890028217326417 20106
1647518596509 0.389081969444727 20107
1647518597565 0.38927986281111654 20108
1647518598729 0.3894216882257626 20109
1647518600119 0.3893680293978594 20110
1647518601102 0.389473659885708 20111
1647518602002 0.38968082776813934 20112
1647518602995 0.38975673276063516 20113
1647518604155 0.38983716506224414 20114
1647518605283 0.38991641057432713 20115
1647518606528 0.39003861844031934 20116
1647518607658 0.3900858858207456 20117
1647518608739 0.3900812941212808 20118
1647518609675 0.39025116027411766 20119
1647518610849 0.39025610231506036 20120
1647518611886 0.3903012345167431 20121
1647518612974 0.39032300231227585 20122
1647518614025 0.3904051702933681 20123
1647518615097 0.3904706390465007 20124
1647518616276 0.3905231603640038 20125
1647518617341 0.39053770450491404 20126
1647518618471 0.39062095640295724 20127
1647518619487 0.3907248530543109 20128
1647518620599 0.39062943115830423 20129
1647518621610 0.3906782814944643 20130
1647518622842 0.39071146950769264 20131
1647518624048 0.3908766274329639 20132
1647518625112 0.390881757566471 20133
1647518626496 0.3907670529420711 20134
1647518627472 0.3908941279051721 20135
1647518628897 0.3907848012800861 20136
1647518630265 0.39072967438321365 20137
1647518631251 0.39082006946181624 20138
1647518632345 0.3909028684506651 20139
1647518633297 0.39116880390335806 20140
1647518634376 0.39124901899520087 20141
1647518635565 0.3912868313065944 20142
1647518636627 0.39132778652327843 20143
1647518637657 0.3914036600085778 20144
1647518639028 0.39132590654802013 20145
1647518640499 0.39117555438602764 20146
1647518641532 0.39125568836830965 20147
1647518642588 0.39129083934623704 20148
1647518643569 0.3914360138197099 20149
1647518644725 0.39143442099796977 20150
1647518645854 0.3915284842827696 20151
1647518646991 0.3915722791589856 20152
1647518648079 0.3916550679371143 20153
1647518649162 0.39173358368873595 20154
1647518650267 0.39182217181109774 20155
1647518651419 0.39187045350219263 20156
1647518652524 0.3918521098650185 20157
1647518653763 0.3917491440268882 20158
1647518655051 0.3917171475906221 20159
1647518655953 0.3919399524736329 20160
1647518657364 0.39173913737641103 20161
1647518658367 0.3917668924606619 20162
1647518659547 0.39169897839474 20163
1647518660424 0.39184675000783964 20164
1647518661791 0.3917349392794213 20165
1647518662906 0.39180550896204436 20166
1647518663941 0.3918439660886986 20167
1647518664989 0.3919537536601692 20168
1647518666095 0.39200098854489623 20169
1647518667161 0.39196081671067595 20170
1647518668584 0.3918263230739724 20171
1647518669623 0.39195031381876994 20172
1647518670751 0.3919960419583765 20173
1647518672133 0.39184806078903434 20174
1647518673287 0.39185521486373875 20175
1647518674426 0.39180753551642344 20176
1647518675568 0.39178925863018743 20177
1647518677008 0.3916606678984749 20178
1647518678161 0.3917041940872486 20179
1647518679428 0.3915951511552257 20180
1647518680829 0.3913881696440691 20181
1647518681962 0.39152582247625994 20182
1647518682933 0.3916907973063466 20183
1647518684117 0.3916890170737987 20184
1647518685540 0.39149067841651963 20185
1647518686515 0.3917674098384979 20186
1647518687578 0.39190398310636676 20187
1647518688726 0.3919527099689692 20188
1647518689890 0.39193264598196204 20189
1647518691013 0.39183536749023173 20190
1647518692145 0.3917578975149512 20191
1647518693541 0.39162213590170286 20192
1647518694641 0.3917295952069472 20193
1647518695748 0.3917596036778357 20194
1647518696682 0.39196188550990624 20195
1647518697637 0.3921259441029007 20196
1647518698708 0.39224096204706294 20197
1647518699666 0.39252743441249577 20198
1647518700780 0.39257846065421603 20199
1647518701851 0.39259508269909776 20200
1647518703225 0.3924652503005096 20201
1647518704491 0.39239097283641083 20202
1647518705566 0.39237464743304323 20203
1647518706813 0.3923111574738114 20204
1647518707917 0.39240816182638766 20205
1647518708840 0.39254961016435214 20206
1647518709999 0.3924956578860241 20207
1647518711009 0.39264608750638275 20208
1647518712471 0.39263712781317095 20209
1647518713635 0.3927799575741946 20210
1647518714671 0.39306681347557526 20211
1647518716122 0.39306944508329145 20212
1647518717148 0.39326329681782696 20213
1647518718459 0.3932339557766044 20214
1647518719505 0.39348054010388456 20215
1647518720558 0.39368476895439225 20216
1647518721732 0.39354135234688603 20217
1647518722808 0.39355519747007395 20218
1647518724000 0.39350648759931756 20219
1647518725427 0.3933860856700047 20220
1647518726375 0.3934910054926927 20221
1647518727389 0.39361275050891253 20222
1647518728337 0.3936654882403547 20223
1647518729523 0.393682189939691 20224
1647518730598 0.3937048363103264 20225
1647518731521 0.39379464588001095 20226
1647518732601 0.39375037749039066 20227
1647518733694 0.3937609812647147 20228
1647518734521 0.39390565774270464 20229
1647518735429 0.39400535328752134 20230
1647518736378 0.39409645614970445 20231
1647518737370 0.3942228996991094 20232
1647518738403 0.39421530249951914 20233
1647518739332 0.394218961566898 20234
1647518740372 0.3941922533529001 20235
1647518741497 0.3941370294320027 20236
1647518742578 0.39424117098925476 20237
1647518743466 0.3943845484673725 20238
1647518744446 0.39449140169251135 20239
1647518745377 0.3945803898380108 20240
1647518746325 0.3946919128549903 20241
1647518747320 0.3946942015332895 20242
1647518748314 0.39477776045224916 20243
1647518749270 0.39484122703959057 20244
1647518750362 0.3947463577519582 20245
1647518751567 0.39466096271697115 20246
1647518752948 0.3944554374161537 20247
1647518753941 0.3944896053787067 20248
1647518754951 0.39448400773108006 20249
1647518756131 0.3944888565477485 20250
1647518757157 0.3945048382077521 20251
1647518758051 0.39459856734566007 20252
1647518758979 0.39472915458580404 20253
1647518759883 0.39503964568006583 20254
1647518760808 0.3951129018849906 20255
1647518761687 0.3952709153970957 20256
1647518762840 0.39519684139516326 20257
1647518763649 0.39536776341528557 20258
1647518764583 0.3954124473137398 20259
1647518765649 0.39542483985831733 20260
1647518767006 0.3952898564315884 20261
1647518768168 0.3952002590382408 20262
1647518769197 0.3952647880003953 20263
1647518770235 0.39523046146444724 20264
1647518771145 0.39539728054533835 20265
1647518772227 0.3953696063528876 20266
1647518773463 0.39524251699124574 20267
1647518774848 0.39510741148330525 20268
1647518775970 0.3950205557249688 20269
1647518776986 0.39500546008951753 20270
1647518777982 0.3950918569076415 20271
1647518779191 0.3949837224560503 20272
1647518780088 0.3949819079810573 20273
1647518781330 0.3949049171985396 20274
1647518782379 0.39495263378517875 20275
1647518783450 0.39503173500179767 20276
1647518784609 0.395021746821582 20277
1647518785693 0.3949903316984826 20278
1647518786600 0.3950434056520462 20279
1647518787441 0.39517911661480776 20280
1647518788613 0.39511332427092055 20281
1647518790005 0.3949851785918789 20282
1647518790911 0.39505173582139 20283
1647518791913 0.39503054208313393 20284
1647518793007 0.3949856447873923 20285
1647518793972 0.3950712831599867 20286
1647518794879 0.39512127079561077 20287
1647518795934 0.39516169751585706 20288
1647518797010 0.39506781187496687 20289
1647518798069 0.3950415469030513 20290
1647518798890 0.3950873395511172 20291
1647518799825 0.3951589540135345 20292
1647518800717 0.3952129685675911 20293
1647518801673 0.39522404514886195 20294
1647518802671 0.3952623952384406 20295
1647518803640 0.3952997939993847 20296
1647518804465 0.3954363501785944 20297
1647518805692 0.39534245158202935 20298
1647518806650 0.39537325814946905 20299
1647518807637 0.39540138137170466 20300
1647518808625 0.3954151997371659 20301
1647518809629 0.3954406761182388 20302
1647518810514 0.39549789052138956 20303
1647518811588 0.39536921808796543 20304
1647518812622 0.39534005457439375 20305
1647518813624 0.3953499856142464 20306
1647518814521 0.39544383407711675 20307
1647518815451 0.39558220640379593 20308
1647518816890 0.39540787457655635 20309
1647518817794 0.3954876783410047 20310
1647518818772 0.3954874644498996 20311
1647518819981 0.3953685203274548 20312
1647518820923 0.39546490491044767 20313
1647518821877 0.395558851539709 20314
1647518823307 0.39538522413517074 20315
1647518824189 0.39555996395126836 20316
1647518825076 0.39563065063832376 20317
1647518826029 0.3957407651292054 20318
1647518826938 0.395855676788318 20319
1647518827865 0.39598217357877835 20320
1647518828779 0.39610956330793073 20321
1647518829712 0.39625038595548345 20322
1647518830600 0.3965321021055995 20323
1647518831534 0.39671490627264827 20324
1647518832383 0.3969414794265325 20325
1647518833371 0.3969854131023139 20326
1647518834249 0.39701376545399353 20327
1647518835301 0.39702995891714277 20328
1647518836337 0.3971302968263626 20329
1647518837393 0.397161983334914 20330
1647518838270 0.3972654078815346 20331
1647518839304 0.3973913425823226 20332
1647518840408 0.39743851381006523 20333
1647518841541 0.39739270169542446 20334
1647518842538 0.3975412675893632 20335
1647518843986 0.39742901799404046 20336
1647518845180 0.39744139053296335 20337
1647518846047 0.3974866378587315 20338
1647518846999 0.39760252314585226 20339
1647518848084 0.3975881001878755 20340
1647518848963 0.39767270535230637 20341
1647518849929 0.3977677738901141 20342
1647518850936 0.397868675996689 20343
1647518851868 0.3979111981538176 20344
1647518852931 0.3979386408612424 20345
1647518854039 0.3980306274231382 20346
1647518855446 0.3978743681042002 20347
1647518856562 0.39787097837462093 20348
1647518857647 0.39783807215167255 20349
1647518858600 0.3978808785762624 20350
1647518859696 0.3979898079540898 20351
1647518860857 0.3979748937947492 20352
1647518861846 0.3980795203988413 20353
1647518862770 0.3982038538022475 20354
1647518863989 0.3980879559932552 20355
1647518865150 0.39807966319076094 20356
1647518866327 0.39801984298344395 20357
1647518867301 0.3981733188410576 20358
1647518868370 0.3980736117406064 20359
1647518869452 0.39802458000097035 20360
1647518870358 0.3981115391048101 20361
1647518871513 0.39810276138825434 20362
1647518872575 0.39813258722245837 20363
1647518873676 0.39817000663209107 20364
1647518874571 0.3982475575362666 20365
1647518875617 0.3982834077508076 20366
1647518876552 0.3982874474761594 20367
1647518877514 0.39826825769069796 20368
1647518878456 0.3983633251062461 20369
1647518879555 0.3983366142130068 20370
1647518880584 0.3983783785988203 20371
1647518881670 0.39833486023605363 20372
1647518882820 0.39829671615955387 20373
1647518883695 0.39840708847581985 20374
1647518884735 0.39846895339218436 20375
1647518885607 0.3985038745220324 20376
1647518886437 0.39857970663117914 20377
1647518887474 0.3985592067171463 20378
1647518888499 0.3985289935504689 20379
1647518889446 0.39862276125178353 20380
1647518890379 0.398587860236985 20381
1647518891310 0.3986801106094056 20382
1647518892204 0.39877476136634166 20383
1647518893225 0.3988092346149578 20384
1647518894140 0.3988370885985477 20385
1647518895093 0.3989340508902226 20386
1647518895998 0.3990297189681402 20387
1647518896994 0.3990170227426589 20388
1647518898369 0.3989152973474458 20389
1647518899517 0.3988478556881106 20390
1647518900444 0.39891933406035474 20391
1647518901363 0.3989671966015671 20392
1647518902456 0.3989999590234624 20393
1647518903543 0.39910877216068996 20394
1647518904677 0.39908115565776825 20395
1647518905824 0.3990444645130923 20396
1647518906738 0.3991417435731756 20397
1647518907857 0.39905284919590617 20398
1647518908946 0.39909357644360643 20399
1647518909947 0.399157322370089 20400
1647518910865 0.39920108908906987 20401
1647518912055 0.3991666030979375 20402
1647518913005 0.3991718631178072 20403
1647518914065 0.39918080728394645 20404
1647518915366 0.39904475613543977 20405
1647518916486 0.3989376280299614 20406
1647518917745 0.39891156859712884 20407
1647518918913 0.39884071280931854 20408
1647518919842 0.39895095605064523 20409
1647518920834 0.39896370979632745 20410
1647518921832 0.3989940532007996 20411
1647518922893 0.39898175109148293 20412
1647518923919 0.39903875898856384 20413
1647518924944 0.39903346519012234 20414
1647518926031 0.3990528978760571 20415
1647518927095 0.39907506199001325 20416
1647518928178 0.3990109337342752 20417
1647518929091 0.3990373592341845 20418
1647518930141 0.39910442216342756 20419
1647518931154 0.39919463907160474 20420
1647518932273 0.3992241916033719 20421
1647518933366 0.3992880733322857 20422
1647518934351 0.3993632256718023 20423
1647518935466 0.39933184105590736 20424
1647518936527 0.39927149736987694 20425
1647518937624 0.3992802737282803 20426
1647518938689 0.3992689686655202 20427
1647518939522 0.3993602740817659 20428
1647518940466 0.39935286137792797 20429
1647518941568 0.39931626536869974 20430
1647518942674 0.39926783373773495 20431
1647518943882 0.39918971853794843 20432
1647518944764 0.3992576494944834 20433
1647518945974 0.3991803711619825 20434
1647518947228 0.39904412531826405 20435
1647518948201 0.3991119047049782 20436
1647518949248 0.3991623650497802 20437
1647518950194 0.39912079328751016 20438
1647518951397 0.39908244829256456 20439
1647518952322 0.39915837107060637 20440
1647518953210 0.39921810141388786 20441
1647518954089 0.3992674541695356 20442
1647518955019 0.39931931987372216 20443
1647518955961 0.3993730214775586 20444
1647518957085 0.39929148193660263 20445
1647518958043 0.3993337619135658 20446
1647518958964 0.39941203545511156 20447
1647518959866 0.39952396733587014 20448
1647518961189 0.39944825269605805 20449
1647518962073 0.39945654783005563 20450
1647518963141 0.39944203107450116 20451
1647518964592 0.3992949963455469 20452
1647518965689 0.39928336128657 20453
1647518966823 0.39930720889890514 20454
1647518967820 0.3992962316483195 20455
1647518968643 0.399382501326204 20456
1647518969723 0.39936977846483734 20457
1647518970866 0.39930341841073547 20458
1647518971955 0.3992267288828409 20459
1647518973132 0.3992383646529676 20460
1647518974657 0.3991430574156696 20461
1647518975528 0.39920257873601595 20462
1647518976826 0.39913713842694204 20463
1647518977822 0.3991325467665565 20464
1647518979086 0.399045289772698 20465
1647518980282 0.3989416139484597 20466
1647518981261 0.39893516847319693 20467
1647518982217 0.39894869736335276 20468
1647518983475 0.39880328974191176 20469
1647518984491 0.39889477356460723 20470
1647518985538 0.3988422647972775 20471
1647518986352 0.3989293841074279 20472
1647518987225 0.399016641269801 20473
1647518988153 0.39901190132060377 20474
1647518989211 0.39895242414817245 20475
1647518990190 0.3989832353755564 20476
1647518991326 0.398894932168194 20477
1647518992369 0.39888472172055783 20478
1647518993463 0.3988586522717225 20479
1647518994365 0.39886769197967403 20480
1647518995342 0.39888620279541537 20481
1647518996543 0.39883313649348673 20482
1647518997414 0.3989556812265384 20483
1647518998423 0.39899100923413383 20484
1647518999307 0.39900193640876513 20485
1647519000269 0.3991041130531295 20486
1647519001491 0.39905996418447237 20487
1647519002528 0.3990831128685765 20488
1647519003526 0.399108387157321 20489
1647519004635 0.3991064031712098 20490
1647519005509 0.399206490873547 20491
1647519006587 0.3992558890414015 20492
1647519007599 0.39938947546036907 20493
1647519008473 0.3994970116590589 20494
1647519009869 0.39936137344402806 20495
1647519010986 0.3993610385901679 20496
1647519011980 0.39941797516316424 20497
1647519012848 0.3995735121831313 20498
1647519014066 0.3995078077328574 20499
1647519014896 0.3996020952655898 20500
1647519015843 0.39961978765549483 20501
1647519016755 0.39975175953719994 20502
1647519017780 0.3997457487015264 20503
1647519018813 0.3997384194227365 20504
1647519019734 0.3998279261906616 20505
1647519020683 0.39986892909330135 20506
1647519021783 0.3998335715695637 20507
1647519022680 0.39992375582060846 20508
1647519023674 0.39992699948500615 20509
1647519024715 0.39991241058564453 20510
1647519025807 0.39987675621043395 20511
1647519026685 0.39991979199411426 20512
1647519027599 0.3999420916888772 20513
1647519028691 0.3999015660757946 20514
1647519029582 0.39994903470995946 20515
1647519030765 0.39992985932539543 20516
1647519032118 0.39981707722431253 20517
1647519033158 0.39979208055111465 20518
1647519034165 0.3997103043878921 20519
1647519035296 0.3996743917705794 20520
1647519036513 0.399597525746832 20521
1647519037611 0.3995295170870913 20522
1647519038625 0.3995699562297261 20523
1647519039776 0.3995835459112522 20524
1647519040959 0.3995447882327689 20525
1647519041979 0.399546909206729 20526
1647519042928 0.399615444735678 20527
1647519044419 0.3997112817771442 20528
1647519045896 0.3997547144293785 20529
1647519047405 0.39978736207320853 20530
1647519048639 0.39993737025294235 20531
1647519049795 0.4001496290102794 20532
1647519051278 0.4002361602457871 20533
1647519052378 0.4004006619773694 20534
1647519053539 0.40058399523584315 20535
1647519054834 0.4005781353822176 20536
1647519055846 0.40078657176641247 20537
1647519057105 0.40081508149004313 20538
1647519058499 0.40077155810771603 20539
1647519059509 0.40094761826046377 20540
1647519060575 0.4010131317282854 20541
1647519061760 0.40111125139234566 20542
1647519062835 0.4011839721094692 20543
1647519063851 0.40136557882055274 20544
1647519065148 0.4013052556634419 20545
1647519066293 0.40136952447680246 20546
1647519067269 0.4014469893952952 20547
1647519068401 0.4014111824545706 20548
1647519069588 0.4014655770916565 20549
1647519070504 0.4016020889088409 20550
1647519071564 0.4016444985180685 20551
1647519072594 0.4017232060723757 20552
1647519073679 0.401759118627524 20553
1647519074620 0.4018542259495433 20554
1647519075512 0.40197189422378765 20555
1647519076441 0.40203403939058624 20556
1647519077616 0.40195875661266456 20557
1647519078818 0.4018536846943569 20558
1647519079779 0.4018923007168816 20559
1647519080971 0.4018516412472748 20560
1647519082024 0.40185998336866846 20561
1647519083075 0.4018376917368214 20562
1647519084134 0.4018250309809956 20563
1647519085113 0.40180050016601304 20564
1647519086080 0.4017422285549429 20565
1647519087085 0.40177103328153047 20566
1647519088271 0.4016507246992721 20567
1647519089355 0.4015995845471126 20568
1647519090375 0.4015749745930617 20569
1647519091415 0.40156419874382754 20570
1647519092291 0.40154435040854675 20571
1647519093093 0.40158867441682095 20572
1647519094267 0.40153099633610567 20573
1647519095154 0.4015201113440774 20574
1647519096597 0.4013462354131684 20575
1647519097681 0.40131503460286566 20576
1647519098842 0.40122713933464227 20577
1647519099982 0.4011189063977241 20578
1647519100963 0.40116310866106125 20579
1647519102289 0.4011071733527814 20580
1647519103421 0.40108619222396225 20581
1647519104312 0.4010644735094489 20582
1647519105334 0.40101254447248447 20583
1647519106212 0.40101253540030024 20584
1647519107276 0.4009820584659324 20585
1647519108717 0.4008441516951558 20586
1647519109576 0.40086823879320366 20587
1647519110968 0.40073824044214995 20588
1647519111841 0.4007517475845679 20589
1647519112921 0.4006872545088607 20590
1647519113889 0.4006279810224774 20591
1647519114771 0.4005695750213185 20592
1647519115573 0.4005980666138624 20593
1647519116507 0.40051687544500325 20594
1647519117431 0.40049973317539045 20595
1647519118633 0.4004179144587155 20596
1647519119537 0.40046961502301115 20597
1647519120691 0.4003636408788897 20598
1647519121692 0.4002868821687787 20599
1647519122588 0.40033075355348136 20600
1647519123701 0.4001935937010975 20601
1647519124691 0.40021124434937744 20602
1647519125806 0.4001921488586085 20603
1647519126824 0.40013368154681006 20604
1647519127709 0.400124056742537 20605
1647519128544 0.4001667443092155 20606
1647519129567 0.4001723906934151 20607
1647519130544 0.40018042960688405 20608
1647519131457 0.40017384574921044 20609
1647519132499 0.40015834702263264 20610
1647519133545 0.40011315441616363 20611
1647519134598 0.4000918289520954 20612
1647519135503 0.4000837002018281 20613
1647519136563 0.40004127371695736 20614
1647519137401 0.4000659793011611 20615
1647519138510 0.4000014937187184 20616
1647519139701 0.3999381837270716 20617
1647519140819 0.39986263838133973 20618
1647519141666 0.3998971839836978 20619
1647519142549 0.39989753014226226 20620
1647519143699 0.39981377918969147 20621
1647519144680 0.3997675584252559 20622
1647519145851 0.3996899522691148 20623
1647519146890 0.399577266739928 20624
1647519147996 0.39956578092962286 20625
1647519148965 0.399602000101545 20626
1647519149989 0.3996925734811359 20627
1647519151103 0.3997293103815101 20628
1647519152179 0.39983406895940954 20629
1647519153347 0.3998814164834278 20630
1647519154404 0.4000829357363135 20631
1647519155308 0.40027738328101087 20632
1647519156429 0.4003484477761431 20633
1647519157242 0.4004666538529806 20634
1647519158392 0.4004436944751153 20635
1647519159485 0.40046860720514715 20636
1647519160321 0.40057597123758887 20637
1647519161286 0.40076842681043745 20638
1647519162337 0.40081249692955534 20639
1647519163702 0.4007879486500305 20640
1647519164672 0.40089095743011227 20641
1647519165653 0.40091144173721527 20642
1647519166794 0.4009262017598058 20643
1647519168207 0.40089622556895954 20644
1647519169368 0.40088697856686023 20645
1647519170790 0.4008096538971019 20646
1647519171877 0.40084951758811216 20647
1647519173129 0.4007899763330591 20648
1647519174203 0.4008199299818703 20649
1647519175109 0.4009182196605642 20650
1647519175971 0.4010152222585338 20651
1647519176842 0.4012241883938162 20652
1647519177835 0.4013005521851078 20653
1647519178954 0.4013008606168959 20654
1647519180364 0.4012054024168272 20655
1647519181385 0.4012905098266483 20656
1647519182407 0.4013020542866372 20657
1647519183472 0.40135306373330953 20658
1647519184559 0.40142297757937845 20659
1647519185774 0.40141557680095435 20660
1647519186737 0.40159799966816345 20661
1647519187918 0.40167050759348316 20662
1647519188957 0.40177123619135097 20663
1647519190162 0.40186395492847793 20664
1647519191122 0.4020068646526673 20665
1647519192080 0.40214750666102506 20666
1647519193140 0.4023038238444102 20667
1647519194200 0.40234829277401957 20668
1647519195258 0.4024847938303362 20669
1647519196273 0.4025460821719257 20670
1647519197219 0.40267977040202313 20671
1647519198582 0.40265190249352945 20672
1647519199961 0.40262710175418354 20673
1647519201167 0.4026055113457176 20674
1647519202189 0.4026268614264267 20675
1647519203153 0.4027668758122528 20676
1647519204085 0.40295139985736655 20677
1647519205117 0.4031287716252582 20678
1647519206250 0.40318644637646883 20679
1647519207520 0.40310163579745256 20680
1647519208648 0.40305211263087887 20681
1647519209958 0.4030319528536288 20682
1647519211199 0.4030374108557065 20683
1647519212222 0.403048337950851 20684
1647519213652 0.40300194839189624 20685
1647519214911 0.4029749832538664 20686
1647519216035 0.403007042119746 20687
1647519217137 0.4030718912946653 20688
1647519218378 0.40301051818091294 20689
1647519219463 0.40301879295801724 20690
1647519220479 0.4030787884009274 20691
1647519221624 0.403087722824651 20692
1647519222609 0.4032400114737016 20693
1647519223691 0.4032151028322048 20694
1647519224929 0.40313853824424906 20695
1647519225943 0.40316950871378515 20696
1647519227030 0.403199946227139 20697
1647519228062 0.40326440380209017 20698
1647519229144 0.4033396719357906 20699
1647519230080 0.40345985343779994 20700
1647519231045 0.4035711578846792 20701
1647519232181 0.4036317318550868 20702
1647519233214 0.40366266502838527 20703
1647519234346 0.4036821894950055 20704
1647519235114 0.40388873777016493 20705
1647519236122 0.40399025766750263 20706
1647519237452 0.40390571157474875 20707
1647519238436 0.40397523011162284 20708
1647519239411 0.40401421979827395 20709
1647519240623 0.40399230462731595 20710
1647519241662 0.40403040751890484 20711
1647519242600 0.40405321159004054 20712
1647519243635 0.4040304058659318 20713
1647519245034 0.4039402549779868 20714
1647519246001 0.4040177493382867 20715
1647519247094 0.4039984193537149 20716
1647519248502 0.40388318003227414 20717
1647519249522 0.4039391440639384 20718
1647519250635 0.4038821951932266 20719
1647519251717 0.40383465078875963 20720
1647519252788 0.4038632831867509 20721
1647519253740 0.40392479210567395 20722
1647519254780 0.4039385944005832 20723
1647519255733 0.40389428492869295 20724
1647519256790 0.4038785450833298 20725
1647519257911 0.4038490130439239 20726
1647519258828 0.4039327095516138 20727
1647519259755 0.4039771073653958 20728
1647519260929 0.4039192452530066 20729
1647519261933 0.4039703866871668 20730
1647519263098 0.40390036119994227 20731
1647519264112 0.403920437431494 20732
1647519264986 0.4040180842246724 20733
1647519265880 0.40406274263789543 20734
1647519266798 0.4040616147257202 20735
1647519267853 0.40404622314780236 20736
1647519268935 0.40399805656233373 20737
1647519269903 0.4040316096064076 20738
1647519270901 0.4040514064229224 20739
1647519271774 0.404094183892873 20740
1647519272771 0.40415705484722314 20741
1647519273750 0.4042010577080767 20742
1647519274675 0.4042853731692721 20743
1647519275787 0.404276041803046 20744
1647519276580 0.40432487224767866 20745
1647519277740 0.4043403611676852 20746
1647519278715 0.40441607567672855 20747
1647519279827 0.4043682928061857 20748
1647519280909 0.40434610450365505 20749
1647519281931 0.404316447071127 20750
1647519283001 0.4043098411320079 20751
1647519283953 0.4043480889142193 20752
1647519284897 0.40436529874606847 20753
1647519285954 0.4043352070633246 20754
1647519286953 0.40442344123348717 20755
1647519288012 0.4044189148543808 20756
1647519289090 0.4043633787367942 20757
1647519290135 0.40434600397083603 20758
1647519291207 0.40434575848947696 20759
1647519292093 0.40441144975000626 20760
1647519293068 0.4044310622546193 20761
1647519294146 0.40442913678827463 20762
1647519295172 0.4044560573910585 20763
1647519296156 0.40447003204330256 20764
1647519297569 0.4044050369110308 20765
1647519298623 0.4044071142723605 20766
1647519299553 0.40445487887293147 20767
1647519300747 0.4044022902641881 20768
1647519301760 0.4044026206577978 20769
1647519302694 0.4044623857635726 20770
1647519303948 0.40440721584307016 20771
1647519305284 0.40431524159825816 20772
1647519306500 0.404241569507927 20773
1647519307560 0.4042560957282422 20774
1647519308430 0.4043520175961009 20775
1647519309615 0.40434195692766733 20776
1647519310544 0.40437964486101496 20777
1647519311499 0.40444171734100537 20778
1647519312371 0.4045679779529572 20779
1647519313300 0.4046259191539362 20780
1647519314183 0.4048125666503708 20781
1647519315581 0.40470242623986 20782
1647519316765 0.40478307512578404 20783
1647519317809 0.4048720566874956 20784
1647519318755 0.4050040871948953 20785
1647519320160 0.4049304182935349 20786
1647519321271 0.40499420070780856 20787
1647519322468 0.4049804661840177 20788
1647519323628 0.40502866227475426 20789
1647519324585 0.40514597365253036 20790
1647519325973 0.40511933550026075 20791
1647519327160 0.40511947185957325 20792
1647519328638 0.405048034896579 20793
1647519330098 0.40496867353265936 20794
1647519331473 0.40495296830155464 20795
1647519332550 0.4050654052229688 20796
1647519333586 0.4050772219708289 20797
1647519335097 0.4049895277541862 20798
1647519336129 0.40513167146622664 20799
1647519337235 0.4051804330572193 20800
1647519338633 0.40512924451591836 20801
1647519339929 0.4051483008492583 20802
1647519340936 0.4052851171564644 20803
1647519341898 0.4053864192495159 20804
1647519342949 0.40547574374556167 20805
1647519344086 0.40549423219453756 20806
1647519345353 0.40543603209169443 20807
1647519346669 0.4053955622209619 20808
1647519347878 0.40541514991782607 20809
1647519348948 0.40545837468322976 20810
1647519350073 0.4055359316829958 20811
1647519351227 0.4055540713591215 20812
1647519352759 0.40546998866714795 20813
1647519353842 0.40547497889411127 20814
1647519354946 0.40543311542337457 20815
1647519356032 0.405423392180611 20816
1647519357074 0.40545353082859 20817
1647519358086 0.4055080174521201 20818
1647519359308 0.4054602653250214 20819
1647519360360 0.4054971942829587 20820
1647519361403 0.40556700716815863 20821
1647519362773 0.40547251966418174 20822
1647519363964 0.40541397675388197 20823
1647519365061 0.4054768304567079 20824
1647519366099 0.40555076848393606 20825
1647519367160 0.4056105632780144 20826
1647519368354 0.405598971734429 20827
1647519369375 0.40565314556287746 20828
1647519370566 0.4056732251552435 20829
1647519371584 0.40576650370642553 20830
1647519371781 0.40558537332693 20831
