1647525894892 0.41203632950782776 26040
1647525896854 0.464711531996727 26041
1647525898689 0.41885541876157123 26042
1647525900537 0.42276834696531296 26043
1647525901765 0.42550261616706847 26044
1647525902795 0.4276151160399119 26045
1647525903804 0.42808064818382263 26046
1647525904819 0.4387202002108097 26047
1647525905899 0.4389765097035302 26048
1647525906834 0.4451998442411423 26049
1647525907928 0.44226632064039056 26050
1647525908985 0.4382310286164284 26051
1647525910007 0.4395190225197719 26052
1647525911138 0.4355878872530801 26053
1647525912670 0.4252451201279958 26054
1647525913731 0.4273047037422657 26055
1647525914899 0.4277002250446993 26056
1647525916423 0.42109350197845036 26057
1647525917380 0.425963808047144 26058
1647525918620 0.42273925244808197 26059
1647525919752 0.42171635514213923 26060
1647525920972 0.420801811597564 26061
1647525922099 0.41844520620677783 26062
1647525923478 0.41274989396333694 26063
1647525924654 0.4145736384391785 26064
1647525925785 0.41434726921411663 26065
1647525926752 0.4184061763463197 26066
1647525927879 0.4156499984008925 26067
1647525929149 0.412539339271085 26068
1647525930264 0.4121289998292923 26069
1647525931396 0.41070231026218784 26070
1647525932419 0.4110507257282734 26071
1647525933435 0.4122478392991153 26072
1647525934717 0.41078081551720114 26073
1647525936003 0.4106172910758427 26074
1647525937282 0.4115377457605468 26075
1647525938260 0.41323647950146647 26076
1647525939267 0.4147948842299612 26077
1647525940544 0.4118085373670627 26078
1647525941521 0.41411442384123803 26079
1647525942666 0.41308326837493153 26080
1647525943968 0.41225002777008785 26081
1647525945126 0.4116667516009752 26082
1647525945990 0.41299755803563376 26083
1647525947321 0.40962330963876514 26084
1647525948287 0.4109371129585349 26085
1647525949706 0.4089579918283097 26086
1647525950638 0.4105363159130017 26087
1647525951864 0.408555909687159 26088
1647525953095 0.40764626026153566 26089
1647525954167 0.4077129907467786 26090
1647525955337 0.4076215114731055 26091
1647525956400 0.4072178495380114 26092
1647525957325 0.4089971885637001 26093
1647525958294 0.4086106316609816 26094
1647525959287 0.41092116864664213 26095
1647525960755 0.408917964027639 26096
1647525961876 0.40930829428393267 26097
1647525962946 0.40792600027585435 26098
1647525964100 0.40852990448474885 26099
1647525965210 0.4074791694273714 26100
1647525966194 0.40812907343910587 26101
1647525967317 0.40840340606750003 26102
1647525968606 0.40765844844281673 26103
1647525970134 0.4062649754377512 26104
1647525971184 0.40528140194488294 26105
1647525972414 0.4036943698996928 26106
1647525973734 0.4029182835536845 26107
1647525974912 0.40204216215921484 26108
1647525975932 0.40239135452679226 26109
1647525977122 0.4016241901357409 26110
1647525978258 0.40144653080238235 26111
1647525979286 0.40184767932108006 26112
1647525980251 0.40084602945559733 26113
1647525981467 0.39937363425890604 26114
1647525982707 0.39882867273531464 26115
1647525983715 0.39834231718794094 26116
1647525984791 0.3970214877373133 26117
1647525985860 0.39726261737980423 26118
1647525986925 0.39664034359157085 26119
1647525988197 0.39587745328008395 26120
1647525989273 0.39537189828186503 26121
1647525990722 0.39357601411371346 26122
1647525991870 0.39199578300828025 26123
1647525992833 0.3922152193153606 26124
1647525993785 0.39169537570587426 26125
1647525995077 0.3902101653745805 26126
1647525996246 0.3896244269880382 26127
1647525997359 0.38877373063162474 26128
1647525998457 0.3879570964309904 26129
1647525999891 0.3864566349721217 26130
1647526000997 0.3856092124529507 26131
1647526002119 0.385236894571653 26132
1647526003184 0.3842698538557012 26133
1647526004360 0.38317951748245643 26134
1647526005263 0.38330240671833354 26135
1647526006148 0.3829653078747779 26136
1647526007119 0.38256082881470116 26137
1647526008149 0.3821861274314649 26138
1647526009094 0.3824183741211891 26139
1647526010328 0.3812281666415753 26140
1647526011273 0.38146260117783265 26141
1647526012366 0.38054601254972437 26142
1647526013386 0.37983783334493637 26143
1647526014524 0.3790009788104466 26144
1647526015669 0.37837727620916545 26145
1647526016713 0.3778912879039194 26146
1647526017748 0.3779091661175092 26147
1647526018829 0.37805343357794874 26148
1647526020348 0.3769003686579791 26149
1647526021406 0.3762566933223793 26150
1647526022578 0.37578148847179754 26151
1647526023907 0.3747737602849977 26152
1647526024826 0.3745668695161217 26153
1647526025773 0.3742915319359821 26154
1647526026851 0.3740275086000048 26155
1647526027669 0.3743826591560983 26156
1647526028980 0.37334917889813246 26157
1647526030039 0.37257625926442506 26158
1647526031215 0.3714967884123325 26159
1647526032527 0.37045362222293193 26160
1647526033807 0.3692856333294853 26161
1647526035009 0.3685373915889399 26162
1647526035870 0.3680236976473562 26163
1647526036815 0.3679693813323975 26164
1647526038275 0.36665914136739003 26165
1647526039275 0.3668330740036927 26166
1647526040391 0.3663545836461708 26167
1647526041780 0.36566233068935633 26168
1647526042853 0.3648731601925997 26169
1647526043856 0.36449077372787564 26170
1647526044752 0.364430701755213 26171
1647526045749 0.3638216645869994 26172
1647526046987 0.3629003555249812 26173
1647526048050 0.3629145320918825 26174
1647526049329 0.3619587701909682 26175
1647526050374 0.3618086267561808 26176
1647526051609 0.36098905685155286 26177
1647526052401 0.3607524961447544 26178
1647526053539 0.3602633902004787 26179
1647526054460 0.3597757078654377 26180
1647526055423 0.3596993924026758 26181
1647526056409 0.35934146738552547 26182
1647526057618 0.3582491710161169 26183
1647526058626 0.3579904836827311 26184
1647526060053 0.3573054964207623 26185
1647526061061 0.35714303098973776 26186
1647526062186 0.3565250660317975 26187
1647526063516 0.3552945603260258 26188
1647526064401 0.35504556983709334 26189
1647526065578 0.35478624514001883 26190
1647526066508 0.3547579851001501 26191
1647526067408 0.354479856058663 26192
1647526068342 0.3543319298655956 26193
1647526069383 0.35435595502776485 26194
1647526070600 0.35391538160351604 26195
1647526071768 0.3531859069113519 26196
1647526072796 0.3528939302586302 26197
1647526074170 0.3520387737256176 26198
1647526075199 0.35167707297950984 26199
1647526076400 0.35103782659732036 26200
1647526077525 0.350447392758028 26201
1647526079046 0.3499106490538895 26202
1647526080128 0.3497540598235479 26203
1647526081036 0.3499202153899453 26204
1647526082030 0.34960521793509103 26205
1647526083197 0.3496768910013987 26206
1647526084305 0.3493093078335126 26207
1647526085299 0.34940851775146803 26208
1647526086408 0.34926083140513475 26209
1647526087378 0.3492259059035987 26210
1647526088288 0.3491710757100305 26211
1647526089310 0.3491447940038119 26212
1647526090552 0.3487442507483493 26213
1647526091999 0.34795796411378044 26214
1647526093054 0.34770996191284875 26215
1647526094011 0.34776466596598005 26216
1647526095190 0.3473558141274399 26217
1647526096090 0.34749330538611173 26218
1647526097039 0.34724816530942915 26219
1647526098286 0.34693819119785374 26220
1647526099236 0.34683962379183086 26221
1647526100178 0.3467768461652141 26222
1647526101103 0.3467151781787043 26223
1647526102063 0.34646748272148337 26224
1647526102916 0.3462911861878569 26225
1647526103897 0.3459185271020879 26226
1647526105094 0.3455668432598418 26227
1647526106173 0.3452589313189189 26228
1647526107253 0.344927832327391 26229
1647526108294 0.344546740435805 26230
1647526109310 0.3440967720622818 26231
1647526110610 0.3439126607667597 26232
1647526111619 0.34372699061005385 26233
1647526112671 0.3437056889900794 26234
1647526113610 0.34347175304986993 26235
1647526114837 0.3431368408166818 26236
1647526116003 0.34307124382919735 26237
1647526116954 0.34296259508660093 26238
1647526117922 0.34310509994626043 26239
1647526118888 0.34286717203126027 26240
1647526120013 0.3425994806065418 26241
1647526120964 0.3427059691527794 26242
1647526122173 0.34254229638506384 26243
1647526123348 0.34215528805081435 26244
1647526124359 0.34209312469635195 26245
1647526125441 0.3419429633928382 26246
1647526126897 0.34146617188190037 26247
1647526127900 0.3410037760957006 26248
1647526128932 0.3409619295171329 26249
1647526130059 0.3408754485619577 26250
1647526130847 0.34074738024259515 26251
1647526131825 0.3406167916708709 26252
1647526132838 0.34090697855871416 26253
1647526134238 0.3404297937487447 26254
1647526135177 0.34007751093142563 26255
1647526136505 0.33958075439325675 26256
1647526137394 0.3396838557556135 26257
1647526138449 0.33951361946863673 26258
1647526139593 0.3394583920186216 26259
1647526141068 0.338850528676046 26260
1647526142126 0.3388093258883502 26261
1647526143028 0.33877610705893135 26262
1647526143904 0.33872775241200415 26263
1647526144741 0.33867737650871277 26264
1647526145793 0.3384429410231852 26265
1647526146861 0.33829535051589493 26266
1647526148070 0.3379675481925931 26267
1647526149273 0.33771206679302535 26268
1647526150340 0.33735024281170056 26269
1647526151256 0.3373380121472594 26270
1647526152407 0.3369236359180048 26271
1647526153329 0.3371025040553875 26272
1647526154250 0.33709589621195424 26273
1647526155112 0.3371802882311192 26274
1647526156184 0.33687330978149077 26275
1647526157075 0.33697433002638916 26276
1647526158491 0.33647745065078016 26277
1647526159361 0.336416454058312 26278
1647526160369 0.3361360856021444 26279
1647526161282 0.3361684446883894 26280
1647526162432 0.3358901356739446 26281
1647526163510 0.3357966058416131 26282
1647526164511 0.3356042366902359 26283
1647526165592 0.33535111613419594 26284
1647526166695 0.335396723715755 26285
1647526167532 0.335555827629711 26286
1647526168764 0.3351838440303841 26287
1647526169674 0.33533692928442516 26288
1647526170800 0.33519985634088517 26289
1647526171871 0.33496408378223025 26290
1647526173048 0.3347935263244879 26291
1647526174017 0.3347662486459898 26292
1647526175483 0.33430626601215424 26293
1647526176317 0.33415004131840725 26294
1647526177439 0.33388730010483414 26295
1647526178525 0.33356890986865595 26296
1647526179513 0.33355729917223137 26297
1647526180395 0.3336262638504441 26298
1647526181608 0.33334512767883445 26299
1647526183032 0.33284937558959726 26300
1647526184063 0.3326756625457574 26301
1647526185133 0.33255816174550656 26302
1647526186097 0.3326511633667079 26303
1647526187156 0.3326142976868827 26304
1647526188207 0.33247245881790505 26305
1647526189625 0.331990131557211 26306
1647526190663 0.33187296091398194 26307
1647526191631 0.3318041183580696 26308
1647526192788 0.3314935898339307 26309
1647526193732 0.3314965535573854 26310
1647526194666 0.33162645294385795 26311
1647526195782 0.33147225165978456 26312
1647526196733 0.33139005433903995 26313
1647526197755 0.331651168086312 26314
1647526198591 0.3315363965820575 26315
1647526199867 0.33127321265234416 26316
1647526201295 0.3309732551733367 26317
1647526202356 0.33079571188778006 26318
1647526203448 0.33094376884400845 26319
1647526204454 0.33121567354719833 26320
1647526205733 0.33096612963481997 26321
1647526206777 0.3307139486495682 26322
1647526207750 0.3306325319892084 26323
1647526208758 0.3306554017882598 26324
1647526209739 0.33058863893880713 26325
1647526210883 0.33021947398833695 26326
1647526211937 0.33005551859322524 26327
1647526213075 0.3298313338245075 26328
1647526214314 0.3296693433975351 26329
1647526215769 0.3292299494710575 26330
1647526216891 0.32915491580146633 26331
1647526217916 0.3290953454100638 26332
1647526218904 0.3291341310658423 26333
1647526220343 0.3285183976767427 26334
1647526221565 0.32825048534652673 26335
1647526222737 0.32820502831679 26336
1647526223639 0.3284010446611667 26337
1647526224745 0.328241909377551 26338
1647526225881 0.32799984827637674 26339
1647526227059 0.32788363995148095 26340
1647526227961 0.3281490910822982 26341
1647526228947 0.3280015116182491 26342
1647526229942 0.3281220570696812 26343
1647526230966 0.3278785636679071 26344
1647526232059 0.32786330322619356 26345
1647526233112 0.32784642463592445 26346
1647526234006 0.32814983118857655 26347
1647526234990 0.3282263118375852 26348
1647526236002 0.32820294138885314 26349
1647526236966 0.3283388798164018 26350
1647526238050 0.3282937430896056 26351
1647526238906 0.32819014354445303 26352
1647526239879 0.3281292954732658 26353
1647526240979 0.32785448711069803 26354
1647526241965 0.3278236609376684 26355
1647526242926 0.32786534237748816 26356
1647526243932 0.32790739454750745 26357
1647526245287 0.3276021147503001 26358
1647526246228 0.327540895761922 26359
1647526247371 0.3274338065742332 26360
1647526248270 0.32750772749600204 26361
1647526249356 0.32739206599561793 26362
1647526250648 0.3272097480977759 26363
1647526252119 0.3269114193549523 26364
1647526253121 0.3269717877079373 26365
1647526254145 0.32699508440968456 26366
1647526255276 0.32697429753294804 26367
1647526256327 0.3269218066905407 26368
1647526257451 0.32668685127388347 26369
1647526258544 0.3264580227637219 26370
1647526259425 0.3266451536531908 26371
1647526260670 0.32635779061295966 26372
1647526261889 0.32603895731136473 26373
1647526262981 0.3259909954088837 26374
1647526264092 0.3259039954504087 26375
1647526265481 0.3256742900751465 26376
1647526266767 0.3255103729092158 26377
1647526267824 0.32543658678334725 26378
1647526268826 0.32528566564707195 26379
1647526270269 0.32499550160599594 26380
1647526271662 0.3247683330586082 26381
1647526272570 0.3249889507064319 26382
1647526274031 0.32474636702343473 26383
1647526275162 0.32468698482582536 26384
1647526275977 0.32484791432157417 26385
1647526277031 0.32469217346106205 26386
1647526278135 0.3246715522703083 26387
1647526279292 0.3245664149266601 26388
1647526280235 0.32454386046954564 26389
1647526281235 0.3245485201690272 26390
1647526282347 0.32450054425068875 26391
1647526283547 0.3244693831411367 26392
1647526284576 0.32441905216645384 26393
1647526285518 0.3244337062600633 26394
1647526286925 0.32415497206737487 26395
1647526288310 0.32380511467697237 26396
1647526289357 0.3236633279053859 26397
1647526290396 0.32359014094540006 26398
1647526291414 0.3236606699311071 26399
1647526292544 0.3236036740264074 26400
1647526293746 0.32345786373753577 26401
1647526294615 0.3235574593310842 26402
1647526295625 0.3236036849627783 26403
1647526296520 0.3237059703836702 26404
1647526297469 0.32392619285590013 26405
1647526298378 0.32397474462232406 26406
1647526299566 0.32418113108724356 26407
1647526300756 0.32459891839886745 26408
1647526301683 0.32515338832462154 26409
1647526302797 0.325525814592035 26410
1647526303876 0.32604926932723294 26411
1647526305308 0.32609344707257626 26412
1647526306259 0.32684273703053673 26413
1647526307258 0.3272648000319799 26414
1647526308281 0.32769893739927325 26415
1647526309529 0.32778329918017757 26416
1647526310618 0.3280165873901554 26417
1647526311534 0.3285287513660567 26418
1647526312606 0.3287007941619346 26419
1647526313535 0.3289659367067607 26420
1647526314395 0.32922217558035677 26421
1647526315792 0.32926163983874157 26422
1647526316891 0.3293291436275467 26423
1647526318025 0.3294375045345975 26424
1647526319238 0.32948428612453334 26425
1647526320271 0.3296752820412318 26426
1647526321218 0.3300047462671688 26427
1647526322593 0.329955058301629 26428
1647526323994 0.33003010684863116 26429
1647526325248 0.32999276897638957 26430
1647526326408 0.3300156573175776 26431
1647526327251 0.3304649797332196 26432
1647526328378 0.3305888655146366 26433
1647526329587 0.33060644853718674 26434
1647526330614 0.3307671058132793 26435
1647526331616 0.33097349219868705 26436
1647526332804 0.3309479046182417 26437
1647526333832 0.3312493932052961 26438
1647526334895 0.3314191773161292 26439
1647526335770 0.3317233147540889 26440
1647526336763 0.33182788662501234 26441
1647526337794 0.3318459147924821 26442
1647526338714 0.33214758074667194 26443
1647526340119 0.3320990417842512 26444
1647526341088 0.3323463400082635 26445
1647526342219 0.3324018397187718 26446
1647526343370 0.33254472535176605 26447
1647526344325 0.33267706563391136 26448
1647526345319 0.33295075591744444 26449
1647526346310 0.33319284667208826 26450
1647526347352 0.33337024479959776 26451
1647526348496 0.3333152094923555 26452
1647526349508 0.3335312622540815 26453
1647526350909 0.3335491215249142 26454
1647526352052 0.33368376517095244 26455
1647526353326 0.33351602782305484 26456
1647526354413 0.3335190353710115 26457
1647526355296 0.33386194403672276 26458
1647526356292 0.33396743220232783 26459
1647526357625 0.33403336332841044 26460
1647526358682 0.3342464690877928 26461
1647526360091 0.33416056058790106 26462
1647526361041 0.33428250875253723 26463
1647526362113 0.3344639269394033 26464
1647526363170 0.3346436402537453 26465
1647526364300 0.33478631009402265 26466
1647526365361 0.33490885867275927 26467
1647526366575 0.33493611900817544 26468
1647526367733 0.33495896136344866 26469
1647526369155 0.33486884960304003 26470
1647526370221 0.3349578044963656 26471
1647526371121 0.3350722379896437 26472
1647526372165 0.3352025466099862 26473
1647526373374 0.3352765146000632 26474
1647526374459 0.3354067307204828 26475
1647526375644 0.3353478029813592 26476
1647526376710 0.33538541310045816 26477
1647526377690 0.3355332638448898 26478
1647526378602 0.3358304299075495 26479
1647526379624 0.3359433199340254 26480
1647526380714 0.33593571000643985 26481
1647526381817 0.33605675506941624 26482
1647526383041 0.33613420851730014 26483
1647526384224 0.33634216420436175 26484
1647526385268 0.3364062397803426 26485
1647526386279 0.3365617829481227 26486
1647526387333 0.3366439640189388 26487
1647526388202 0.33682215694993534 26488
1647526389185 0.3371052044298914 26489
1647526390291 0.33706807346803913 26490
1647526391498 0.33699670694438755 26491
1647526392838 0.33696127697726747 26492
1647526394025 0.33699022184253263 26493
1647526394943 0.3372008067893458 26494
1647526396023 0.3372574259379977 26495
1647526396852 0.33760146594543167 26496
1647526397935 0.33775100726878277 26497
1647526399076 0.3378594578416259 26498
1647526400261 0.3377897412556669 26499
1647526401440 0.3377114773895632 26500
1647526402841 0.337636005407546 26501
1647526403966 0.3376917624383457 26502
1647526405093 0.3377711105256759 26503
1647526406187 0.3378320477021638 26504
1647526407576 0.33774740044267393 26505
1647526408714 0.33786085500068785 26506
1647526409673 0.33801049570369923 26507
1647526410915 0.3379333136496005 26508
1647526411801 0.3380509315970096 26509
1647526413228 0.33800568072532644 26510
1647526414466 0.33802668860782004 26511
1647526415838 0.33799855436255516 26512
1647526416952 0.33800591317787454 26513
1647526418073 0.33802028301515075 26514
1647526419007 0.33818891215599883 26515
1647526420090 0.3381785254620906 26516
1647526421183 0.33819910064027897 26517
1647526422227 0.3382879438691448 26518
1647526423211 0.33843138345206775 26519
1647526424547 0.33840287688987913 26520
1647526425931 0.33829903098681163 26521
1647526427217 0.3382026629356617 26522
1647526428343 0.3381588636043151 26523
1647526429569 0.3380914435251472 26524
1647526430676 0.338056914814951 26525
1647526432094 0.33794910122604094 26526
1647526433040 0.3381501404171596 26527
1647526434123 0.3381150257307084 26528
1647526435016 0.33822030762628635 26529
1647526436170 0.33824518168166795 26530
1647526437230 0.3382819767102478 26531
1647526438357 0.338262543444943 26532
1647526439536 0.3382229877688624 26533
1647526440899 0.3380918600041457 26534
1647526442319 0.3380731014655002 26535
1647526443483 0.33800673020077904 26536
1647526444591 0.3381199662285636 26537
1647526445782 0.33799297582052035 26538
1647526447059 0.33803425630927086 26539
1647526448101 0.33799208885062476 26540
1647526449260 0.3382838444702654 26541
1647526450358 0.33868073412841165 26542
1647526451651 0.33880381011182353 26543
1647526452659 0.33912018947672135 26544
1647526453666 0.33942167988054367 26545
1647526454642 0.3397880035803398 26546
1647526455807 0.3400112282279439 26547
1647526456987 0.34014795638606216 26548
1647526458220 0.34019328364554574 26549
1647526459199 0.34062718560667654 26550
1647526460373 0.3407773528888356 26551
1647526461461 0.3410577016209069 26552
1647526462598 0.3412532122508561 26553
1647526463854 0.34131489358480693 26554
1647526464829 0.34142792632066926 26555
1647526465826 0.3417453844554189 26556
1647526467285 0.34171262817838477 26557
1647526468256 0.3419117449508237 26558
1647526469400 0.34194981487324605 26559
1647526470498 0.3420921956794962 26560
1647526471733 0.34202252896466934 26561
1647526472977 0.342019558323273 26562
1647526474030 0.3420616307843278 26563
1647526475111 0.3421464219263622 26564
1647526476256 0.3422616362401741 26565
1647526477531 0.3423111268815777 26566
1647526478750 0.3424457084443985 26567
1647526479591 0.3427688548999833 26568
1647526480559 0.34297689905144135 26569
1647526481554 0.3431738889206152 26570
1647526482665 0.34324789184488746 26571
1647526483778 0.34328462149926914 26572
1647526484929 0.3433836559845267 26573
1647526485987 0.3434062790369319 26574
1647526487491 0.34339673753216193 26575
1647526488915 0.3433096427990738 26576
1647526489931 0.34347651785301897 26577
1647526491107 0.3435706184116056 26578
1647526491982 0.3437618931962384 26579
1647526493041 0.34380589618369967 26580
1647526494144 0.34374576144442787 26581
1647526495319 0.3437661570574039 26582
1647526496278 0.3439980022444883 26583
1647526497393 0.34415442547120084 26584
1647526498800 0.344077940088707 26585
1647526500004 0.3440521751450446 26586
1647526501022 0.34414267575327495 26587
1647526502208 0.3441343077599242 26588
1647526503342 0.34430201972072777 26589
1647526504527 0.34439140663713813 26590
1647526505864 0.34435674675024935 26591
1647526506794 0.34446860704348703 26592
1647526508250 0.344377183930323 26593
1647526509372 0.34447779717209104 26594
1647526510533 0.34461366425422457 26595
1647526511659 0.3446816498918636 26596
1647526512719 0.34476353535194976 26597
1647526513790 0.34480953011295234 26598
1647526514952 0.34485342776668926 26599
1647526516211 0.3447940096976285 26600
1647526517310 0.3448243987782994 26601
1647526518452 0.34496763700596184 26602
1647526519833 0.3448619544241868 26603
1647526521284 0.34475379905342 26604
1647526522407 0.34494631326767244 26605
1647526523305 0.34518866640444995 26606
1647526524291 0.34527100226513935 26607
1647526525729 0.34517801124831704 26608
1647526526878 0.3451703595226271 26609
1647526527957 0.34520662151890336 26610
1647526528950 0.3453488583070832 26611
1647526530071 0.3453859716757846 26612
1647526531198 0.3453810290021348 26613
1647526532567 0.3452356268789457 26614
1647526533603 0.3454094387125224 26615
1647526535072 0.3453042237814419 26616
1647526536195 0.3453752858673825 26617
1647526537247 0.3455512790533751 26618
1647526538413 0.345686291183891 26619
1647526539788 0.34563246987465124 26620
1647526540793 0.34572114467723264 26621
1647526541709 0.34586607272485925 26622
1647526542715 0.3459240946000161 26623
1647526543859 0.34598387314213647 26624
1647526545006 0.34604718312366833 26625
1647526546247 0.3461589766269648 26626
1647526547375 0.3461542987347055 26627
1647526548450 0.3461445240344985 26628
1647526549378 0.3462939008060148 26629
1647526550537 0.34631034396525767 26630
1647526551581 0.34636255169941765 26631
1647526552661 0.3463836574886139 26632
1647526553710 0.34647316962279856 26633
1647526554798 0.3465186498495711 26634
1647526555966 0.34656288082267617 26635
1647526557035 0.34656938668371645 26636
1647526558147 0.34662040582169656 26637
1647526559180 0.346728631993367 26638
1647526560289 0.3466639721641938 26639
1647526561314 0.34673869954468606 26640
1647526562536 0.34682626460378746 26641
1647526563755 0.3470293561963497 26642
1647526564820 0.3470323866122211 26643
1647526566204 0.34694662446325475 26644
1647526567175 0.3470910760779979 26645
1647526568596 0.3470181774906507 26646
1647526569965 0.3470098634838666 26647
1647526570934 0.34712149711763135 26648
1647526572070 0.34721864933361773 26649
1647526573036 0.34744320829351677 26650
1647526574116 0.34751465928807757 26651
1647526575315 0.347536279487182 26652
1647526576371 0.3475476799211207 26653
1647526577405 0.3476009858090703 26654
1647526578762 0.3475337882175461 26655
1647526580257 0.34743551494526514 26656
1647526581307 0.3474822974368978 26657
1647526582384 0.34752789613984897 26658
1647526583354 0.347655157288236 26659
1647526584503 0.3476577132652347 26660
1647526585632 0.34772831031459706 26661
1647526586765 0.3478053953875317 26662
1647526587836 0.3479403186446199 26663
1647526588922 0.347997416806221 26664
1647526590034 0.34809180444326643 26665
1647526591202 0.34813100049655404 26666
1647526592337 0.3481325467063743 26667
1647526593563 0.3480537126051034 26668
1647526594872 0.34800751320426426 26669
1647526595776 0.34814806674531823 26670
1647526597194 0.34798148340439494 26671
1647526598207 0.3480283938124658 26672
1647526599380 0.34800706291424366 26673
1647526600263 0.34807514280784785 26674
1647526601622 0.34799574666990424 26675
1647526602792 0.3480881989657224 26676
1647526603839 0.3481310478945885 26677
1647526604925 0.34824756044363936 26678
1647526606040 0.348271738179028 26679
1647526607148 0.3482560553993338 26680
1647526608595 0.34814866606691547 26681
1647526609632 0.3482444853193096 26682
1647526610760 0.3482935619742974 26683
1647526612154 0.34817632330480475 26684
1647526613346 0.3482085674447541 26685
1647526614484 0.34817342973750376 26686
1647526615591 0.3481795127377098 26687
1647526617032 0.34808440067918717 26688
1647526618186 0.34816101821569295 26689
1647526619481 0.3480949197222011 26690
1647526620878 0.34793759553344705 26691
1647526622014 0.34805857692524267 26692
1647526622988 0.34818453385013326 26693
1647526624175 0.3482325291815605 26694
1647526625585 0.3480712790496466 26695
1647526626560 0.34830543031431227 26696
1647526627650 0.3484301013153012 26697
1647526628791 0.3484793288212083 26698
1647526629952 0.3484672204563112 26699
1647526631074 0.3483778896562631 26700
1647526632185 0.348326843310699 26701
1647526633612 0.34821069591185627 26702
1647526634710 0.3483086308262434 26703
1647526635792 0.3483653848780725 26704
1647526636731 0.3485431146245819 26705
1647526637713 0.3486640202230599 26706
1647526638777 0.3487506928201207 26707
1647526639748 0.34895066389053925 26708
1647526640849 0.3490050297619692 26709
1647526641994 0.34901519308502377 26710
1647526643355 0.3488970746153167 26711
1647526644606 0.3488586277079618 26712
1647526645684 0.34883487755184006 26713
1647526646917 0.3487900244748151 26714
1647526648022 0.34885523640192473 26715
1647526648937 0.3489943482587045 26716
1647526650090 0.34896264447223474 26717
1647526651106 0.3490618460308294 26718
1647526652582 0.34907516109592773 26719
1647526653743 0.3492461377741132 26720
1647526654783 0.34953848510718416 26721
1647526656233 0.3495596988920237 26722
1647526657253 0.34971111729653953 26723
1647526658567 0.3496939224483323 26724
1647526659635 0.34991242269559086 26725
1647526660711 0.35007724092169795 26726
1647526661890 0.3499378246190243 26727
1647526662976 0.3499480050776278 26728
1647526664206 0.34991053113902826 26729
1647526665630 0.3498045658927233 26730
1647526666627 0.34989288961784 26731
1647526667652 0.3499969102947571 26732
1647526668626 0.3500104823098746 26733
1647526669808 0.3500667463961265 26734
1647526670902 0.3500926499308526 26735
1647526671826 0.3501762155566359 26736
1647526672918 0.3501477354235499 26737
1647526674019 0.35016899162607645 26738
1647526674867 0.35028618271861756 26739
1647526675763 0.35039295878968124 26740
1647526676727 0.35045526526932025 26741
1647526677726 0.3505523318840803 26742
1647526678769 0.3505379407327961 26743
1647526679704 0.35053015723296094 26744
1647526680748 0.3505020735115235 26745
1647526681882 0.35044484605546383 26746
1647526682972 0.35052331023465444 26747
1647526683861 0.3506308983596323 26748
1647526684853 0.3507268556826551 26749
1647526685811 0.3507770928652478 26750
1647526686767 0.3508824588458859 26751
1647526687772 0.35085290269129404 26752
1647526688766 0.35091562556619404 26753
1647526689713 0.3509667615790467 26754
1647526690804 0.3508945633162999 26755
1647526691997 0.350836604708907 26756
1647526693394 0.35067246553376524 26757
1647526694385 0.3506987064413633 26758
1647526695427 0.35071488484326335 26759
1647526696605 0.3507065309854883 26760
1647526697647 0.35070812390534173 26761
1647526698534 0.35077451111782304 26762
1647526699474 0.3508686865602738 26763
1647526700377 0.35109831409207704 26764
1647526701333 0.35115796489738565 26765
1647526702225 0.3512631504088025 26766
1647526703387 0.3512037383535734 26767
1647526704216 0.3513330404527884 26768
1647526705160 0.35137239414943405 26769
1647526706229 0.35135158735407684 26770
1647526707600 0.3512462959548489 26771
1647526708749 0.3511578329059957 26772
1647526709773 0.3511839558342497 26773
1647526710826 0.3511440164580637 26774
1647526711733 0.35124724635692395 26775
1647526712820 0.3512229576322731 26776
1647526714061 0.35109931814072903 26777
1647526715468 0.3509647593164315 26778
1647526716632 0.3508870495130887 26779
1647526717650 0.35086179308482673 26780
1647526718641 0.3508883954259263 26781
1647526719847 0.3507866936248212 26782
1647526720749 0.35076151469782474 26783
1647526722008 0.3506934378571158 26784
1647526723055 0.3507308126814244 26785
1647526724131 0.35077405125501165 26786
1647526725316 0.35075681327896957 26787
1647526726398 0.3507307349879528 26788
1647526727307 0.35074608892202375 26789
1647526728212 0.35081656233527847 26790
1647526729392 0.35076056470341505 26791
1647526730769 0.3506392848246284 26792
1647526731689 0.35066847999231887 26793
1647526732694 0.3506084601808068 26794
1647526733824 0.35055312472913003 26795
1647526734794 0.35059354612739113 26796
1647526735701 0.35061421713209406 26797
1647526736755 0.3506371030026902 26798
1647526737834 0.3505543858401085 26799
1647526738881 0.3505236165948046 26800
1647526739709 0.3505534437189265 26801
1647526740648 0.35058297353600143 26802
1647526741548 0.35064330238712393 26803
1647526742499 0.3506537130260779 26804
1647526743572 0.3506694210610564 26805
1647526744535 0.35068451901691367 26806
1647526745360 0.35079822978392866 26807
1647526746578 0.3506967258120079 26808
1647526747537 0.3507021883284891 26809
1647526748515 0.3507278147799805 26810
1647526749519 0.3507219313069638 26811
1647526750508 0.3507212818170118 26812
1647526751421 0.35078329311861856 26813
1647526752485 0.3506539622622152 26814
1647526753545 0.35059752428577734 26815
1647526754546 0.3505865728417879 26816
1647526755495 0.3506674616188194 26817
1647526756424 0.35074639433232135 26818
1647526757843 0.3505950103776577 26819
1647526758732 0.35069019527731415 26820
1647526759728 0.3506789996915156 26821
1647526760920 0.35057897458511905 26822
1647526761879 0.35066037512935544 26823
1647526762812 0.3507255177019508 26824
1647526764252 0.3505706625016591 26825
1647526765127 0.3506845405663741 26826
1647526766045 0.35071716281741405 26827
1647526766989 0.35071495622963056 26828
1647526767932 0.35074431241690357 26829
1647526768843 0.3507749239540884 26830
1647526769748 0.3508562230589715 26831
1647526770680 0.35092103223857785 26832
1647526771580 0.35103601350517055 26833
1647526772509 0.3511264241154089 26834
1647526773347 0.3512394030077673 26835
1647526774349 0.3512412499790658 26836
1647526775218 0.35122187131254895 26837
1647526776295 0.35118704569876863 26838
1647526777338 0.35124283088371155 26839
1647526778411 0.35127341228254727 26840
1647526779281 0.3513401370133248 26841
1647526780338 0.35138964784768867 26842
1647526781447 0.3514130097160588 26843
1647526782597 0.35134870593222034 26844
1647526783598 0.3514331711396094 26845
1647526785046 0.35132569792914714 26846
1647526786238 0.35130759843136417 26847
1647526787109 0.35132919804495844 26848
1647526788054 0.35138066585785077 26849
1647526789143 0.35134285245591407 26850
1647526790035 0.35144205062920825 26851
1647526791003 0.3515125556149019 26852
1647526792011 0.3515975306346024 26853
1647526792955 0.351601270097165 26854
1647526794022 0.35158292786674755 26855
1647526795166 0.3516223374640198 26856
1647526796567 0.3514947031412847 26857
1647526797671 0.35148300712652986 26858
1647526798761 0.35145621797660503 26859
1647526799721 0.35149390202346875 26860
1647526800796 0.35154824227167164 26861
1647526801954 0.35151448769818533 26862
1647526802961 0.35156960723903574 26863
1647526803893 0.3516698076869502 26864
1647526805111 0.3515500001988168 26865
1647526806293 0.3515424720465488 26866
1647526807496 0.3514954724173615 26867
1647526808478 0.3516100949559482 26868
1647526809562 0.35152161225497003 26869
1647526810633 0.351470217628743 26870
1647526811543 0.3515364498688051 26871
1647526812687 0.3515063661630271 26872
1647526813756 0.3515131143714598 26873
1647526814851 0.3515150805433353 26874
1647526815748 0.35152139956728695 26875
1647526816781 0.3515226902571488 26876
1647526817741 0.3514947360625984 26877
1647526818703 0.35146937292863983 26878
1647526819661 0.3515076813598474 26879
1647526820757 0.3514897340684952 26880
1647526821815 0.3515224834802315 26881
1647526822903 0.35149242890687177 26882
1647526824087 0.3514831080609023 26883
1647526824969 0.3515893419113385 26884
1647526826051 0.3516363657253572 26885
1647526826931 0.3516418107707216 26886
1647526827779 0.3516697989390144 26887
1647526828828 0.3516636343740883 26888
1647526829861 0.35165338712580063 26889
1647526830805 0.3517197143597272 26890
1647526831745 0.3516793047458353 26891
1647526832675 0.35175853779000105 26892
1647526833576 0.35183902109255555 26893
1647526834600 0.3518668968426554 26894
1647526835518 0.35188385398588445 26895
1647526836479 0.35194978413531774 26896
1647526837404 0.3520467604721065 26897
1647526838429 0.35204207227588113 26898
1647526839792 0.35195866819731025 26899
1647526840941 0.3518825059153062 26900
1647526841863 0.35191909128717924 26901
1647526842789 0.3519548295132669 26902
1647526843877 0.35198299134909 26903
1647526844962 0.3520552388849975 26904
1647526846096 0.3520216862337694 26905
1647526847232 0.3519822532330417 26906
1647526848152 0.3520786064217717 26907
1647526849273 0.35200318148824783 26908
1647526850347 0.3519986274598659 26909
1647526851343 0.35202053548547896 26910
1647526852260 0.35204744301394586 26911
1647526853436 0.35200517178264545 26912
1647526854387 0.35200579471255333 26913
1647526855465 0.3520090515272958 26914
1647526856754 0.3519131450076081 26915
1647526857872 0.35179640724830236 26916
1647526859133 0.3517497550517932 26917
1647526860301 0.351684755059775 26918
1647526861226 0.3517676605419679 26919
1647526862196 0.3517534690195532 26920
1647526863188 0.35176896690781695 26921
1647526864239 0.35172407621030494 26922
1647526865269 0.3517728134720034 26923
1647526866314 0.35176969961931476 26924
1647526867399 0.35177546736214554 26925
1647526868446 0.3517723127846788 26926
1647526869540 0.35170902707823765 26927
1647526870460 0.3517152669056999 26928
1647526871508 0.3517632789826125 26929
1647526872518 0.3518469642375321 26930
1647526873634 0.35186743064712517 26931
1647526874737 0.3519007229524657 26932
1647526875739 0.35196491379199146 26933
1647526876863 0.35193450747255506 26934
1647526877934 0.3518924786975341 26935
1647526878957 0.3519089661181438 26936
1647526880032 0.35191651408815705 26937
1647526880885 0.3520050110488102 26938
1647526881835 0.3519793971710735 26939
1647526882932 0.3519488712659025 26940
1647526884026 0.351890835721054 26941
1647526885235 0.35181296469101214 26942
1647526886097 0.3518683740588944 26943
1647526887283 0.3518007567903613 26944
1647526888517 0.35170483276675607 26945
1647526889485 0.35176528242746286 26946
1647526890512 0.3518050772503084 26947
1647526891460 0.3517565179054755 26948
1647526892648 0.35170752153946805 26949
1647526893580 0.35176742675537337 26950
1647526894447 0.3517970509435001 26951
1647526895321 0.35182615256126715 26952
1647526896249 0.35185958797222155 26953
1647526897187 0.35188777557487694 26954
1647526898301 0.35183215193352846 26955
1647526899249 0.35186680527393793 26956
1647526900180 0.35195649530503226 26957
1647526901085 0.3520366370483374 26958
1647526902426 0.351970887572869 26959
1647526903311 0.35197503329229407 26960
1647526904401 0.35197225012644767 26961
1647526905842 0.35185366090818965 26962
1647526906931 0.35184625597485214 26963
1647526908078 0.3518692498593717 26964
1647526909102 0.35185564150048126 26965
1647526909919 0.3519212491046778 26966
1647526911000 0.3518961290668311 26967
1647526912151 0.35183384013637914 26968
1647526913253 0.3517660184893557 26969
1647526914351 0.35178301151277686 26970
1647526915800 0.35171478657379684 26971
1647526916684 0.35175775762922895 26972
1647526917986 0.3517140777386741 26973
1647526918983 0.3517109306419597 26974
1647526920239 0.351624295529392 26975
1647526921429 0.35152384362073186 26976
1647526922409 0.35150741278998127 26977
1647526923375 0.35149960992689205 26978
1647526924629 0.35137521458115983 26979
1647526925652 0.3514358153790394 26980
1647526926707 0.3513761798509114 26981
1647526927530 0.35142981701096954 26982
1647526928404 0.3514959193229423 26983
1647526929339 0.3514852099790775 26984
1647526930384 0.3514275377415451 26985
1647526931359 0.35145204785695927 26986
1647526932496 0.3513839120509001 26987
1647526933540 0.35135637427846045 26988
1647526934584 0.3513349448536572 26989
1647526935480 0.3513503652673164 26990
1647526936409 0.3513517817247565 26991
1647526937611 0.3513004552623783 26992
1647526938478 0.35139950527272634 26993
1647526939502 0.3514368150402738 26994
1647526940388 0.35144386139686634 26995
1647526941382 0.35151613582326574 26996
1647526942604 0.35147388069452973 26997
1647526943636 0.3514808826420429 26998
1647526944639 0.35149790534439185 26999
1647526945692 0.35149490580536447 27000
1647526946589 0.3515807215023685 27001
1647526947692 0.35162018019771774 27002
1647526948706 0.35172539657267793 27003
1647526949594 0.3518071162422704 27004
1647526950997 0.35170086612057244 27005
1647526952118 0.351719156770573 27006
1647526953112 0.3517889977886903 27007
1647526953973 0.35190422608448874 27008
1647526955181 0.3518631647081719 27009
1647526956025 0.35191354740230724 27010
1647526956982 0.35192168606713475 27011
1647526957909 0.35202288111520574 27012
1647526958917 0.3520179936620244 27013
1647526959978 0.3520292365703827 27014
1647526960903 0.3520974700537617 27015
1647526961873 0.352156064756207 27016
1647526962967 0.3521269957986346 27017
1647526963895 0.35221377208417964 27018
1647526964877 0.3522190649746632 27019
1647526965916 0.3521980097807875 27020
1647526967002 0.35214038561961314 27021
1647526967895 0.3521756329256302 27022
1647526968811 0.3521802566672971 27023
1647526969906 0.35215304356238564 27024
1647526970794 0.3521833298444506 27025
1647526971983 0.3521802483811567 27026
1647526973343 0.3520860346373518 27027
1647526974395 0.3520644808412201 27028
1647526975407 0.351988074138309 27029
1647526976570 0.35196607599766055 27030
1647526977789 0.35191118346166705 27031
1647526978893 0.35186897050157895 27032
1647526979918 0.35191343549331666 27033
1647526981088 0.35192023370433695 27034
1647526982268 0.3518985293087471 27035
1647526983286 0.3519014591648203 27036
1647526984220 0.3519594885692568 27037
1647526985718 0.35206477809417713 27038
1647526987220 0.3521103525310755 27039
1647526988739 0.3521564460687942 27040
1647526990021 0.3522919921609694 27041
1647526991217 0.3524851711208775 27042
1647526992709 0.35258806323209607 27043
1647526993818 0.3527380395439727 27044
1647526995000 0.35288636663384276 27045
1647526996296 0.3528793242120932 27046
1647526997323 0.3530053499465187 27047
1647526998586 0.35301689824275856 27048
1647526999975 0.3529685217112598 27049
1647527001032 0.3530985904170309 27050
1647527002100 0.3531611070125235 27051
1647527003321 0.35323998106961657 27052
1647527004402 0.35328812507776586 27053
1647527005456 0.35340321846489836 27054
1647527006749 0.35334932259980617 27055
1647527007892 0.35340848689644266 27056
1647527008874 0.35346630284441943 27057
1647527010004 0.3534686021265502 27058
1647527011206 0.35353149624139657 27059
1647527012146 0.35360515203753834 27060
1647527013214 0.3536423350121177 27061
1647527014251 0.35369602502674186 27062
1647527015336 0.3537283993064193 27063
1647527016286 0.3537946273204757 27064
1647527017197 0.35385457574449786 27065
1647527018141 0.3538900233783415 27066
1647527019326 0.35382052234116695 27067
1647527020536 0.35373123914032334 27068
1647527021521 0.3537390474989576 27069
1647527022708 0.3537167752546436 27070
1647527023792 0.353733505375048 27071
1647527024854 0.3537335863620014 27072
1647527025948 0.35372518436763456 27073
1647527026937 0.35370265517545785 27074
1647527027976 0.353647980637647 27075
1647527028974 0.35370101543321214 27076
1647527030191 0.35358922628538686 27077
1647527031295 0.3535529288738478 27078
1647527032344 0.353527181280347 27079
1647527033387 0.35352539114374937 27080
1647527034291 0.353487967987207 27081
1647527035096 0.35351876513041336 27082
1647527036257 0.35346281237300786 27083
1647527037144 0.3534337556248076 27084
1647527038576 0.3532895102356178 27085
1647527039687 0.3532625758858556 27086
1647527040845 0.3531831966016356 27087
1647527041973 0.3530997932099296 27088
1647527042971 0.3531404506450608 27089
1647527044296 0.35310014981694954 27090
1647527045439 0.3530780277126416 27091
1647527046322 0.35304722307357805 27092
1647527047340 0.3530129461321252 27093
1647527048219 0.35299462101188317 27094
1647527049265 0.3529767589784707 27095
1647527050714 0.35286356417097453 27096
1647527051567 0.3528549079915301 27097
1647527052953 0.35273339856166225 27098
1647527053831 0.35273041771549096 27099
1647527054937 0.35267620077962364 27100
1647527055924 0.35263083020677677 27101
1647527056836 0.3525536731095776 27102
1647527057638 0.35254880633289204 27103
1647527058576 0.35246858939598424 27104
1647527059524 0.3524455011701718 27105
1647527060734 0.3523876707941545 27106
1647527061634 0.3524154196266601 27107
1647527062799 0.352317864408105 27108
1647527063805 0.352238178740595 27109
1647527064703 0.35227317295544175 27110
1647527065818 0.3521610690113991 27111
1647527066821 0.352187563646984 27112
1647527067939 0.3521749441766872 27113
1647527068947 0.3521240724657857 27114
1647527069824 0.35211122810120477 27115
1647527070660 0.35213994997844944 27116
1647527071696 0.3521479956377194 27117
1647527072687 0.3521692699669024 27118
1647527073596 0.3521425542594106 27119
1647527074642 0.3521246004032934 27120
1647527075710 0.35209117844948706 27121
1647527076741 0.3520796099610606 27122
1647527077686 0.3520809787968208 27123
1647527078758 0.3520503499678203 27124
1647527079621 0.35204750031891446 27125
1647527080738 0.35200579371217644 27126
1647527081955 0.3519489852958085 27127
1647527083087 0.3518770394711674 27128
1647527083934 0.3519242227487608 27129
1647527084836 0.3519220048276576 27130
1647527086019 0.3518469553481747 27131
1647527087021 0.3518145280836486 27132
1647527088221 0.3517363324107592 27133
1647527089266 0.3516334051683069 27134
1647527090363 0.3516468917747049 27135
1647527091346 0.35164211903687703 27136
1647527092375 0.35171971050767953 27137
1647527093482 0.35176127091443354 27138
1647527094557 0.3518445178866386 27139
1647527095787 0.3519109710306606 27140
1647527096841 0.3520753865287438 27141
1647527097759 0.3522503870190649 27142
1647527098903 0.3523075262327557 27143
1647527099733 0.3524141059472011 27144
1647527100886 0.3524087980308757 27145
1647527101991 0.35243028674237664 27146
1647527102834 0.35255022860713814 27147
1647527103800 0.3527030920369653 27148
1647527104848 0.3527530627207713 27149
1647527106229 0.3527384469843898 27150
1647527107206 0.3528203429828445 27151
1647527108177 0.3528464543101815 27152
1647527109314 0.35285782557201556 27153
1647527110719 0.35283821746372857 27154
1647527111887 0.3528359684038333 27155
1647527113290 0.35277192146519837 27156
1647527114385 0.3527949804536772 27157
1647527115640 0.3527521114992818 27158
1647527116762 0.3527755509529795 27159
1647527117686 0.35286012151005225 27160
1647527118565 0.3529353820172648 27161
1647527119433 0.35310245711996635 27162
1647527120422 0.35317969245312475 27163
1647527121551 0.3531917513741387 27164
1647527122946 0.35311890955928377 27165
1647527123950 0.35320008932856617 27166
1647527124993 0.35322031130393344 27167
1647527126094 0.35325571680829204 27168
1647527127206 0.35331854756954495 27169
1647527128415 0.3533187544419637 27170
1647527129376 0.3534808118857259 27171
1647527130550 0.35354882523430625 27172
1647527131589 0.35364089512005054 27173
1647527132794 0.35371743742589906 27174
1647527133755 0.35385214099267 27175
1647527134719 0.3539695336615295 27176
1647527135784 0.35410172071942964 27177
1647527136851 0.3541548695869881 27178
1647527137918 0.3542643945990947 27179
1647527138940 0.3543248614075934 27180
1647527139897 0.3544180606428253 27181
1647527141266 0.35440258883845877 27182
1647527142649 0.3543786504208208 27183
1647527143885 0.3543627915163748 27184
1647527144915 0.35437763033737063 27185
1647527145890 0.35447702146969157 27186
1647527146827 0.35462281009253727 27187
1647527147883 0.3547836831593327 27188
1647527149003 0.35482102632522583 27189
1647527150272 0.35474700538310455 27190
1647527151413 0.3547119004651904 27191
1647527152722 0.35470212818949715 27192
1647527153997 0.3547019239521522 27193
1647527155034 0.3546979759678696 27194
1647527156497 0.354651921219273 27195
1647527157759 0.3546257169213703 27196
1647527158894 0.35465744032246255 27197
1647527160023 0.3547171967054257 27198
1647527161273 0.35467394652037787 27199
1647527162377 0.3546871511100388 27200
1647527163398 0.35472916505217755 27201
1647527164555 0.35474953460262854 27202
1647527165538 0.3548902281115145 27203
1647527166626 0.35485516968203207 27204
1647527167893 0.3547899248158339 27205
1647527168919 0.354807558382487 27206
1647527170019 0.3548335494754249 27207
1647527171058 0.354881957441033 27208
1647527172141 0.3549661134552752 27209
1647527173097 0.35505770697846156 27210
1647527174070 0.35514250730796887 27211
1647527175214 0.35519564479513244 27212
1647527176254 0.35521131502607206 27213
1647527177390 0.3552445211562705 27214
1647527178170 0.3554067514634051 27215
1647527179176 0.35548058934604704 27216
1647527180498 0.35540766411908414 27217
1647527181492 0.35547343207376303 27218
1647527182464 0.3555092912356732 27219
1647527183668 0.3555030890635572 27220
1647527184741 0.3555297737849747 27221
1647527185696 0.3555321986657124 27222
1647527186743 0.3555132583840876 27223
1647527188138 0.3554462667004469 27224
1647527189107 0.3555079584479533 27225
1647527190197 0.3555006706724673 27226
1647527191619 0.3554064490854339 27227
1647527192653 0.35544732239338606 27228
1647527193769 0.3554033236718979 27229
1647527194845 0.35535031828582037 27230
1647527195935 0.355361336967189 27231
1647527196884 0.35539867790776547 27232
1647527197912 0.3554060798968302 27233
1647527198856 0.35537899257498307 27234
1647527199912 0.35536469973897855 27235
1647527201035 0.35533452224462553 27236
1647527201955 0.35540793140812194 27237
1647527202872 0.35545634125997067 27238
1647527204054 0.35540732213606435 27239
1647527205049 0.3554330733073542 27240
1647527206204 0.35537200371507005 27241
1647527207206 0.3553792629034838 27242
1647527208066 0.3554632021268935 27243
1647527208972 0.3555130138065805 27244
1647527209871 0.3555060513008689 27245
1647527210921 0.35549297065851404 27246
1647527211988 0.3554595678378612 27247
1647527212961 0.3554870604458084 27248
1647527213965 0.35550380195221626 27249
1647527214851 0.3555094509283242 27250
1647527215884 0.3555576116117117 27251
1647527216878 0.3555947760732726 27252
1647527217854 0.3556667132398246 27253
1647527218971 0.3556607139331323 27254
1647527219799 0.3557002237189169 27255
1647527220973 0.3556951678303685 27256
1647527221978 0.3557397063167029 27257
1647527223096 0.35569532560314476 27258
1647527224191 0.3556756576920142 27259
1647527225210 0.35566177394280757 27260
1647527226329 0.3556479226962439 27261
1647527227295 0.3557008477209634 27262
1647527228293 0.3556970289597909 27263
1647527229341 0.35565902047011316 27264
1647527230349 0.35571867996920964 27265
1647527231420 0.35570523909125373 27266
1647527232512 0.3556654732006963 27267
1647527233538 0.35563501382232976 27268
1647527234623 0.35563523239963424 27269
1647527235523 0.35564622136512297 27270
1647527236514 0.35564789182034795 27271
1647527237600 0.35562760905579444 27272
1647527238636 0.3556197870468398 27273
1647527239628 0.3556056125081985 27274
1647527241063 0.3555263973965421 27275
1647527242128 0.35553167854332596 27276
1647527243071 0.3555493252126196 27277
1647527244277 0.3555125062916912 27278
1647527245314 0.3554833522366901 27279
1647527246263 0.3555097491221501 27280
1647527247529 0.3554419536929392 27281
1647527248926 0.3553546732194176 27282
1647527250151 0.35528924549747126 27283
1647527251211 0.35528062851314085 27284
1647527252089 0.35532826219908115 27285
1647527253296 0.3553011376640753 27286
1647527254236 0.35530279358275807 27287
1647527255215 0.35532426718380855 27288
1647527256099 0.35540237439870836 27289
1647527257048 0.3554215120206729 27290
1647527257950 0.3555372249894439 27291
1647527259334 0.3554463075192947 27292
1647527260525 0.35549070858404014 27293
1647527261574 0.35554009531123704 27294
1647527262538 0.3556160622151794 27295
1647527263972 0.3555437516103971 27296
1647527265080 0.3555713711463401 27297
1647527266290 0.3555317680640671 27298
1647527267487 0.3555591289486204 27299
1647527268454 0.3556574108721622 27300
1647527269856 0.35563295616778634 27301
1647527271065 0.3556227713752529 27302
1647527272536 0.35555911726683753 27303
1647527274023 0.35548079593379506 27304
1647527275413 0.35547143731731184 27305
1647527276489 0.35554677636113424 27306
1647527277543 0.3555497063165207 27307
1647527279045 0.35546537045421706 27308
1647527280085 0.35555634634701283 27309
1647527281195 0.35557238289824067 27310
1647527282603 0.3555203869985709 27311
1647527283896 0.35552799771923954 27312
1647527284896 0.35563466900278295 27313
1647527285902 0.355688087683098 27314
1647527286954 0.3557437847026837 27315
1647527288121 0.35573869924948565 27316
1647527289385 0.35567591659992887 27317
1647527290709 0.35564423502190584 27318
1647527291933 0.3556538750650361 27319
1647527293012 0.35566811850999686 27320
1647527294151 0.3557230404312265 27321
1647527295271 0.35572874376482083 27322
1647527296823 0.3556718284792246 27323
1647527297920 0.35566908531615704 27324
1647527299037 0.3556443132332658 27325
1647527300131 0.3556410918748925 27326
1647527301193 0.35565745027631707 27327
1647527302207 0.35570531882363016 27328
1647527303424 0.3556623122950857 27329
1647527304489 0.35567160155032607 27330
1647527305551 0.35574089936427655 27331
1647527306961 0.355658791941999 27332
1647527308153 0.3555992571565062 27333
1647527309251 0.35563922694751193 27334
1647527310272 0.35568261335109486 27335
1647527311333 0.3557099301767239 27336
1647527312519 0.35569867358553026 27337
1647527313522 0.3557101428921724 27338
1647527314704 0.35571240493884454 27339
1647527315715 0.35576534880572885 27340
1647527315915 0.3555947212694061 27341
