1647532230136 0.39517444372177124 31248
1647532231924 0.42623426020145416 31249
1647532233771 0.3971897065639496 31250
1647532235735 0.40312012284994125 31251
1647532236904 0.40859511494636536 31252
1647532237985 0.40995152791341144 31253
1647532238999 0.41067853569984436 31254
1647532240036 0.42311466857790947 31255
1647532241113 0.42029817236794365 31256
1647532242039 0.4270424395799637 31257
1647532243124 0.4226377010345459 31258
1647532244182 0.4174479419986407 31259
1647532245176 0.4172356885213118 31260
1647532246308 0.41060578397342135 31261
1647532247824 0.3993379165728887 31262
1647532248877 0.4002346070483327 31263
1647532250060 0.39847296739325805 31264
1647532251567 0.39123836076921886 31265
1647532252525 0.3906737871860203 31266
1647532253735 0.38646317049860957 31267
1647532254872 0.3842097967863083 31268
1647532256080 0.3816904838789593 31269
1647532257194 0.37899504472380097 31270
1647532258579 0.37304365262389183 31271
1647532259740 0.3732976579666138 31272
1647532260857 0.373244332579466 31273
1647532261754 0.37519793267603274 31274
1647532262872 0.3722266320671354 31275
1647532264110 0.36904322895510444 31276
1647532265232 0.3684894979000092 31277
1647532266366 0.36696349228582076 31278
1647532267385 0.36621043272316456 31279
1647532268412 0.36651659192460956 31280
1647532269680 0.3642961032250348 31281
1647532270966 0.3632640361785889 31282
1647532272144 0.3635115540689892 31283
1647532273109 0.3638734003982028 31284
1647532274088 0.36413198709487915 31285
1647532275355 0.36151776099816346 31286
1647532276339 0.36320567652583124 31287
1647532277479 0.36241769136452096 31288
1647532278808 0.3615788192976089 31289
1647532279958 0.3603777441867562 31290
1647532280826 0.36027637733654544 31291
1647532282134 0.35732665724224516 31292
1647532283097 0.35815427095993707 31293
1647532284490 0.3566922241068901 31294
1647532285415 0.35712674632668495 31295
1647532286601 0.35511816460259105 31296
1647532287837 0.3543317186832428 31297
1647532288919 0.3539552752878152 31298
1647532290080 0.35374205846052903 31299
1647532291160 0.3531926926576866 31300
1647532292072 0.35411924510090437 31301
1647532293066 0.35353170687502083 31302
1647532294047 0.35480200925043653 31303
1647532295522 0.3530719510295935 31304
1647532296637 0.3528471167745261 31305
1647532297692 0.35159674135305113 31306
1647532298826 0.35194574246803917 31307
1647532299926 0.351130304766483 31308
1647532300871 0.35195337524337156 31309
1647532301979 0.3519386966077108 31310
1647532303234 0.35124329663813114 31311
1647532304755 0.35009509737675004 31312
1647532305802 0.3488117519653205 31313
1647532306995 0.3473206827444817 31314
1647532308315 0.3464699034743449 31315
1647532309492 0.34575225887955097 31316
1647532310508 0.34611600445849555 31317
1647532311710 0.3455077869371629 31318
1647532312831 0.34536596284144455 31319
1647532313869 0.3455924001866824 31320
1647532314818 0.3445324738686149 31321
1647532316025 0.3430952346324921 31322
1647532317239 0.3425664101776324 31323
1647532318232 0.3419744488480803 31324
1647532319288 0.3411062512642298 31325
1647532320338 0.3409950770909273 31326
1647532321361 0.3405768148601055 31327
1647532322650 0.33992142147488064 31328
1647532324077 0.33945499978414395 31329
1647532325561 0.33813153494553394 31330
1647532326681 0.3368988086779912 31331
1647532327632 0.33710418448728674 31332
1647532328568 0.336602053669996 31333
1647532329850 0.3355508193202402 31334
1647532331030 0.33516942777416925 31335
1647532332153 0.33470587783984923 31336
1647532333242 0.33400340212715995 31337
1647532334709 0.33278133679222277 31338
1647532335830 0.332190693396589 31339
1647532336964 0.33221147778213667 31340
1647532338035 0.3315251114520621 31341
1647532339240 0.330658251831406 31342
1647532340128 0.33071594514573616 31343
1647532341040 0.33066479370151597 31344
1647532342030 0.3303933628663725 31345
1647532343105 0.3300510339363657 31346
1647532344080 0.33020471796393397 31347
1647532345331 0.32935844243753076 31348
1647532346267 0.3295837569178319 31349
1647532347376 0.32888961576142356 31350
1647532348401 0.3283343196201783 31351
1647532349530 0.3277727531535285 31352
1647532350675 0.3272556377188215 31353
1647532351725 0.3267901928346848 31354
1647532352750 0.3269386491565793 31355
1647532353722 0.32717829436884016 31356
1647532355178 0.32637006640434263 31357
1647532356241 0.32599584932799813 31358
1647532357417 0.32568614317902495 31359
1647532358714 0.3249234551877047 31360
1647532359634 0.3247939073725751 31361
1647532360583 0.3246567954187808 31362
1647532361679 0.3244910841358119 31363
1647532362504 0.3246950295745817 31364
1647532363796 0.3238948366399539 31365
1647532364848 0.32319990188634695 31366
1647532366037 0.32237304660181204 31367
1647532367343 0.3215818836176691 31368
1647532368636 0.32062354158671175 31369
1647532369840 0.3201550299801478 31370
1647532370709 0.3197334400348125 31371
1647532371645 0.31971712625026705 31372
1647532373082 0.3186566678304521 31373
1647532374077 0.3189204389185417 31374
1647532375230 0.318756332853809 31375
1647532376625 0.31832365587700245 31376
1647532377735 0.3178559470635194 31377
1647532378725 0.31782357929317095 31378
1647532379641 0.3178949572823264 31379
1647532380652 0.31747212916388545 31380
1647532381965 0.316839963976127 31381
1647532383044 0.3169518953120267 31382
1647532384263 0.3162849739413051 31383
1647532385325 0.3163506992324425 31384
1647532386566 0.3156769789647365 31385
1647532387372 0.3155037975139755 31386
1647532388528 0.31520814299583433 31387
1647532389456 0.3149709969970351 31388
1647532390427 0.31497560231618477 31389
1647532391437 0.31473436513980785 31390
1647532392660 0.3138543426369627 31391
1647532393674 0.3135414858316553 31392
1647532395113 0.31307978019730687 31393
1647532396118 0.31304628214463087 31394
1647532397262 0.31257883771448525 31395
1647532398650 0.3116000825726746 31396
1647532399543 0.3112818679213524 31397
1647532400736 0.31116413014219296 31398
1647532401678 0.3112285245994204 31399
1647532402593 0.3109232227202334 31400
1647532403526 0.3107823504062442 31401
1647532404605 0.31090716575422594 31402
1647532405848 0.3106127772002648 31403
1647532407029 0.310077034174257 31404
1647532408091 0.30986378389068797 31405
1647532409455 0.30920820940965377 31406
1647532410501 0.3087773834355175 31407
1647532411720 0.30831069281752804 31408
1647532412869 0.30782243333480974 31409
1647532414025 0.3074567930464364 31410
1647532415088 0.3073731897080817 31411
1647532415989 0.30763238830999895 31412
1647532417003 0.3073914205453482 31413
1647532418006 0.3074943940796538 31414
1647532419132 0.3071610535539332 31415
1647532420129 0.30734452340729845 31416
1647532421251 0.3073091698043487 31417
1647532422236 0.30747375815932515 31418
1647532423173 0.30750414937041526 31419
1647532424236 0.3074703788481696 31420
1647532425498 0.3071465595015164 31421
1647532426983 0.3064837694168091 31422
1647532428046 0.3062189935960553 31423
1647532429017 0.3063823062147798 31424
1647532430211 0.3062241273314765 31425
1647532431129 0.30669346984538287 31426
1647532432096 0.3065229516890314 31427
1647532433366 0.306338841579237 31428
1647532434326 0.30635842042309896 31429
1647532435275 0.30630743161576696 31430
1647532436189 0.3062573438105376 31431
1647532437150 0.30610264990780806 31432
1647532438020 0.3059110740820567 31433
1647532439042 0.30567097839187174 31434
1647532440234 0.30548761785030365 31435
1647532441336 0.3052364841655449 31436
1647532442421 0.3049429578216452 31437
1647532443460 0.3046346913769607 31438
1647532444479 0.3042811492147545 31439
1647532445801 0.3041249871871632 31440
1647532446815 0.3040513302554789 31441
1647532447893 0.3041216859450707 31442
1647532448847 0.3038946067800327 31443
1647532450088 0.3035645922882303 31444
1647532451267 0.30356188035673565 31445
1647532452227 0.30348684971955553 31446
1647532453191 0.303629697188735 31447
1647532454156 0.3034770483549555 31448
1647532455207 0.30328720269521864 31449
1647532456134 0.30347687233551385 31450
1647532457362 0.30329964258799363 31451
1647532458532 0.30305121475603525 31452
1647532459545 0.3028929461408587 31453
1647532460626 0.30268847949550926 31454
1647532462074 0.3023106563263215 31455
1647532463090 0.30201599985788885 31456
1647532464131 0.30200843654927756 31457
1647532465269 0.3019630899079038 31458
1647532466069 0.30185313115142426 31459
1647532467041 0.3017707707736414 31460
1647532468048 0.30198575319530807 31461
1647532469440 0.30157413011373474 31462
1647532470391 0.3012678485915617 31463
1647532471782 0.3008828476277365 31464
1647532472734 0.30106861821008385 31465
1647532473850 0.30090857273367444 31466
1647532475046 0.30094172074036163 31467
1647532476531 0.3004571512948334 31468
1647532477596 0.3005454221421534 31469
1647532478514 0.3005910263868725 31470
1647532479379 0.30072916891159757 31471
1647532480288 0.30071264803409575 31472
1647532481356 0.3004848024750178 31473
1647532482431 0.30037161668491785 31474
1647532483620 0.30005798992096333 31475
1647532484825 0.2999190346512732 31476
1647532485882 0.2995828490542329 31477
1647532486860 0.29958304485459347 31478
1647532488008 0.2992551525219761 31479
1647532488945 0.2994064909322067 31480
1647532489851 0.2994917830468243 31481
1647532490726 0.2994741590099132 31482
1647532491809 0.29916901918033423 31483
1647532492727 0.29927056744883335 31484
1647532494152 0.2988513092659101 31485
1647532495084 0.29893711951237845 31486
1647532496095 0.29868995752185584 31487
1647532497009 0.29883730120925983 31488
1647532498196 0.29866292130602295 31489
1647532499294 0.29853320495827207 31490
1647532500306 0.29838130580352956 31491
1647532501404 0.29817642630362995 31492
1647532502504 0.2982773528835638 31493
1647532503342 0.2986020834339775 31494
1647532504585 0.2982734670081446 31495
1647532505511 0.29845549136280536 31496
1647532506662 0.2983818200826645 31497
1647532507751 0.29819589045893147 31498
1647532508927 0.2981419133998099 31499
1647532509935 0.29813634819192847 31500
1647532511408 0.2978174775017528 31501
1647532512261 0.29776572941565044 31502
1647532513425 0.2976479384233244 31503
1647532514544 0.29751779023079555 31504
1647532515542 0.2976258860886559 31505
1647532516445 0.2977731204286045 31506
1647532517673 0.2976131993417557 31507
1647532519109 0.29725149153977976 31508
1647532520165 0.29711833852165526 31509
1647532521243 0.29711764546628233 31510
1647532522252 0.2973418263436267 31511
1647532523323 0.2974574128974159 31512
1647532524415 0.29745295324495863 31513
1647532525823 0.2970392503653573 31514
1647532526884 0.2970140504636871 31515
1647532527840 0.2970033779352571 31516
1647532529014 0.29680434459889377 31517
1647532529973 0.2968553023694626 31518
1647532530912 0.29695087304229245 31519
1647532532023 0.2968494331552869 31520
1647532533015 0.296826526903323 31521
1647532534029 0.2972363780303435 31522
1647532534895 0.29726585988765175 31523
1647532536188 0.29717657954469057 31524
1647532537636 0.2970325029689631 31525
1647532538710 0.2970651540384498 31526
1647532539827 0.2974648733756372 31527
1647532540856 0.2978531668937079 31528
1647532542136 0.2977033963968568 31529
1647532543201 0.2975287843930005 31530
1647532544177 0.29758233346149954 31531
1647532545231 0.2977010529292257 31532
1647532546256 0.297714901449797 31533
1647532547447 0.2974291029499798 31534
1647532548528 0.2973206118784017 31535
1647532549703 0.29728574519751394 31536
1647532550960 0.29718737633063874 31537
1647532552437 0.2968627062347746 31538
1647532553605 0.29688678268496305 31539
1647532554645 0.2969601476253503 31540
1647532555682 0.2971370100062721 31541
1647532557168 0.2966674616781332 31542
1647532558428 0.2964918793657342 31543
1647532559621 0.29647988452253116 31544
1647532560549 0.29668767140215674 31545
1647532561650 0.29652899070128946 31546
1647532562823 0.2963460350533326 31547
1647532564035 0.29627085093445954 31548
1647532564957 0.29660027237325315 31549
1647532565998 0.2964876227744735 31550
1647532567002 0.29662451780352156 31551
1647532568084 0.29644546919181697 31552
1647532569186 0.29638461642015995 31553
1647532570244 0.2963961025985134 31554
1647532571176 0.2967236063310078 31555
1647532572193 0.2968358939519592 31556
1647532573227 0.29681374324906257 31557
1647532574214 0.29698654386391593 31558
1647532575334 0.29697704506226075 31559
1647532576197 0.2968558066378767 31560
1647532577206 0.29680104705558463 31561
1647532578344 0.29656462087517693 31562
1647532579316 0.29658384701307816 31563
1647532580308 0.29662427950168635 31564
1647532581329 0.29664612130361534 31565
1647532582738 0.2964215985846744 31566
1647532583722 0.29632050255313513 31567
1647532584933 0.29619070822576127 31568
1647532585877 0.2962266618605726 31569
1647532587023 0.2961025787027259 31570
1647532588275 0.29593889677414187 31571
1647532589712 0.29564782697420855 31572
1647532590762 0.2956495562488316 31573
1647532591821 0.2956021372969362 31574
1647532592986 0.29557572573241664 31575
1647532594074 0.29551673130242656 31576
1647532595251 0.2951945219979142 31577
1647532596365 0.29492472184208585 31578
1647532597257 0.29501071926879596 31579
1647532598556 0.2947868414379813 31580
1647532599729 0.29455350143109965 31581
1647532600859 0.2944414201957076 31582
1647532601966 0.2943734269411791 31583
1647532603385 0.29414031046611266 31584
1647532604692 0.2940048012419565 31585
1647532605798 0.29389829713862203 31586
1647532606842 0.29371960377868483 31587
1647532608309 0.29344189984183155 31588
1647532609775 0.29321478686311786 31589
1647532610731 0.2933559737035206 31590
1647532612257 0.29310046300985093 31591
1647532613469 0.2930550748023434 31592
1647532614338 0.29311453159144846 31593
1647532615373 0.29298808663997594 31594
1647532616496 0.29301184963905946 31595
1647532617714 0.2929264610168927 31596
1647532618696 0.29282715133258275 31597
1647532619767 0.29288738218807425 31598
1647532620904 0.29283532127738 31599
1647532622180 0.2927855854331603 31600
1647532623201 0.2927523576102014 31601
1647532624175 0.29269081370931277 31602
1647532625582 0.2924633580730872 31603
1647532626978 0.29213593666459997 31604
1647532628072 0.291980015873576 31605
1647532629153 0.29193782901863535 31606
1647532630226 0.2919526653571261 31607
1647532631398 0.2919021132827796 31608
1647532632638 0.2917683159119516 31609
1647532633536 0.2918028346270569 31610
1647532634583 0.2918409078003286 31611
1647532635511 0.2919274593869301 31612
1647532636514 0.29204271750046257 31613
1647532637442 0.2920637808801043 31614
1647532638617 0.29220188328105473 31615
1647532639814 0.292557335400646 31616
1647532640736 0.29297820957931314 31617
1647532641861 0.2932549697369578 31618
1647532642970 0.29372196956988306 31619
1647532644436 0.29374886773546643 31620
1647532645394 0.29429737721534976 31621
1647532646398 0.29461361447970075 31622
1647532647425 0.2948640141873918 31623
1647532648667 0.2949121375457045 31624
1647532649758 0.2950408630585544 31625
1647532650678 0.2953761055633072 31626
1647532651762 0.2954854965209961 31627
1647532652709 0.2956533159796647 31628
1647532653576 0.2958203679760089 31629
1647532654978 0.295886867662634 31630
1647532656085 0.29591451639619964 31631
1647532657225 0.29600838894967907 31632
1647532658458 0.29601117065224625 31633
1647532659503 0.29616677329829805 31634
1647532660436 0.29639074045051006 31635
1647532661822 0.29632066684394387 31636
1647532663215 0.29637144826925715 31637
1647532664476 0.2963140208245543 31638
1647532665611 0.29625750051773325 31639
1647532666465 0.2966479146450227 31640
1647532667599 0.29676896764844807 31641
1647532668820 0.2967841048783894 31642
1647532669870 0.29688590667163484 31643
1647532670877 0.2970790917837349 31644
1647532672082 0.297082351679778 31645
1647532673132 0.29742022093973663 31646
1647532674210 0.29755225077271463 31647
1647532675103 0.2978204136477444 31648
1647532676086 0.2979270905552812 31649
1647532677109 0.29792587632872625 31650
1647532678054 0.298192829778879 31651
1647532679452 0.29815021179340506 31652
1647532680430 0.2983329071493572 31653
1647532681569 0.29837525330245934 31654
1647532682719 0.2984955635871373 31655
1647532683670 0.2985991672373634 31656
1647532684663 0.2988080000732003 31657
1647532685678 0.2989559098896899 31658
1647532686728 0.2990342327981319 31659
1647532687886 0.29897794394458466 31660
1647532688902 0.29907507301816616 31661
1647532690295 0.2990914741194392 31662
1647532691431 0.2991825701095737 31663
1647532692680 0.2990274609778997 31664
1647532693775 0.29896261243586336 31665
1647532694645 0.29919974271181377 31666
1647532695643 0.29921303167939184 31667
1647532696972 0.2992723808223448 31668
1647532698054 0.29936206789237063 31669
1647532699467 0.2992643765735288 31670
1647532700434 0.2993355069731204 31671
1647532701512 0.299502132675227 31672
1647532702576 0.29969339342044554 31673
1647532703705 0.29977585528857253 31674
1647532704754 0.2998280853520487 31675
1647532705989 0.299849855003657 31676
1647532707134 0.2998840363566266 31677
1647532708578 0.29981488947110496 31678
1647532709647 0.2998687606649818 31679
1647532710577 0.3000004757152694 31680
1647532711644 0.3001542109566899 31681
1647532712885 0.30021872989747717 31682
1647532713977 0.30026067058564326 31683
1647532715203 0.300238589093396 31684
1647532716294 0.30025309191582955 31685
1647532717254 0.30034799771998627 31686
1647532718185 0.3005907788534056 31687
1647532719239 0.30067904050252875 31688
1647532720356 0.300691881364557 31689
1647532721470 0.30076403438237664 31690
1647532722708 0.3008708420570369 31691
1647532723888 0.30104799675807525 31692
1647532724948 0.3011151003262922 31693
1647532725944 0.3012349394543859 31694
1647532727012 0.3012729948719165 31695
1647532727911 0.30138418718940163 31696
1647532728918 0.30163513537910247 31697
1647532730038 0.30160861748152984 31698
1647532731275 0.3015258347500214 31699
1647532732643 0.3014860281157441 31700
1647532733856 0.3015306430175441 31701
1647532734775 0.301725466467522 31702
1647532735874 0.3017999429517148 31703
1647532736719 0.30202893580206114 31704
1647532737832 0.30215471660856597 31705
1647532738965 0.3022245031361486 31706
1647532740161 0.30216707525693853 31707
1647532741333 0.30210130834657045 31708
1647532742719 0.3020160450757324 31709
1647532743880 0.30204101711447245 31710
1647532745030 0.30213412902606973 31711
1647532746152 0.30211433213885114 31712
1647532747566 0.3020413252864784 31713
1647532748689 0.3021653781164382 31714
1647532749671 0.30231148103236133 31715
1647532750919 0.3022519476822953 31716
1647532751846 0.30240072896505926 31717
1647532753261 0.30235450469637626 31718
1647532754533 0.30236719412950136 31719
1647532755934 0.3023513438648704 31720
1647532757023 0.30236534387627734 31721
1647532758173 0.3024091968097185 31722
1647532759098 0.30256913799573393 31723
1647532760200 0.3025363297894816 31724
1647532761293 0.3025329495511294 31725
1647532762390 0.30258387081433935 31726
1647532763369 0.30268176486715676 31727
1647532764747 0.3026441273409215 31728
1647532766162 0.30254127589127827 31729
1647532767476 0.3024694050506035 31730
1647532768663 0.30242732940010786 31731
1647532769876 0.3023653423356027 31732
1647532771011 0.3023090953996152 31733
1647532772447 0.3022063841748776 31734
1647532773401 0.30232091935076677 31735
1647532774496 0.30226939419905346 31736
1647532775390 0.30240811653891386 31737
1647532776545 0.30239913750690256 31738
1647532777649 0.3024020678689325 31739
1647532778792 0.30236892843464086 31740
1647532779981 0.3023262882703229 31741
1647532781382 0.30220252702934575 31742
1647532782809 0.30216959905960866 31743
1647532783998 0.30209934171776415 31744
1647532785145 0.30215742807072327 31745
1647532786364 0.3020433690958845 31746
1647532787694 0.30202097922563553 31747
1647532788733 0.3019713100321041 31748
1647532789910 0.3022476644867445 31749
1647532791005 0.3026239230310467 31750
1647532792296 0.3027484348960339 31751
1647532793338 0.3031001122281103 31752
1647532794352 0.3033760571079292 31753
1647532795388 0.30365005400053846 31754
1647532796539 0.30383344505011567 31755
1647532797759 0.3039498039336476 31756
1647532798994 0.3039931879908431 31757
1647532799994 0.30432667453461665 31758
1647532801200 0.30447657161857933 31759
1647532802291 0.30467713570501836 31760
1647532803408 0.3048261354753479 31761
1647532804664 0.30488966801791517 31762
1647532805668 0.30499175514361654 31763
1647532806670 0.30525217394072496 31764
1647532808156 0.3052123149849733 31765
1647532809144 0.3053788375073545 31766
1647532810323 0.3053990384133963 31767
1647532811420 0.3055266239135142 31768
1647532812677 0.30547173326956356 31769
1647532813909 0.30544388180253157 31770
1647532814969 0.30549091737688955 31771
1647532816082 0.30557525651795525 31772
1647532817232 0.3056771853237551 31773
1647532818534 0.3057379252657266 31774
1647532819762 0.30584117685529316 31775
1647532820589 0.3061223437407517 31776
1647532821571 0.3063282312649601 31777
1647532822577 0.3065053982249761 31778
1647532823711 0.30659217617117374 31779
1647532824851 0.3066388678371794 31780
1647532825995 0.3067357940843489 31781
1647532827064 0.3067400810317458 31782
1647532828536 0.3067409187666516 31783
1647532829985 0.3066639795316664 31784
1647532831016 0.306796505548697 31785
1647532832201 0.30687236089211006 31786
1647532833077 0.3070267038764777 31787
1647532834150 0.3070673692468795 31788
1647532835265 0.3070255796187918 31789
1647532836399 0.30702698389908667 31790
1647532837370 0.3071923822931507 31791
1647532838453 0.3073188122806199 31792
1647532839874 0.3072554775865087 31793
1647532841101 0.30721337349584815 31794
1647532842118 0.307262161787409 31795
1647532843326 0.30725191384282485 31796
1647532844464 0.3073428259654479 31797
1647532845651 0.30739348326317845 31798
1647532846974 0.30735137675335444 31799
1647532847922 0.30744340573900647 31800
1647532849382 0.30737090342096474 31801
1647532850549 0.30743511555431124 31802
1647532851726 0.30754766157633967 31803
1647532852863 0.3076041811137482 31804
1647532853947 0.30768490975262014 31805
1647532855065 0.3077159071864297 31806
1647532856233 0.307739388516971 31807
1647532857508 0.30766771003311755 31808
1647532858628 0.30768499032882607 31809
1647532859815 0.30779472189305307 31810
1647532861207 0.30770006162900454 31811
1647532862659 0.30758075046855793 31812
1647532863793 0.30775183515603466 31813
1647532864729 0.3078658419679292 31814
1647532865721 0.30791114724542895 31815
1647532867178 0.3078217542286707 31816
1647532868334 0.3078176757484152 31817
1647532869434 0.3078307961676459 31818
1647532870436 0.30792009796608577 31819
1647532871557 0.30797356458130515 31820
1647532872679 0.30797435787185146 31821
1647532874067 0.3078524523196013 31822
1647532875111 0.30804249711541665 31823
1647532876593 0.3079742609524851 31824
1647532877724 0.3080344726573225 31825
1647532878792 0.3081877171375591 31826
1647532879981 0.30829532896650247 31827
1647532881390 0.30826002210635123 31828
1647532882399 0.3082938260843664 31829
1647532883313 0.30842893901656465 31830
1647532884322 0.3084901806018124 31831
1647532885482 0.30856316074346885 31832
1647532886622 0.3086308126970363 31833
1647532887884 0.30873244548981194 31834
1647532889028 0.3087325445344659 31835
1647532890115 0.3087487245051282 31836
1647532891046 0.30890738832748543 31837
1647532892243 0.30891120433807373 31838
1647532893289 0.30894989661268285 31839
1647532894406 0.3089894535770706 31840
1647532895474 0.30905205703744987 31841
1647532896582 0.30907772819535073 31842
1647532897754 0.3091137960253146 31843
1647532898855 0.3091478053249506 31844
1647532900001 0.3091926105744065 31845
1647532901064 0.30929373575371377 31846
1647532902207 0.3092455782989661 31847
1647532903263 0.30925908749194786 31848
1647532904512 0.30930270066490995 31849
1647532905742 0.3094224681209767 31850
1647532906838 0.3094518010979457 31851
1647532908245 0.30935921875898503 31852
1647532909294 0.30942732439969634 31853
1647532910743 0.3093698119999353 31854
1647532912123 0.30935895972346006 31855
1647532913133 0.3094359168963284 31856
1647532914241 0.3094791800272269 31857
1647532915223 0.30965279367083226 31858
1647532916314 0.30976156349859985 31859
1647532917539 0.30979295145434615 31860
1647532918611 0.30987341896136344 31861
1647532919670 0.30996453476145985 31862
1647532921034 0.3099308017302643 31863
1647532922522 0.30986588555757966 31864
1647532923592 0.3099574256194062 31865
1647532924655 0.31001803341512724 31866
1647532925648 0.31014792284657877 31867
1647532926798 0.31019235986634347 31868
1647532927957 0.3102849680702786 31869
1647532929094 0.31038336458213833 31870
1647532930175 0.3104704830986567 31871
1647532931265 0.31054375233650205 31872
1647532932391 0.3106195216361707 31873
1647532933584 0.3106718763495176 31874
1647532934735 0.310680787891719 31875
1647532936009 0.3106035631866637 31876
1647532937334 0.31058698064751095 31877
1647532938268 0.3107194975136577 31878
1647532939690 0.3105913601532767 31879
1647532940714 0.31063868451457455 31880
1647532941893 0.3106084768704435 31881
1647532942805 0.3106525427713169 31882
1647532944173 0.31060302131018547 31883
1647532945311 0.3106901165173978 31884
1647532946390 0.31073156615783426 31885
1647532947444 0.31082161897224997 31886
1647532948584 0.3108540537767112 31887
1647532949683 0.3108455178425204 31888
1647532951128 0.3107435100035875 31889
1647532952178 0.31086278765883824 31890
1647532953322 0.3109027764395527 31891
1647532954709 0.31082243972508483 31892
1647532955891 0.31084918918163046 31893
1647532957038 0.3108284729756012 31894
1647532958164 0.3108133610429955 31895
1647532959623 0.3107584121368699 31896
1647532960810 0.3107951412521876 31897
1647532962090 0.3107361417441141 31898
1647532963508 0.31059255562951227 31899
1647532964649 0.31067392501586427 31900
1647532965646 0.31080543094909885 31901
1647532966839 0.31079718836846243 31902
1647532968275 0.31065501227248005 31903
1647532969264 0.3108394936611663 31904
1647532970337 0.3109486097622787 31905
1647532971501 0.3109928009994837 31906
1647532972671 0.31098301207477397 31907
1647532973796 0.3109165714566177 31908
1647532974916 0.31087600095394513 31909
1647532976320 0.310781452765472 31910
1647532977450 0.31087216295032616 31911
1647532978596 0.3108885791964997 31912
1647532979546 0.3110211017253521 31913
1647532980503 0.31111820692243963 31914
1647532981602 0.31121008856567794 31915
1647532982551 0.31137674338614457 31916
1647532983688 0.3114048945814816 31917
1647532984765 0.31141896761298715 31918
1647532986258 0.3113151539471887 31919
1647532987544 0.3112566506526091 31920
1647532988633 0.31121847113091444 31921
1647532989880 0.3111829975799278 31922
1647532990984 0.3112525638832143 31923
1647532991944 0.3113530673075638 31924
1647532993101 0.31129953234420765 31925
1647532994141 0.3114058046611314 31926
1647532995617 0.3114364510511651 31927
1647532996785 0.31160634576661644 31928
1647532997843 0.311825608359404 31929
1647532999298 0.31186016359929636 31930
1647533000353 0.31199855753901407 31931
1647533001656 0.31201234590398136 31932
1647533002709 0.3121816617146178 31933
1647533003778 0.3123623573016565 31934
1647533004988 0.3122357867744773 31935
1647533006103 0.31224106743131563 31936
1647533007309 0.31220353664695355 31937
1647533008767 0.3121145652275527 31938
1647533009734 0.31218306276667324 31939
1647533010766 0.31227163994123064 31940
1647533011749 0.3123055433247893 31941
1647533012946 0.3123326807570972 31942
1647533014031 0.3123602944629631 31943
1647533014970 0.3124354349574879 31944
1647533016061 0.3124103514120025 31945
1647533017172 0.3124215236208128 31946
1647533018017 0.3125384622386524 31947
1647533018923 0.3126291636053404 31948
1647533019885 0.312682809695559 31949
1647533020929 0.3127826529834552 31950
1647533021980 0.312756774735383 31951
1647533022948 0.31276661504244974 31952
1647533024039 0.31271736184530824 31953
1647533025217 0.31270518747212356 31954
1647533026290 0.3127894694101339 31955
1647533027183 0.3128401445821243 31956
1647533028159 0.3129074607096927 31957
1647533029124 0.31294265385250836 31958
1647533030087 0.3130455590951978 31959
1647533031113 0.31302828160944024 31960
1647533032112 0.3130783128137348 31961
1647533033096 0.3131214143512966 31962
1647533034187 0.3130479998595222 31963
1647533035419 0.31298009799780374 31964
1647533036818 0.3128414783927724 31965
1647533037802 0.3128592858352648 31966
1647533038833 0.31286431404037607 31967
1647533040021 0.31287097908174116 31968
1647533041051 0.3128864294810639 31969
1647533041947 0.3129190285876909 31970
1647533042876 0.31299156454798266 31971
1647533043776 0.3131758178308092 31972
1647533044715 0.31321402351800404 31973
1647533045607 0.3132552870407065 31974
1647533046770 0.31319311103568626 31975
1647533047612 0.31329939785235866 31976
1647533048547 0.31334572563024415 31977
1647533049614 0.31333144123267215 31978
1647533050977 0.31324527093051563 31979
1647533052145 0.3131784194366343 31980
1647533053164 0.3132005574876996 31981
1647533054212 0.31317130540098465 31982
1647533055132 0.31325406919273996 31983
1647533056247 0.31322364658723856 31984
1647533057484 0.31312517236241805 31985
1647533058890 0.31301583014983125 31986
1647533060031 0.3129436303836268 31987
1647533061064 0.31293028052117017 31988
1647533062077 0.3129677266645624 31989
1647533063286 0.31288589858030086 31990
1647533064213 0.3128531341871587 31991
1647533065463 0.31279510317632814 31992
1647533066535 0.3128069854333957 31993
1647533067621 0.3128383561988751 31994
1647533068780 0.3128410370392914 31995
1647533069851 0.3128049186417194 31996
1647533070770 0.312824301024278 31997
1647533071630 0.3128839241323395 31998
1647533072840 0.312827229559263 31999
1647533074250 0.31273774131835697 32000
1647533075160 0.3127508575704433 32001
1647533076174 0.3127095590758797 32002
1647533077281 0.31264528324679725 32003
1647533078247 0.3126966445811359 32004
1647533079152 0.3126935726498551 32005
1647533080207 0.3127214883077443 32006
1647533081285 0.3126440963854915 32007
1647533082334 0.3126378142019139 32008
1647533083163 0.3126211494129161 32009
1647533084110 0.3126487603428167 32010
1647533085006 0.3126772241520632 32011
1647533085998 0.31267683965707915 32012
1647533087037 0.31267381928297 32013
1647533088015 0.31267657025074863 32014
1647533088851 0.31275512479866546 32015
1647533090074 0.3126852505771329 32016
1647533091047 0.3126914292960972 32017
1647533092031 0.31270404664458934 32018
1647533093040 0.31269390796132657 32019
1647533094040 0.3126771045610174 32020
1647533094964 0.31270444362354527 32021
1647533096046 0.31260631480524614 32022
1647533097088 0.31256535349740194 32023
1647533098104 0.3125670041356768 32024
1647533099011 0.31266054480425187 32025
1647533099936 0.3127659749770501 32026
1647533101383 0.3126353158209568 32027
1647533102268 0.312683660093404 32028
1647533103235 0.3126865361085938 32029
1647533104436 0.31258187877873045 32030
1647533105408 0.3126166164114767 32031
1647533106361 0.31265953999416085 32032
1647533107781 0.31253068029653025 32033
1647533108655 0.31257786458829157 32034
1647533109563 0.31263344933463233 32035
1647533110511 0.31262170378926135 32036
1647533111423 0.31265389121408704 32037
1647533112345 0.31266012341349225 32038
1647533113263 0.31266868274395515 32039
1647533114200 0.3127173889066653 32040
1647533115095 0.31285775948306477 32041
1647533116028 0.31296281269136467 32042
1647533116883 0.31306689646300956 32043
1647533117905 0.31306399008635444 32044
1647533118790 0.313010001074252 32045
1647533119859 0.31296331863454047 32046
1647533120901 0.3130275702290237 32047
1647533121979 0.3130560615722011 32048
1647533122863 0.31310983468543857 32049
1647533123903 0.31317210856217376 32050
1647533125014 0.31321778053890414 32051
1647533126160 0.3131594297493467 32052
1647533127177 0.313234178862412 32053
1647533128627 0.31315204030297505 32054
1647533129831 0.31315081701199016 32055
1647533130697 0.3131453122837729 32056
1647533131647 0.3131841505567233 32057
1647533132737 0.31315873166415314 32058
1647533133625 0.31318849723400743 32059
1647533134609 0.3132352973225665 32060
1647533135620 0.3132836739429678 32061
1647533136647 0.3132677279915546 32062
1647533137721 0.31324029478299265 32063
1647533138854 0.3132808874366917 32064
1647533140258 0.3131671768492475 32065
1647533141363 0.31313130243138954 32066
1647533142446 0.31310463607674693 32067
1647533143414 0.31309195603363116 32068
1647533144493 0.31311184369081996 32069
1647533145645 0.313069092419863 32070
1647533146631 0.31310626631150545 32071
1647533147576 0.313156735626134 32072
1647533148796 0.3130439269665367 32073
1647533149948 0.3130321368448968 32074
1647533151150 0.3129778445882786 32075
1647533152135 0.31305474641455383 32076
1647533153232 0.3129687476768551 32077
1647533154316 0.31292574595386513 32078
1647533155263 0.31294884502242964 32079
1647533156418 0.3129206374734819 32080
1647533157516 0.3129205119659861 32081
1647533158616 0.31292156432560103 32082
1647533159518 0.3129046531349563 32083
1647533160566 0.31291013231485404 32084
1647533161527 0.3128775263778634 32085
1647533162504 0.3128337918539866 32086
1647533163484 0.31284245814950695 32087
1647533164582 0.3128168920097113 32088
1647533165642 0.3128095790743828 32089
1647533166736 0.3127747157042844 32090
1647533167921 0.3127506977185536 32091
1647533168814 0.31278845295750884 32092
1647533169879 0.3128447591659589 32093
1647533170748 0.3128442825681344 32094
1647533171597 0.3128364099330216 32095
1647533172648 0.31283216192458346 32096
1647533173693 0.31279002303586284 32097
1647533174642 0.312827393902875 32098
1647533175599 0.3127826568911053 32099
1647533176535 0.3128121057645377 32100
1647533177454 0.312862042468521 32101
1647533178492 0.31288633167046553 32102
1647533179419 0.31287517713678775 32103
1647533180388 0.3129236255984323 32104
1647533181311 0.3129851622355012 32105
1647533182338 0.3129725002264116 32106
1647533183727 0.3128927753588488 32107
1647533184897 0.31281629585499826 32108
1647533185837 0.3128296680696602 32109
1647533186779 0.3128548944811418 32110
1647533187872 0.3128827597807955 32111
1647533188981 0.3129692044561309 32112
1647533190150 0.31294577047400884 32113
1647533191298 0.3128920739222288 32114
1647533192251 0.3129375106590684 32115
1647533193393 0.31287309657718015 32116
1647533194507 0.31287027552895164 32117
1647533195507 0.3128906622546138 32118
1647533196443 0.31289556478961894 32119
1647533197624 0.3128627262506015 32120
1647533198600 0.3128619357363856 32121
1647533199665 0.31286829791750226 32122
1647533200961 0.31276872447908743 32123
1647533202081 0.3126551097889719 32124
1647533203339 0.31261052939709877 32125
1647533204610 0.3125446271130114 32126
1647533205543 0.31259179157628253 32127
1647533206560 0.31258805796385625 32128
1647533207569 0.3126033456180912 32129
1647533208650 0.3125582243382323 32130
1647533209674 0.31259307233254296 32131
1647533210720 0.31257342768591 32132
1647533211813 0.31259809876739575 32133
1647533212880 0.3126137394882243 32134
1647533213969 0.31254466943577064 32135
1647533214917 0.3125510016797766 32136
1647533215976 0.31259558259436254 32137
1647533216995 0.3126461931852379 32138
1647533218119 0.3126647620557937 32139
1647533219259 0.31269590166154393 32140
1647533220261 0.3127603926081252 32141
1647533221407 0.31275120039558946 32142
1647533222479 0.3127165526717103 32143
1647533223535 0.3127319800979982 32144
1647533224642 0.3127369381703088 32145
1647533225519 0.31281306035195094 32146
1647533226473 0.3128060059249401 32147
1647533227632 0.31278226522110675 32148
1647533228749 0.31275436458923334 32149
1647533230003 0.3127043993931144 32150
1647533230955 0.31272970161408975 32151
1647533232173 0.312666256832813 32152
1647533233417 0.31257854319829287 32153
1647533234401 0.3126139613207278 32154
1647533235449 0.31264786848937887 32155
1647533236396 0.3126163797410014 32156
1647533237624 0.312584942644769 32157
1647533238580 0.3126571073097664 32158
1647533239463 0.31268242475364294 32159
1647533240356 0.3126789994072679 32160
1647533241290 0.31270207184279253 32161
1647533242233 0.3126951527400095 32162
1647533243385 0.3126449384543573 32163
1647533244356 0.3126710373156723 32164
1647533245294 0.3127336839055703 32165
1647533246219 0.3128005449738155 32166
1647533247559 0.31275395553397095 32167
1647533248452 0.3127323855341581 32168
1647533249533 0.3127202064186787 32169
1647533250978 0.3126256907457649 32170
1647533252085 0.3126250534959428 32171
1647533253219 0.31264762783372724 32172
1647533254240 0.31264404703100607 32173
1647533255071 0.31269422056155427 32174
1647533256178 0.3126805331718562 32175
1647533257340 0.3126317248373935 32176
1647533258458 0.312562190877494 32177
1647533259555 0.3125817416241807 32178
1647533261034 0.31251892546599513 32179
1647533261989 0.3125727528672254 32180
1647533263307 0.312536344315051 32181
1647533264312 0.31252345085781524 32182
1647533265595 0.3124530552448625 32183
1647533266850 0.31237693561942753 32184
1647533267858 0.3123578894684818 32185
1647533268854 0.31236921814176094 32186
1647533270156 0.31225915440219515 32187
1647533271209 0.31232479974770017 32188
1647533272273 0.31228996028692607 32189
1647533273100 0.3123407459018845 32190
1647533273990 0.3123965613480847 32191
1647533274955 0.31237723470995665 32192
1647533276003 0.31233643827050234 32193
1647533277019 0.31235250953384286 32194
1647533278184 0.31230016775775055 32195
1647533279254 0.3122946918952829 32196
1647533280309 0.312278080519877 32197
1647533281330 0.312257618714833 32198
1647533282270 0.31225890885381136 32199
1647533283500 0.3122154238466701 32200
1647533284383 0.3122731043607684 32201
1647533285439 0.31228192654579723 32202
1647533286333 0.31227607476412 32203
1647533287336 0.312313444188396 32204
1647533288575 0.31227986555009896 32205
1647533289656 0.31227605295007244 32206
1647533290666 0.3122823148034513 32207
1647533291758 0.3122621841969029 32208
1647533292653 0.312304718826516 32209
1647533293762 0.31232428238151727 32210
1647533294794 0.3124134100015233 32211
1647533295706 0.3124702578999218 32212
1647533297126 0.3123700413428725 32213
1647533298299 0.31236330890544567 32214
1647533299313 0.31240236163447216 32215
1647533300215 0.3124878615509984 32216
1647533301451 0.31242827630227377 32217
1647533302302 0.31248722298322085 32218
1647533303277 0.31249098110284823 32219
1647533304242 0.31255311161310306 32220
1647533305267 0.3125469982165086 32221
1647533306340 0.31255516717067133 32222
1647533307293 0.3126100100973835 32223
1647533308285 0.3126332970791732 32224
1647533309402 0.3126129802232627 32225
1647533310343 0.3126695685933389 32226
1647533311350 0.31265313763703617 32227
1647533312439 0.3126410257895301 32228
1647533313557 0.31259095900959494 32229
1647533314464 0.3126152261621712 32230
1647533315382 0.3126032718161984 32231
1647533316489 0.3125805435598199 32232
1647533317382 0.3126191807113603 32233
1647533318575 0.3126187139580436 32234
1647533319944 0.3125416204212648 32235
1647533321010 0.3125275796235994 32236
1647533322029 0.3124810911489255 32237
1647533323222 0.31246715928423174 32238
1647533324450 0.3124301831928953 32239
1647533325570 0.31239559910328607 32240
1647533326606 0.31245927764496334 32241
1647533327787 0.31248595004704727 32242
1647533329004 0.3124619605371272 32243
1647533330046 0.3124651542099692 32244
1647533331030 0.31254893896694413 32245
1647533332537 0.31266437982534384 32246
1647533334058 0.31272564989328383 32247
1647533335663 0.3127851648168726 32248
1647533336980 0.3129210252604799 32249
1647533338199 0.3131039470642181 32250
1647533339725 0.3132063934349444 32251
1647533340851 0.3133457412767173 32252
1647533342051 0.3134785198549153 32253
1647533343378 0.31348344763554076 32254
1647533344398 0.313619528704929 32255
1647533345678 0.3136465870235318 32256
1647533347088 0.3136082485760793 32257
1647533348123 0.3137329983369297 32258
1647533349217 0.3137807165209955 32259
1647533350437 0.31385522874886757 32260
1647533351547 0.3139090299077288 32261
1647533352597 0.31401366761752536 32262
1647533353937 0.31396215966367347 32263
1647533355093 0.314011086199722 32264
1647533356105 0.31404763758768034 32265
1647533357260 0.31403458331939166 32266
1647533358483 0.31407969263838786 32267
1647533359435 0.31415419080582 32268
1647533360522 0.31419563442177034 32269
1647533361583 0.3142431035477628 32270
1647533362687 0.314256300276611 32271
1647533363652 0.31430919120951395 32272
1647533364578 0.3143556623430977 32273
1647533365521 0.3143827316243321 32274
1647533366718 0.3143247650639092 32275
1647533367938 0.31425436300137766 32276
1647533368913 0.3142778628080794 32277
1647533370114 0.31426078540740027 32278
1647533371186 0.3142685211559599 32279
1647533372285 0.3142620686582305 32280
1647533373362 0.3142505860824419 32281
1647533374384 0.3142404259690916 32282
1647533375356 0.3141926127741236 32283
1647533376402 0.3142245341749752 32284
1647533377608 0.31413695161627436 32285
1647533378732 0.3141017284556234 32286
1647533379772 0.3140940191080937 32287
1647533380882 0.31407843030609844 32288
1647533381789 0.3140606472622639 32289
1647533382650 0.31407353236256946 32290
1647533383842 0.31402457565411757 32291
1647533384780 0.31399788822283586 32292
1647533386243 0.31387116888228156 32293
1647533387359 0.31384422528311084 32294
1647533388559 0.313767378538392 32295
1647533389732 0.31370271149990786 32296
1647533390736 0.31373371723152343 32297
1647533392076 0.3136862803651082 32298
1647533393250 0.31366501439773536 32299
1647533394172 0.3136300251581277 32300
1647533395278 0.31359000173194135 32301
1647533396182 0.31357836034060654 32302
1647533397291 0.3135499269278212 32303
1647533398769 0.31345506847017535 32304
1647533399639 0.3134741090054999 32305
1647533401055 0.3133787706114415 32306
1647533401944 0.3133430740743313 32307
1647533403040 0.31328360911925707 32308
1647533404022 0.3132317519120577 32309
1647533404916 0.3131613329066943 32310
1647533405734 0.31315580240093677 32311
1647533406692 0.31307669897594365 32312
1647533407662 0.3130551680894551 32313
1647533408873 0.31301254279834706 32314
1647533409783 0.31303910230206194 32315
1647533410952 0.31295275540414313 32316
1647533411965 0.3128906085390911 32317
1647533412858 0.3129172102799491 32318
1647533414010 0.3128185272216797 32319
1647533415019 0.3128287315313103 32320
1647533416159 0.3128133271881544 32321
1647533417183 0.3127581171102302 32322
1647533418067 0.3127408020447621 32323
1647533418911 0.31274126792463197 32324
1647533419971 0.3127430331839701 32325
1647533420967 0.31274597165869605 32326
1647533421930 0.3127375988220727 32327
1647533422997 0.3127174132075385 32328
1647533424078 0.3126668680507462 32329
1647533425099 0.31266156485646496 32330
1647533426105 0.31264085894471166 32331
1647533427182 0.31260060618549995 32332
1647533428052 0.31259202523565205 32333
1647533429187 0.3125556872158612 32334
1647533430386 0.3125226682271151 32335
1647533431522 0.31247423790374734 32336
1647533432406 0.31250118924937115 32337
1647533433314 0.31249498143641913 32338
1647533434482 0.3124334084709267 32339
1647533435478 0.31240252367913557 32340
1647533436685 0.312344838512663 32341
1647533437736 0.31226139976281553 32342
1647533438880 0.31227013970432926 32343
1647533439853 0.3122632514512202 32344
1647533440911 0.31231937389176184 32345
1647533442034 0.3123447850712654 32346
1647533443140 0.31242678757418285 32347
1647533444311 0.3124809235767491 32348
1647533445363 0.3126212684217901 32349
1647533446285 0.3127617694552336 32350
1647533447429 0.3128112295534516 32351
1647533448250 0.31288944980407735 32352
1647533449434 0.3128706196467872 32353
1647533450546 0.3128989438081283 32354
1647533451398 0.3129755061536705 32355
1647533452380 0.313115559699731 32356
1647533453457 0.31314911599363293 32357
1647533454840 0.3131387837425639 32358
1647533455835 0.31320688928470763 32359
1647533456820 0.31323913782701124 32360
1647533457969 0.31324215491487906 32361
1647533459376 0.31322869323026975 32362
1647533460539 0.3132344390996682 32363
1647533461988 0.3131931547539087 32364
1647533463095 0.3132176619816125 32365
1647533464364 0.31319418321825543 32366
1647533465453 0.31322415012067983 32367
1647533466385 0.31333770705960245 32368
1647533467268 0.31341764797023275 32369
1647533468159 0.3135499524703964 32370
1647533469177 0.31360344187061556 32371
1647533470318 0.31361797143353354 32372
1647533471735 0.31355275485009537 32373
1647533472757 0.31361655507504466 32374
1647533473825 0.3136420464869721 32375
1647533474914 0.31368037338960053 32376
1647533476044 0.31372360142722594 32377
1647533477281 0.31371574209233916 32378
1647533478257 0.31385816948310646 32379
1647533479453 0.3139286955714962 32380
1647533480513 0.3140179633016729 32381
1647533481753 0.31408572193021816 32382
1647533482730 0.31418548407636476 32383
1647533483709 0.3143042147867283 32384
1647533484786 0.31443356890198637 32385
1647533485860 0.3144838680579434 32386
1647533486949 0.3145965629371635 32387
1647533487984 0.31464716900502454 32388
1647533488953 0.3147386562620696 32389
1647533490332 0.31473650770915357 32390
1647533491745 0.31474093075555104 32391
1647533492976 0.31473701574136076 32392
1647533494016 0.3147598930080316 32393
1647533495016 0.31484876991409577 32394
1647533495971 0.31495414512030756 32395
1647533497030 0.3150780277603911 32396
1647533498159 0.31511665208184203 32397
1647533499441 0.3150623481782181 32398
1647533500615 0.3150212205817095 32399
1647533501941 0.3150141068442635 32400
1647533503191 0.3150332422484765 32401
1647533504223 0.31502069081320905 32402
1647533505665 0.314993071682416 32403
1647533506961 0.3149716975803301 32404
1647533508105 0.31501442506677746 32405
1647533509220 0.31507002899778414 32406
1647533510476 0.31504163722796685 32407
1647533511583 0.31504688053219404 32408
1647533512621 0.31507637636437885 32409
1647533513794 0.31509887860801233 32410
1647533514813 0.31520418688347657 32411
1647533515927 0.315182412757894 32412
1647533517207 0.3151240518019498 32413
1647533518287 0.31514942643472854 32414
1647533519443 0.3151869845818983 32415
1647533520501 0.31523078736124943 32416
1647533521626 0.3153086045358935 32417
1647533522614 0.3153869121834114 32418
1647533523627 0.31544623394264704 32419
1647533524805 0.3154776267586665 32420
1647533525884 0.3154809061418806 32421
1647533527057 0.3155063647412239 32422
1647533527876 0.31566599416894975 32423
1647533528925 0.3157383237942458 32424
1647533530296 0.31568879104126085 32425
1647533531339 0.3157565845737425 32426
1647533532359 0.31579345990035496 32427
1647533533636 0.3157905727044492 32428
1647533534718 0.31581121695727465 32429
1647533535717 0.31583928714237874 32430
1647533536799 0.31582092881404067 32431
1647533538268 0.31576919193509256 32432
1647533539251 0.31582839271873486 32433
1647533540376 0.3158323511970877 32434
1647533541809 0.31576182980479217 32435
1647533542866 0.3158137545277834 32436
1647533544037 0.31578996142669885 32437
1647533545143 0.31575490196495876 32438
1647533546268 0.3157906740678837 32439
1647533547245 0.3158347806381959 32440
1647533548326 0.3158467747832662 32441
1647533549310 0.3158206819116321 32442
1647533550416 0.3158101330707504 32443
1647533551570 0.315786594498526 32444
1647533552523 0.3158611955621804 32445
1647533553477 0.31591815965636955 32446
1647533554700 0.31589431773871185 32447
1647533555735 0.31594124668394896 32448
1647533556919 0.31588981776636177 32449
1647533557946 0.31590284367501487 32450
1647533558841 0.3159821816778856 32451
1647533559774 0.316025881042619 32452
1647533560699 0.31601057535232 32453
1647533561782 0.31600978752010206 32454
1647533562874 0.3159910612770461 32455
1647533563883 0.31601894206257275 32456
1647533564904 0.3160420108555762 32457
1647533565808 0.316073451661847 32458
1647533566866 0.3161135568550908 32459
1647533567901 0.31613467361007164 32460
1647533568874 0.316209939144294 32461
1647533570029 0.3162060961924463 32462
1647533570874 0.31624137623676735 32463
1647533572070 0.3162376025634999 32464
1647533573114 0.3162755472539681 32465
1647533574284 0.31624630955372607 32466
1647533575416 0.31623536342235864 32467
1647533576474 0.3162095677427929 32468
1647533577596 0.3162130349469653 32469
1647533578579 0.3162429349181697 32470
1647533579574 0.31625729167432176 32471
1647533580656 0.316232268627809 32472
1647533581694 0.3162859499235721 32473
1647533582808 0.3162854953495195 32474
1647533583932 0.3162526979629885 32475
1647533585054 0.31624037195891264 32476
1647533586205 0.31623772975148223 32477
1647533587139 0.3162657383081876 32478
1647533588165 0.31626291966138337 32479
1647533589297 0.31624564285550966 32480
1647533590341 0.3162514654922524 32481
1647533591368 0.31626116957983025 32482
1647533592879 0.31619250737010085 32483
1647533594001 0.31619586399850486 32484
1647533594967 0.3162184782891936 32485
1647533596221 0.3161839593481498 32486
1647533597290 0.3161686285969711 32487
1647533598291 0.316211055390879 32488
1647533599606 0.31616752385949165 32489
1647533601003 0.3160949802192487 32490
1647533602304 0.31603538722901864 32491
1647533603453 0.31603780358910083 32492
1647533604405 0.3160955153321952 32493
1647533605682 0.31607334079174587 32494
1647533606700 0.3160667282720216 32495
1647533607733 0.316110308321597 32496
1647533608706 0.31617803741693495 32497
1647533609715 0.3162071263785366 32498
1647533610697 0.3163155668293135 32499
1647533612163 0.316233405271056 32500
1647533613420 0.3162785709688538 32501
1647533614551 0.31633953548285115 32502
1647533615580 0.3164309197384271 32503
1647533617093 0.3163809693917075 32504
1647533618272 0.31641325630567413 32505
1647533619578 0.31639832515059435 32506
1647533620842 0.31645310103656754 32507
1647533621873 0.31654955408905916 32508
1647533623340 0.3165360152272717 32509
1647533624625 0.3165382022128064 32510
1647533626177 0.3164953264891158 32511
1647533627737 0.3164383481378141 32512
1647533629198 0.31643525775857445 32513
1647533630360 0.31651216773602936 32514
1647533631479 0.3165188863027359 32515
1647533633043 0.31645472697661187 32516
1647533634161 0.3165334983017501 32517
1647533635361 0.31655662762987435 32518
1647533636822 0.3165093398529966 32519
1647533638184 0.31652891011989126 32520
1647533639299 0.31662100772234486 32521
1647533640369 0.31668478740196604 32522
1647533641524 0.31674124383393876 32523
1647533642744 0.31675758664973935 32524
1647533644095 0.31671984588176433 32525
1647533645498 0.31670102105418435 32526
1647533646801 0.31671227923361583 32527
1647533647943 0.3167269971457242 32528
1647533649144 0.3167667738663239 32529
1647533650340 0.316770391464698 32530
1647533651949 0.31672333787859785 32531
1647533653124 0.31671581735638793 32532
1647533654361 0.3166798094684377 32533
1647533655527 0.3166702920578206 32534
1647533656644 0.3166972583287066 32535
1647533657758 0.3167341783284401 32536
1647533659066 0.31670297743507136 32537
1647533660221 0.31670629189838095 32538
1647533661382 0.31675099997836 32539
1647533662840 0.3166812506878182 32540
1647533664119 0.31662857714447395 32541
1647533665309 0.3166728571114853 32542
1647533666418 0.31672461618335895 32543
1647533667560 0.3167722182909893 32544
1647533668833 0.31676661421778757 32545
1647533669926 0.3167945600363546 32546
1647533671188 0.3168053503219898 32547
1647533672293 0.31687529972660644 32548
1647533672502 0.3167023365650492 32549
